task_step,task_completion_percentage,previous_actions,choices,correct_choice,correct_action,predicted_action,predicted_token
0,0.0,[],"['line it up with the hole', 'Take out sewing kit']",Take out sewing kit,1,0, A
1,19.230769230769237,['Take out sewing kit'],"['Select thread', 'Cut excess thread']",Select thread,0,0, A
2,23.07692307692308,"['Take out sewing kit', 'Select thread']","['Ending again in the back of the garment cut off the thread.', 'Find replacement button.']",Find replacement button.,1,0, A
3,30.76923076923077,"['Take out sewing kit', 'Select thread', 'Find replacement button.']","['Secure the button with a knot', 'Find the location where button needs to be sewn.']",Find the location where button needs to be sewn.,1,0, A
4,53.84615384615385,"['Take out sewing kit', 'Select thread', 'Find replacement button.', 'Find the location where button needs to be sewn.']","['Insert the needle into the button hole', 'Take button.']",Insert the needle into the button hole,0,0, A
0,0.0,[],"['Get sewing kit', 'Sew button onto fabric through the first hole']",Get sewing kit,0,0, A
1,34.61538461538461,['Get sewing kit'],"['make sure button is secure', 'thread needle']",thread needle,1,0, A
2,53.84615384615385,"['Get sewing kit', 'thread needle']","['Select needle', 'With other hand, push needle through button hole']","With other hand, push needle through button hole",1,0, A
0,0.0,[],"['Drive to fabric store', 'Sew through holes or shank in button.']",Drive to fabric store,0,0, A
1,19.230769230769237,['Drive to fabric store'],"['use needle and thread to sew button onto shirt', 'Get thread']",Get thread,1,0, A
2,34.61538461538461,"['Drive to fabric store', 'Get thread']","['thread the needle', 'Repeat step 8 until button is sewn on']",thread the needle,0,0, A
3,50.0,"['Drive to fabric store', 'Get thread', 'thread the needle']","['Find needle', 'Push needle through the button hole into the fabric']",Push needle through the button hole into the fabric,1,0, A
4,61.53846153846154,"['Drive to fabric store', 'Get thread', 'thread the needle', 'Push needle through the button hole into the fabric']","['Insert needle through one side of button', 'Get needle and thread']",Insert needle through one side of button,0,0, A
5,76.92307692307693,"['Drive to fabric store', 'Get thread', 'thread the needle', 'Push needle through the button hole into the fabric', 'Insert needle through one side of button']","['Repeat 5 times with other two button holes', 'Put button in the right area']",Repeat 5 times with other two button holes,0,0, A
6,84.61538461538461,"['Drive to fabric store', 'Get thread', 'thread the needle', 'Push needle through the button hole into the fabric', 'Insert needle through one side of button', 'Repeat 5 times with other two button holes']","['Cut loose ends.', 'Find some thread and needle']",Cut loose ends.,0,0, A
7,88.46153846153845,"['Drive to fabric store', 'Get thread', 'thread the needle', 'Push needle through the button hole into the fabric', 'Insert needle through one side of button', 'Repeat 5 times with other two button holes', 'Cut loose ends.']","['Get the sewing kit.', 'put back all the materials']",put back all the materials,1,0, A
0,0.0,[],"['Drive to fabric store', 'Put needle through one hole']",Drive to fabric store,0,0, A
1,19.230769230769237,['Drive to fabric store'],"['Choose thread to sew button on with.', 'Put needle through button and clothing.']",Choose thread to sew button on with.,0,0, A
2,23.07692307692308,"['Drive to fabric store', 'Choose thread to sew button on with.']","['Repeat steps 4 through 6 about 30 times', 'Find an extra button']",Find an extra button,1,0, A
3,30.76923076923077,"['Drive to fabric store', 'Choose thread to sew button on with.', 'Find an extra button']","['Place button where it is to be sewed', 'tie knot on thread']",Place button where it is to be sewed,0,0, A
4,50.0,"['Drive to fabric store', 'Choose thread to sew button on with.', 'Find an extra button', 'Place button where it is to be sewed']","['Push needle through back of clothes and through hole of button', 'Cut off the extra thread']",Push needle through back of clothes and through hole of button,0,0, A
5,61.53846153846154,"['Drive to fabric store', 'Choose thread to sew button on with.', 'Find an extra button', 'Place button where it is to be sewed', 'Push needle through back of clothes and through hole of button']","['Thread one hole with the needle', 'Cut away any extra string']",Thread one hole with the needle,0,0, A
6,80.76923076923077,"['Drive to fabric store', 'Choose thread to sew button on with.', 'Find an extra button', 'Place button where it is to be sewed', 'Push needle through back of clothes and through hole of button', 'Thread one hole with the needle']","['Tie knot on thread.', 'taking the right button out']",Tie knot on thread.,0,0, A
7,84.61538461538461,"['Drive to fabric store', 'Choose thread to sew button on with.', 'Find an extra button', 'Place button where it is to be sewed', 'Push needle through back of clothes and through hole of button', 'Thread one hole with the needle', 'Tie knot on thread.']","['Get needle.', 'Use scissors to cut thread']",Use scissors to cut thread,1,0, A
8,88.46153846153845,"['Drive to fabric store', 'Choose thread to sew button on with.', 'Find an extra button', 'Place button where it is to be sewed', 'Push needle through back of clothes and through hole of button', 'Thread one hole with the needle', 'Tie knot on thread.', 'Use scissors to cut thread']","['Starting on inside of garment, push through with needle.', 'Put all the items away']",Put all the items away,1,0, A
0,0.0,[],"['Grab the fabric and button', 'Tie knot in thread']",Grab the fabric and button,0,0, A
1,26.923076923076923,['Grab the fabric and button'],"['Get the piece of apparel that needs to sew the button on.', 'Cut loose ends']",Get the piece of apparel that needs to sew the button on.,0,0, A
2,46.15384615384615,"['Grab the fabric and button', 'Get the piece of apparel that needs to sew the button on.']","['Get a thimble', 'sew button into fabric making sure stitches are secure']",sew button into fabric making sure stitches are secure,1,0, A
3,88.46153846153845,"['Grab the fabric and button', 'Get the piece of apparel that needs to sew the button on.', 'sew button into fabric making sure stitches are secure']","['Put away thread and needle', 'get some thread']",Put away thread and needle,0,0, A
4,92.3076923076923,"['Grab the fabric and button', 'Get the piece of apparel that needs to sew the button on.', 'sew button into fabric making sure stitches are secure', 'Put away thread and needle']","['Thread a needle with thread that matches shirt that needs a new button.', 'Check new button']",Check new button,1,0, A
0,0.0,[],"['repeat', 'Grab the fabric and button']",Grab the fabric and button,1,0, A
1,26.923076923076923,['Grab the fabric and button'],"['Put needle into one button hole through shirt.', 'gather garment for buttoning']",gather garment for buttoning,1,0, A
2,34.61538461538461,"['Grab the fabric and button', 'gather garment for buttoning']","['Repeat for remaining holes', 'Thread the needle']",Thread the needle,1,0, A
3,38.46153846153847,"['Grab the fabric and button', 'gather garment for buttoning', 'Thread the needle']","['knot thread', 'Repeat for remaining holes']",knot thread,0,0, A
4,61.53846153846154,"['Grab the fabric and button', 'gather garment for buttoning', 'Thread the needle', 'knot thread']","['Get the sewing kit.', 'Pass the needle through one of the button holes']",Pass the needle through one of the button holes,1,0, A
5,76.92307692307693,"['Grab the fabric and button', 'gather garment for buttoning', 'Thread the needle', 'knot thread', 'Pass the needle through one of the button holes']","['Keep sewing until the button is secure.', 'Find sewing kit.']",Keep sewing until the button is secure.,0,0, A
6,84.61538461538461,"['Grab the fabric and button', 'gather garment for buttoning', 'Thread the needle', 'knot thread', 'Pass the needle through one of the button holes', 'Keep sewing until the button is secure.']","['get a new button', 'cut remaining thread away']",cut remaining thread away,1,0, A
0,0.0,[],"['Align button', 'Drive to fabric store']",Drive to fabric store,1,0, A
1,19.230769230769237,['Drive to fabric store'],"[""Make sure it's secure"", 'Cut a length of thread more than double what you will need']",Cut a length of thread more than double what you will need,1,0, A
2,23.07692307692308,"['Drive to fabric store', 'Cut a length of thread more than double what you will need']","['Sew thread on needle through hole of button.', 'Find matching button, or old button.']","Find matching button, or old button.",1,0, A
3,26.923076923076923,"['Drive to fabric store', 'Cut a length of thread more than double what you will need', 'Find matching button, or old button.']","['Keep repeating the sewing to reinforce the strength', 'Hold shirt with non-dominant hand']",Hold shirt with non-dominant hand,1,0, A
4,34.61538461538461,"['Drive to fabric store', 'Cut a length of thread more than double what you will need', 'Find matching button, or old button.', 'Hold shirt with non-dominant hand']","['Move needle down to hole opposite first hole', 'Thread needle']",Thread needle,1,0, A
5,88.46153846153845,"['Drive to fabric store', 'Cut a length of thread more than double what you will need', 'Find matching button, or old button.', 'Hold shirt with non-dominant hand', 'Thread needle']","['Put all the items away', 'Place button on fabric and hold with thumb and index finger']",Put all the items away,0,0, A
6,92.3076923076923,"['Drive to fabric store', 'Cut a length of thread more than double what you will need', 'Find matching button, or old button.', 'Hold shirt with non-dominant hand', 'Thread needle', 'Put all the items away']","['Check new button', 'Sew the button']",Check new button,0,0, A
0,0.0,[],"['Find sewing kit.', 'Push needle under material to next hole']",Find sewing kit.,0,0, A
1,23.07692307692308,['Find sewing kit.'],"['Find a matching button', 'repeat until button is secure']",Find a matching button,0,0, A
2,30.76923076923077,"['Find sewing kit.', 'Find a matching button']","['Get sewing basket', 'Find the location where button needs to be sewn.']",Find the location where button needs to be sewn.,1,0, A
3,46.15384615384615,"['Find sewing kit.', 'Find a matching button', 'Find the location where button needs to be sewn.']","['Find sewing kit', 'Sew the button onto the garment by passing the needle through all 4 button holes.']",Sew the button onto the garment by passing the needle through all 4 button holes.,1,0, A
4,88.46153846153845,"['Find sewing kit.', 'Find a matching button', 'Find the location where button needs to be sewn.', 'Sew the button onto the garment by passing the needle through all 4 button holes.']","['Insert the needle from the bottom where the button is to be sewn', 'put items away when done']",put items away when done,1,0, A
0,0.0,[],"['get thread, needle, button to be sewn', 'thread needle']","get thread, needle, button to be sewn",0,0, A
1,7.6923076923076925,"['get thread, needle, button to be sewn']","['Find needle and thread', ""TIE A KNOT IN THE END OF THE THREAD SO THE BUTTON DOESN'T COME OFF""]",Find needle and thread,0,0, A
2,26.923076923076923,"['get thread, needle, button to be sewn', 'Find needle and thread']","['Clean up.', 'Lay down garment']",Lay down garment,1,0, A
3,34.61538461538461,"['get thread, needle, button to be sewn', 'Find needle and thread', 'Lay down garment']","['Cut excess thread', 'Thread the needle.']",Thread the needle.,1,0, A
4,88.46153846153845,"['get thread, needle, button to be sewn', 'Find needle and thread', 'Lay down garment', 'Thread the needle.']","['knot thread', 'Clean up.']",Clean up.,1,0, A
5,92.3076923076923,"['get thread, needle, button to be sewn', 'Find needle and thread', 'Lay down garment', 'Thread the needle.', 'Clean up.']","['Check if the button is tight', 'Find a piece of clothing.']",Check if the button is tight,0,0, A
0,0.0,[],"['Drive to fabric store', 'Keep sewing until the button is secure.']",Drive to fabric store,0,0, A
1,19.230769230769237,['Drive to fabric store'],"['cut thread so that need will detach', 'Get thread.']",Get thread.,1,0, A
2,23.07692307692308,"['Drive to fabric store', 'Get thread.']","['Get back the needle through the fourth button hole', 'Purchase buttons']",Purchase buttons,1,0, A
3,34.61538461538461,"['Drive to fabric store', 'Get thread.', 'Purchase buttons']","['Thread needle.', 'Cut thread']",Thread needle.,0,0, A
4,53.84615384615385,"['Drive to fabric store', 'Get thread.', 'Purchase buttons', 'Thread needle.']","['Find a needle and thread', 'Use the needle to guide the thread']",Use the needle to guide the thread,1,0, A
5,84.61538461538461,"['Drive to fabric store', 'Get thread.', 'Purchase buttons', 'Thread needle.', 'Use the needle to guide the thread']","['Cut away any extra string', 'grab a needle and string']",Cut away any extra string,0,0, A
6,88.46153846153845,"['Drive to fabric store', 'Get thread.', 'Purchase buttons', 'Thread needle.', 'Use the needle to guide the thread', 'Cut away any extra string']","['Tie a knot in the thread', 'Put the needle and thread away']",Put the needle and thread away,1,0, A
7,92.3076923076923,"['Drive to fabric store', 'Get thread.', 'Purchase buttons', 'Thread needle.', 'Use the needle to guide the thread', 'Cut away any extra string', 'Put the needle and thread away']","['Check if the button is tight', 'Find a suitable button']",Check if the button is tight,0,0, A
0,0.0,[],"['Get scissors, needle, button and thread', 'threading a needle with thread']","Get scissors, needle, button and thread",0,0, A
1,26.923076923076923,"['Get scissors, needle, button and thread']","['Get a piece of clothing.', 'Insert needle through first side of button (step 3)']",Get a piece of clothing.,0,0, A
2,34.61538461538461,"['Get scissors, needle, button and thread', 'Get a piece of clothing.']","['Tie off the end of the thread', 'Put thread through needle hole']",Put thread through needle hole,1,0, A
3,50.0,"['Get scissors, needle, button and thread', 'Get a piece of clothing.', 'Put thread through needle hole']","['Put the needle and thread away', 'Put needle through one hole']",Put needle through one hole,1,0, A
4,53.84615384615385,"['Get scissors, needle, button and thread', 'Get a piece of clothing.', 'Put thread through needle hole', 'Put needle through one hole']","['Take a needle and required thread', 'Pull the needle through a hole in the button, then back into the fabric']","Pull the needle through a hole in the button, then back into the fabric",1,0, A
5,84.61538461538461,"['Get scissors, needle, button and thread', 'Get a piece of clothing.', 'Put thread through needle hole', 'Put needle through one hole', 'Pull the needle through a hole in the button, then back into the fabric']","['cut the thread', 'Select a button']",cut the thread,0,0, A
0,0.0,[],"['Get out needle, thread, button, and clothing item.', 'slide thread through hole']","Get out needle, thread, button, and clothing item.",0,0, A
1,7.6923076923076925,"['Get out needle, thread, button, and clothing item.']","['Tie off the end of the thread', 'Find needle and thread']",Find needle and thread,1,0, A
2,34.61538461538461,"['Get out needle, thread, button, and clothing item.', 'Find needle and thread']","['Cut off any loose threads with a scissors.', 'Thread needle']",Thread needle,1,0, A
3,42.30769230769231,"['Get out needle, thread, button, and clothing item.', 'Find needle and thread', 'Thread needle']","['Find a needle and thread', 'Cut away old strings']",Cut away old strings,1,0, A
4,46.15384615384615,"['Get out needle, thread, button, and clothing item.', 'Find needle and thread', 'Thread needle', 'Cut away old strings']","['get thread', 'Push the needle through one button hole and back out another hole']",Push the needle through one button hole and back out another hole,1,0, A
5,53.84615384615385,"['Get out needle, thread, button, and clothing item.', 'Find needle and thread', 'Thread needle', 'Cut away old strings', 'Push the needle through one button hole and back out another hole']","['Place needle through button eyelets.', 'Find button that matches lost button.']",Place needle through button eyelets.,0,0, A
6,84.61538461538461,"['Get out needle, thread, button, and clothing item.', 'Find needle and thread', 'Thread needle', 'Cut away old strings', 'Push the needle through one button hole and back out another hole', 'Place needle through button eyelets.']","['cut loose thread', 'find button']",cut loose thread,0,0, A
0,0.0,[],"['Cut thread close to knot.', 'Get out sewing kit.']",Get out sewing kit.,1,0, A
1,19.230769230769237,['Get out sewing kit.'],"['Insert needle through other side of button on back side', 'getting out thread']",getting out thread,1,0, A
2,30.76923076923077,"['Get out sewing kit.', 'getting out thread']","['Put needle in other button hole.', 'place botton where you want it']",place botton where you want it,1,0, A
3,34.61538461538461,"['Get out sewing kit.', 'getting out thread', 'place botton where you want it']","['Thread the needle', 'Continue until the button is on tight']",Thread the needle,0,0, A
4,50.0,"['Get out sewing kit.', 'getting out thread', 'place botton where you want it', 'Thread the needle']","['Get thread', 'Push needle through the button hole into the fabric']",Push needle through the button hole into the fabric,1,0, A
5,76.92307692307693,"['Get out sewing kit.', 'getting out thread', 'place botton where you want it', 'Thread the needle', 'Push needle through the button hole into the fabric']","['Thread a needle', 'Repeat for all holes to reinforce']",Repeat for all holes to reinforce,1,0, A
6,84.61538461538461,"['Get out sewing kit.', 'getting out thread', 'place botton where you want it', 'Thread the needle', 'Push needle through the button hole into the fabric', 'Repeat for all holes to reinforce']","['Place button where it belongs on garment', 'Snip excess thread off']",Snip excess thread off,1,0, A
0,0.0,[],"['Grab the fabric and button', 'Use needle and thread to sew button']",Grab the fabric and button,0,0, A
1,26.923076923076923,['Grab the fabric and button'],"['Take out sewing kit.', 'Get the garment']",Get the garment,1,0, A
2,50.0,"['Grab the fabric and button', 'Get the garment']","['Put needle through button and shirt', 'Snip excess thread off']",Put needle through button and shirt,0,0, A
3,61.53846153846154,"['Grab the fabric and button', 'Get the garment', 'Put needle through button and shirt']","['Push needle through first hole', 'Grab a needle and thread']",Push needle through first hole,0,0, A
4,80.76923076923077,"['Grab the fabric and button', 'Get the garment', 'Put needle through button and shirt', 'Push needle through first hole']","['make sure button is secure', 'thread the needle']",make sure button is secure,0,0, A
5,84.61538461538461,"['Grab the fabric and button', 'Get the garment', 'Put needle through button and shirt', 'Push needle through first hole', 'make sure button is secure']","['Find button that matches lost button.', 'Cut the needle off of the thread.']",Cut the needle off of the thread.,1,0, A
6,88.46153846153845,"['Grab the fabric and button', 'Get the garment', 'Put needle through button and shirt', 'Push needle through first hole', 'make sure button is secure', 'Cut the needle off of the thread.']","['Find button replacement', 'Put needle and thread back in drawer']",Put needle and thread back in drawer,1,0, A
0,0.0,[],"['Drive to fabric store', 'Lay down garment']",Drive to fabric store,0,0, A
1,19.230769230769237,['Drive to fabric store'],"['Put needle and thread back in drawer', 'Get the thread']",Get the thread,1,0, A
2,34.61538461538461,"['Drive to fabric store', 'Get the thread']","['Cut thread', 'Thread needle with some thread.']",Thread needle with some thread.,1,0, A
3,50.0,"['Drive to fabric store', 'Get the thread', 'Thread needle with some thread.']","['push the needle through the fabric', 'Get a needle']",push the needle through the fabric,0,0, A
4,76.92307692307693,"['Drive to fabric store', 'Get the thread', 'Thread needle with some thread.', 'push the needle through the fabric']","['Thread the needle', 'Repeat steps 4 through 6 about 30 times']",Repeat steps 4 through 6 about 30 times,1,0, A
0,0.0,[],"['Tie knot in thread.', 'Get sewing basket']",Get sewing basket,1,0, A
1,11.538461538461538,['Get sewing basket'],"['Tie a knot.', 'grab a needle']",grab a needle,1,0, A
2,30.76923076923077,"['Get sewing basket', 'grab a needle']","['Line the button up in the place where the old one would have been', 'Put the needle thorough the back of the button hole.']",Line the button up in the place where the old one would have been,0,0, A
3,46.15384615384615,"['Get sewing basket', 'grab a needle', 'Line the button up in the place where the old one would have been']","['Grab thread and needle', 'Proceed to insert needle into button holes and through clothing/ item until securely sewn']",Proceed to insert needle into button holes and through clothing/ item until securely sewn,1,0, A
4,53.84615384615385,"['Get sewing basket', 'grab a needle', 'Line the button up in the place where the old one would have been', 'Proceed to insert needle into button holes and through clothing/ item until securely sewn']","['find a button', 'Run needle and thread through button hole and fabric hole']",Run needle and thread through button hole and fabric hole,1,0, A
5,84.61538461538461,"['Get sewing basket', 'grab a needle', 'Line the button up in the place where the old one would have been', 'Proceed to insert needle into button holes and through clothing/ item until securely sewn', 'Run needle and thread through button hole and fabric hole']","['get thread and needle', 'Cut off remaining thread']",Cut off remaining thread,1,0, A
6,88.46153846153845,"['Get sewing basket', 'grab a needle', 'Line the button up in the place where the old one would have been', 'Proceed to insert needle into button holes and through clothing/ item until securely sewn', 'Run needle and thread through button hole and fabric hole', 'Cut off remaining thread']","['getting out thread', 'Put all the items away']",Put all the items away,1,0, A
0,0.0,[],"['tying a knot with thread', 'get sewing kit']",get sewing kit,1,0, A
1,23.07692307692308,['get sewing kit'],"['Sew needle through other holes in an X formation', 'find a button']",find a button,1,0, A
2,38.46153846153847,"['get sewing kit', 'find a button']","['Put needle away', 'Tie a knot in the end of thread']",Tie a knot in the end of thread,1,0, A
3,46.15384615384615,"['get sewing kit', 'find a button', 'Tie a knot in the end of thread']","['Sew on the button.', 'Find a needle']",Sew on the button.,0,0, A
4,53.84615384615385,"['get sewing kit', 'find a button', 'Tie a knot in the end of thread', 'Sew on the button.']","['With other hand, push needle through button hole', 'Put away needle and thread']","With other hand, push needle through button hole",0,0, A
0,0.0,[],"['Sew through the holes of the button', 'Find sewing kit.']",Find sewing kit.,1,0, A
1,34.61538461538461,['Find sewing kit.'],"['Slide button onto needle and thread.', 'Thread needle']",Thread needle,1,0, A
2,50.0,"['Find sewing kit.', 'Thread needle']","['put the needle into the fabric', 'Choose thread color']",put the needle into the fabric,0,0, A
3,61.53846153846154,"['Find sewing kit.', 'Thread needle', 'put the needle into the fabric']","['Take out sewing kit', 'Pull thread through']",Pull thread through,1,0, A
4,65.38461538461539,"['Find sewing kit.', 'Thread needle', 'put the needle into the fabric', 'Pull thread through']","['Hold shirt with non-dominant hand', 'pull needle through to knot']",pull needle through to knot,1,0, A
5,69.23076923076923,"['Find sewing kit.', 'Thread needle', 'put the needle into the fabric', 'Pull thread through', 'pull needle through to knot']","['Sew button through third hole', 'Stitch the button on']",Sew button through third hole,0,0, A
0,0.0,[],"['Get a thimble', 'thread the needle']",Get a thimble,0,0, A
1,26.923076923076923,['Get a thimble'],"['Put all the items away', 'Get a shirt.']",Get a shirt.,1,0, A
2,50.0,"['Get a thimble', 'Get a shirt.']","['Take needle from sewing kit', 'put the needle into the fabric']",put the needle into the fabric,1,0, A
3,65.38461538461539,"['Get a thimble', 'Get a shirt.', 'put the needle into the fabric']","['Pull needle and thread', 'Tie knot with thread']",Pull needle and thread,0,0, A
4,69.23076923076923,"['Get a thimble', 'Get a shirt.', 'put the needle into the fabric', 'Pull needle and thread']","['Sew the button', 'Move needle down to hole opposite first hole']",Move needle down to hole opposite first hole,1,0, A
0,0.0,[],"['Tie a knot.', 'Find sewing kit.']",Find sewing kit.,1,0, A
1,11.538461538461538,['Find sewing kit.'],"['Find a needle', 'Cut the thread']",Find a needle,0,0, A
2,30.76923076923077,"['Find sewing kit.', 'Find a needle']","['Place the button on the cloth', 'cut the thread when finished']",Place the button on the cloth,0,0, A
3,50.0,"['Find sewing kit.', 'Find a needle', 'Place the button on the cloth']","['Push needle through button and fabric.', 'Take a needle']",Push needle through button and fabric.,0,0, A
4,80.76923076923077,"['Find sewing kit.', 'Find a needle', 'Place the button on the cloth', 'Push needle through button and fabric.']","[""TIE A KNOT IN THE END OF THE THREAD SO THE BUTTON DOESN'T COME OFF"", 'Get needle']",TIE A KNOT IN THE END OF THE THREAD SO THE BUTTON DOESN'T COME OFF,0,0, A
0,0.0,[],"['Start to sew on button', 'Get button, thread, needle and scissors']","Get button, thread, needle and scissors",1,0, A
1,26.923076923076923,"['Get button, thread, needle and scissors']","['pull thread forward', 'Get clothes']",Get clothes,1,0, A
2,30.76923076923077,"['Get button, thread, needle and scissors', 'Get clothes']","['Place button where it belongs on garment', 'cut thread from button']",Place button where it belongs on garment,0,0, A
3,53.84615384615385,"['Get button, thread, needle and scissors', 'Get clothes', 'Place button where it belongs on garment']","['Get needle', 'pull the needle through']",pull the needle through,1,0, A
4,84.61538461538461,"['Get button, thread, needle and scissors', 'Get clothes', 'Place button where it belongs on garment', 'pull the needle through']","['Cut the excess thread', 'Find a button']",Cut the excess thread,0,0, A
0,0.0,[],"['Place button onto item of clothing', 'Find sewing kit']",Find sewing kit,1,0, A
1,11.538461538461538,['Find sewing kit'],"['Get needle.', 'Cut off excess thread']",Get needle.,0,0, A
2,30.76923076923077,"['Find sewing kit', 'Get needle.']","['Break the thread and tie a final knot', 'Line the button up in the place where the old one would have been']",Line the button up in the place where the old one would have been,1,0, A
3,46.15384615384615,"['Find sewing kit', 'Get needle.', 'Line the button up in the place where the old one would have been']","['Take a button', 'With needle and thread push needle through cloth and through button hole']",With needle and thread push needle through cloth and through button hole,1,0, A
4,61.53846153846154,"['Find sewing kit', 'Get needle.', 'Line the button up in the place where the old one would have been', 'With needle and thread push needle through cloth and through button hole']","['Push needle through hole', 'Find a needle and thread']",Push needle through hole,0,0, A
5,80.76923076923077,"['Find sewing kit', 'Get needle.', 'Line the button up in the place where the old one would have been', 'With needle and thread push needle through cloth and through button hole', 'Push needle through hole']","['Find a button', 'Tie knot in thread']",Tie knot in thread,1,0, A
6,84.61538461538461,"['Find sewing kit', 'Get needle.', 'Line the button up in the place where the old one would have been', 'With needle and thread push needle through cloth and through button hole', 'Push needle through hole', 'Tie knot in thread']","['cut remaining thread away', 'Thread the needle']",cut remaining thread away,0,0, A
7,88.46153846153845,"['Find sewing kit', 'Get needle.', 'Line the button up in the place where the old one would have been', 'With needle and thread push needle through cloth and through button hole', 'Push needle through hole', 'Tie knot in thread', 'cut remaining thread away']","['Knot the end to make it stay', 'put the supplies away']",put the supplies away,1,0, A
0,0.0,[],"['Drive to fabric store', 'Tie the thread']",Drive to fabric store,0,0, A
1,19.230769230769237,['Drive to fabric store'],"['Choose thread to sew button on with.', 'Put thread through buttonhole']",Choose thread to sew button on with.,0,0, A
2,23.07692307692308,"['Drive to fabric store', 'Choose thread to sew button on with.']","['Find button that matches others.', 'Sew the button onto the garment by passing the needle through all 4 button holes.']",Find button that matches others.,0,0, A
3,26.923076923076923,"['Drive to fabric store', 'Choose thread to sew button on with.', 'Find button that matches others.']","['Place needle through button eyelets.', 'Get clothes']",Get clothes,1,0, A
4,34.61538461538461,"['Drive to fabric store', 'Choose thread to sew button on with.', 'Find button that matches others.', 'Get clothes']","['Thread needle with some thread.', 'Tie off your thread.']",Thread needle with some thread.,0,0, A
5,61.53846153846154,"['Drive to fabric store', 'Choose thread to sew button on with.', 'Find button that matches others.', 'Get clothes', 'Thread needle with some thread.']","['take needle bring up through the back of the item', 'Snip excess thread off']",take needle bring up through the back of the item,0,0, A
6,76.92307692307693,"['Drive to fabric store', 'Choose thread to sew button on with.', 'Find button that matches others.', 'Get clothes', 'Thread needle with some thread.', 'take needle bring up through the back of the item']","['repeat 6 more times', 'Get out sewing kit.']",repeat 6 more times,0,0, A
7,80.76923076923077,"['Drive to fabric store', 'Choose thread to sew button on with.', 'Find button that matches others.', 'Get clothes', 'Thread needle with some thread.', 'take needle bring up through the back of the item', 'repeat 6 more times']","['knot thread', 'Find the location where button needs to be sewn.']",knot thread,0,0, A
0,0.0,[],"['Hold button to material.', 'Get out sewing kit']",Get out sewing kit,1,0, A
1,23.07692307692308,['Get out sewing kit'],"['Start sewing', 'Get a replacement button.']",Get a replacement button.,1,0, A
2,26.923076923076923,"['Get out sewing kit', 'Get a replacement button.']","['MAKE SURE BUTTON IS SECURE', 'grab object the button is being sewed']",grab object the button is being sewed,1,0, A
3,30.76923076923077,"['Get out sewing kit', 'Get a replacement button.', 'grab object the button is being sewed']","['Place button on fabric and hold with thumb and index finger', 'Tie off thread']",Place button on fabric and hold with thumb and index finger,0,0, A
4,53.84615384615385,"['Get out sewing kit', 'Get a replacement button.', 'grab object the button is being sewed', 'Place button on fabric and hold with thumb and index finger']","['Run needle and thread through button hole and fabric hole', 'Put away needle and thread']",Run needle and thread through button hole and fabric hole,0,0, A
5,80.76923076923077,"['Get out sewing kit', 'Get a replacement button.', 'grab object the button is being sewed', 'Place button on fabric and hold with thumb and index finger', 'Run needle and thread through button hole and fabric hole']","['Tie end in a knot', 'Thread needle.']",Tie end in a knot,0,0, A
6,88.46153846153845,"['Get out sewing kit', 'Get a replacement button.', 'grab object the button is being sewed', 'Place button on fabric and hold with thumb and index finger', 'Run needle and thread through button hole and fabric hole', 'Tie end in a knot']","['Line the button back into place', 'Put all the items away']",Put all the items away,1,0, A
0,0.0,[],"['Get supplies - shirt, new button, thread, needle', 'Thread needle']","Get supplies - shirt, new button, thread, needle",0,0, A
1,26.923076923076923,"['Get supplies - shirt, new button, thread, needle']","['Lay down garment', 'Place needle through clothing.']",Lay down garment,0,0, A
2,34.61538461538461,"['Get supplies - shirt, new button, thread, needle', 'Lay down garment']","['Thread needle.', 'Check new button']",Thread needle.,0,0, A
3,61.53846153846154,"['Get supplies - shirt, new button, thread, needle', 'Lay down garment', 'Thread needle.']","['Insert needle through one side of button', 'Remove the old button']",Insert needle through one side of button,0,0, A
4,76.92307692307693,"['Get supplies - shirt, new button, thread, needle', 'Lay down garment', 'Thread needle.', 'Insert needle through one side of button']","['GET SOME NEEDLE AND THREAD', 'Repeat until button is tight']",Repeat until button is tight,1,0, A
5,80.76923076923077,"['Get supplies - shirt, new button, thread, needle', 'Lay down garment', 'Thread needle.', 'Insert needle through one side of button', 'Repeat until button is tight']","['tug to make sure it is secure', 'Thread the needle']",tug to make sure it is secure,0,0, A
6,84.61538461538461,"['Get supplies - shirt, new button, thread, needle', 'Lay down garment', 'Thread needle.', 'Insert needle through one side of button', 'Repeat until button is tight', 'tug to make sure it is secure']","['cut the thread', 'thread needle with thread']",cut the thread,0,0, A
0,0.0,[],"['Get back the needle through the third button hole', 'Get sewing kit']",Get sewing kit,1,0, A
1,11.538461538461538,['Get sewing kit'],"['Cut the thread.', 'Get needle.']",Get needle.,1,0, A
2,15.384615384615383,"['Get sewing kit', 'Get needle.']","['Tie off thread', 'Choose thread color']",Choose thread color,1,0, A
3,30.76923076923077,"['Get sewing kit', 'Get needle.', 'Choose thread color']","['Put the needle thorough the back of the button hole.', 'Take button and put it on shirt where you want it']",Take button and put it on shirt where you want it,1,0, A
4,50.0,"['Get sewing kit', 'Get needle.', 'Choose thread color', 'Take button and put it on shirt where you want it']","['Select needle', 'pull through on the other side']",pull through on the other side,1,0, A
5,80.76923076923077,"['Get sewing kit', 'Get needle.', 'Choose thread color', 'Take button and put it on shirt where you want it', 'pull through on the other side']","['Get thread', 'Tie off the thread']",Tie off the thread,1,0, A
6,84.61538461538461,"['Get sewing kit', 'Get needle.', 'Choose thread color', 'Take button and put it on shirt where you want it', 'pull through on the other side', 'Tie off the thread']","['Thread a needle with thread that matches shirt that needs a new button.', 'Cut excess thread']",Cut excess thread,1,0, A
0,0.0,[],"['Get out sewing kit.', 'Pull til it stops at the knot, push through fabric and another button hole']",Get out sewing kit.,0,0, A
1,19.230769230769237,['Get out sewing kit.'],"['Cut thread', 'get thread']",get thread,1,0, A
2,23.07692307692308,"['Get out sewing kit.', 'get thread']","['Sew the button', 'Get a button to match']",Get a button to match,1,0, A
3,50.0,"['Get out sewing kit.', 'get thread', 'Get a button to match']","['Snip excess thread off', 'Poke a hole in the fabric']",Poke a hole in the fabric,1,0, A
4,53.84615384615385,"['Get out sewing kit.', 'get thread', 'Get a button to match', 'Poke a hole in the fabric']","['Get the sewing kit.', 'Pull thread through and secure button']",Pull thread through and secure button,1,0, A
5,84.61538461538461,"['Get out sewing kit.', 'get thread', 'Get a button to match', 'Poke a hole in the fabric', 'Pull thread through and secure button']","['Cut the excess thread', 'Tie thread to needle']",Cut the excess thread,0,0, A
6,88.46153846153845,"['Get out sewing kit.', 'get thread', 'Get a button to match', 'Poke a hole in the fabric', 'Pull thread through and secure button', 'Cut the excess thread']","['Get a needle', 'put needle and thread away']",put needle and thread away,1,0, A
7,92.3076923076923,"['Get out sewing kit.', 'get thread', 'Get a button to match', 'Poke a hole in the fabric', 'Pull thread through and secure button', 'Cut the excess thread', 'put needle and thread away']","['Check if the button is tight', 'Get a needle']",Check if the button is tight,0,0, A
0,0.0,[],"['Pull through other side.', 'Gather supplies']",Gather supplies,1,0, A
1,7.6923076923076925,['Gather supplies'],"['Grab a needle and thread', 'Put thread through button']",Grab a needle and thread,0,0, A
2,34.61538461538461,"['Gather supplies', 'Grab a needle and thread']","['Push needle through other hole of button and through clothes', 'Thread needle']",Thread needle,1,0, A
3,38.46153846153847,"['Gather supplies', 'Grab a needle and thread', 'Thread needle']","['Tie knot on needle.', 'Take out sewing kit.']",Tie knot on needle.,0,0, A
4,50.0,"['Gather supplies', 'Grab a needle and thread', 'Thread needle', 'Tie knot on needle.']","['put the needle into the fabric', 'Cut away any extra string']",put the needle into the fabric,0,0, A
5,65.38461538461539,"['Gather supplies', 'Grab a needle and thread', 'Thread needle', 'Tie knot on needle.', 'put the needle into the fabric']","['Thread needle.', 'Pass the needle through the second button hole']",Pass the needle through the second button hole,1,0, A
6,76.92307692307693,"['Gather supplies', 'Grab a needle and thread', 'Thread needle', 'Tie knot on needle.', 'put the needle into the fabric', 'Pass the needle through the second button hole']","['Repeat until button is secure', 'Thread the needle']",Repeat until button is secure,0,0, A
7,84.61538461538461,"['Gather supplies', 'Grab a needle and thread', 'Thread needle', 'Tie knot on needle.', 'put the needle into the fabric', 'Pass the needle through the second button hole', 'Repeat until button is secure']","['Get needle', 'Cut off end from needle']",Cut off end from needle,1,0, A
0,0.0,[],"['Tie knot.', 'Get your sewing kit']",Get your sewing kit,1,0, A
1,7.6923076923076925,['Get your sewing kit'],"['Repeat the inserting as above for about 10 times', 'take the needle and matching thread']",take the needle and matching thread,1,0, A
2,26.923076923076923,"['Get your sewing kit', 'take the needle and matching thread']","['Push needle through button hole', 'Lay down garment']",Lay down garment,1,0, A
3,30.76923076923077,"['Get your sewing kit', 'take the needle and matching thread', 'Lay down garment']","['Determine proper placement for button', 'Cut the needle off of the thread.']",Determine proper placement for button,0,0, A
4,61.53846153846154,"['Get your sewing kit', 'take the needle and matching thread', 'Lay down garment', 'Determine proper placement for button']","['take needle bring up through the back of the item', 'cut the thread when finished']",take needle bring up through the back of the item,0,0, A
5,80.76923076923077,"['Get your sewing kit', 'take the needle and matching thread', 'Lay down garment', 'Determine proper placement for button', 'take needle bring up through the back of the item']","['Thread needle.', 'When button is securely in place tie knot in thread at back of garment']",When button is securely in place tie knot in thread at back of garment,1,0, A
0,0.0,[],"['Get supplies - shirt, new button, thread, needle', 'Put needle into one button hole through shirt.']","Get supplies - shirt, new button, thread, needle",0,0, A
1,7.6923076923076925,"['Get supplies - shirt, new button, thread, needle']","['Tie a knot in the end of thread', 'locate needle and thread']",locate needle and thread,1,0, A
2,26.923076923076923,"['Get supplies - shirt, new button, thread, needle', 'locate needle and thread']","['Repeat for all holes to reinforce', 'Place item on flat surface']",Place item on flat surface,1,0, A
3,34.61538461538461,"['Get supplies - shirt, new button, thread, needle', 'locate needle and thread', 'Place item on flat surface']","['Thread the needle', 'Cut off the extra thread']",Thread the needle,0,0, A
4,38.46153846153847,"['Get supplies - shirt, new button, thread, needle', 'locate needle and thread', 'Place item on flat surface', 'Thread the needle']","['Slide button onto needle and thread.', 'Tie knot in end of thread']",Tie knot in end of thread,1,0, A
5,46.15384615384615,"['Get supplies - shirt, new button, thread, needle', 'locate needle and thread', 'Place item on flat surface', 'Thread the needle', 'Tie knot in end of thread']","['Find a needle and thread', 'Sew through the holes of the button']",Sew through the holes of the button,1,0, A
6,88.46153846153845,"['Get supplies - shirt, new button, thread, needle', 'locate needle and thread', 'Place item on flat surface', 'Thread the needle', 'Tie knot in end of thread', 'Sew through the holes of the button']","['Pull til it stops at the knot, push through fabric and another button hole', 'Put needle and thread back in drawer']",Put needle and thread back in drawer,1,0, A
0,0.0,[],"['put thread in needle', 'Drive to fabric store']",Drive to fabric store,1,0, A
1,19.230769230769237,['Drive to fabric store'],"['Pull needle out other side.', 'get thread']",get thread,1,0, A
2,23.07692307692308,"['Drive to fabric store', 'get thread']","['Get button', 'Repeat 5 times with other two button holes']",Get button,0,0, A
3,50.0,"['Drive to fabric store', 'get thread', 'Get button']","['insert needle through cloth', 'Sew button through fourth and final hole']",insert needle through cloth,0,0, A
4,53.84615384615385,"['Drive to fabric store', 'get thread', 'Get button', 'insert needle through cloth']","['Sew needle through other holes in an X formation', 'Take out thread and needle']",Sew needle through other holes in an X formation,0,0, A
5,76.92307692307693,"['Drive to fabric store', 'get thread', 'Get button', 'insert needle through cloth', 'Sew needle through other holes in an X formation']","['repeat until button is secure', 'Pull out a length of thread.']",repeat until button is secure,0,0, A
0,0.0,[],"['Continue to push and pull needle through button holes until button is secure', 'Drive to fabric store']",Drive to fabric store,1,0, A
1,19.230769230769237,['Drive to fabric store'],"[""Pull a thread of a matching color through the needle's eye"", 'Check new button']",Pull a thread of a matching color through the needle's eye,0,0, A
2,26.923076923076923,"['Drive to fabric store', ""Pull a thread of a matching color through the needle's eye""]","['Get item that needs button sewing on', 'Place needle through clothing.']",Get item that needs button sewing on,0,0, A
3,50.0,"['Drive to fabric store', ""Pull a thread of a matching color through the needle's eye"", 'Get item that needs button sewing on']","['pull through on the other side', 'Cut off excess thread']",pull through on the other side,0,0, A
4,53.84615384615385,"['Drive to fabric store', ""Pull a thread of a matching color through the needle's eye"", 'Get item that needs button sewing on', 'pull through on the other side']","['pull the needle through', 'Take a matching button']",pull the needle through,0,0, A
5,76.92307692307693,"['Drive to fabric store', ""Pull a thread of a matching color through the needle's eye"", 'Get item that needs button sewing on', 'pull through on the other side', 'pull the needle through']","['Repeat 4 or 5 times', 'Get item that needs a button']",Repeat 4 or 5 times,0,0, A
6,84.61538461538461,"['Drive to fabric store', ""Pull a thread of a matching color through the needle's eye"", 'Get item that needs button sewing on', 'pull through on the other side', 'pull the needle through', 'Repeat 4 or 5 times']","['Look through sewing kit for a button that matches clothing.', 'Cut thread from spindle']",Cut thread from spindle,1,0, A
7,88.46153846153845,"['Drive to fabric store', ""Pull a thread of a matching color through the needle's eye"", 'Get item that needs button sewing on', 'pull through on the other side', 'pull the needle through', 'Repeat 4 or 5 times', 'Cut thread from spindle']","['Put away thread and needle', 'Get the button']",Put away thread and needle,0,0, A
0,0.0,[],"['Hook thread through needle', 'Drive to fabric store']",Drive to fabric store,1,0, A
1,19.230769230769237,['Drive to fabric store'],"['Get the thread', 'Tie the thread']",Get the thread,0,0, A
2,34.61538461538461,"['Drive to fabric store', 'Get the thread']","['thread a needle', 'Put needle in other button hole.']",thread a needle,0,0, A
3,38.46153846153847,"['Drive to fabric store', 'Get the thread', 'thread a needle']","['Get supplies - shirt, new button, thread, needle', 'Tie knot in thread.']",Tie knot in thread.,1,0, A
4,61.53846153846154,"['Drive to fabric store', 'Get the thread', 'thread a needle', 'Tie knot in thread.']","['Get out sewing kit.', 'Pull thread through']",Pull thread through,1,0, A
5,80.76923076923077,"['Drive to fabric store', 'Get the thread', 'thread a needle', 'Tie knot in thread.', 'Pull thread through']","['Place button on fabric and hold with thumb and index finger', 'make sure button is secure']",make sure button is secure,1,0, A
0,0.0,[],"['Make a knot at end', 'Get scissors, needle, button and thread']","Get scissors, needle, button and thread",1,0, A
1,26.923076923076923,"['Get scissors, needle, button and thread']","['Take the cloth to be sewed', 'Place needle through clothing.']",Take the cloth to be sewed,0,0, A
2,34.61538461538461,"['Get scissors, needle, button and thread', 'Take the cloth to be sewed']","['put thread in needle', 'Pull needle out other side.']",put thread in needle,0,0, A
3,53.84615384615385,"['Get scissors, needle, button and thread', 'Take the cloth to be sewed', 'put thread in needle']","['get item to be sewn', 'Return the needle through the fabric and through a different button hole']",Return the needle through the fabric and through a different button hole,1,0, A
0,0.0,[],"['Gather supplies', 'Cut thread.']",Gather supplies,0,0, A
1,30.76923076923077,['Gather supplies'],"['Take button and put it on shirt where you want it', 'Get back the needle through the fourth button hole']",Take button and put it on shirt where you want it,0,0, A
2,50.0,"['Gather supplies', 'Take button and put it on shirt where you want it']","['Insert the thread through the button', 'Cut thread.']",Insert the thread through the button,0,0, A
3,65.38461538461539,"['Gather supplies', 'Take button and put it on shirt where you want it', 'Insert the thread through the button']","['Get thread', 'Pass the needle through the second button hole']",Pass the needle through the second button hole,1,0, A
4,69.23076923076923,"['Gather supplies', 'Take button and put it on shirt where you want it', 'Insert the thread through the button', 'Pass the needle through the second button hole']","['Get back the needle through the third button hole', 'Get the proper colored thread']",Get back the needle through the third button hole,0,0, A
5,73.07692307692307,"['Gather supplies', 'Take button and put it on shirt where you want it', 'Insert the thread through the button', 'Pass the needle through the second button hole', 'Get back the needle through the third button hole']","['Look through sewing kit for a button that matches clothing.', 'Repeat for remaining holes']",Repeat for remaining holes,1,0, A
0,0.0,[],"['Make knot between thread and clothing.', 'Drive to fabric store']",Drive to fabric store,1,0, A
1,19.230769230769237,['Drive to fabric store'],"['Repeat for remaining holes', 'Pick thread to use']",Pick thread to use,1,0, A
2,34.61538461538461,"['Drive to fabric store', 'Pick thread to use']","['Grab the fabric and button', 'Place the thread inside the needle']",Place the thread inside the needle,1,0, A
3,38.46153846153847,"['Drive to fabric store', 'Pick thread to use', 'Place the thread inside the needle']","['tie knot at end of thread', 'Poke needle through opposite hole']",tie knot at end of thread,0,0, A
4,61.53846153846154,"['Drive to fabric store', 'Pick thread to use', 'Place the thread inside the needle', 'tie knot at end of thread']","['Put needle away', 'push the needle through the button']",push the needle through the button,1,0, A
5,65.38461538461539,"['Drive to fabric store', 'Pick thread to use', 'Place the thread inside the needle', 'tie knot at end of thread', 'push the needle through the button']","['Find sewing kit.', 'Pull needle and thread']",Pull needle and thread,1,0, A
6,76.92307692307693,"['Drive to fabric store', 'Pick thread to use', 'Place the thread inside the needle', 'tie knot at end of thread', 'push the needle through the button', 'Pull needle and thread']","['Repeat steps 4 through 6 about 30 times', 'Thread needle']",Repeat steps 4 through 6 about 30 times,0,0, A
7,84.61538461538461,"['Drive to fabric store', 'Pick thread to use', 'Place the thread inside the needle', 'tie knot at end of thread', 'push the needle through the button', 'Pull needle and thread', 'Repeat steps 4 through 6 about 30 times']","['Thread the needle', 'break the thread']",break the thread,1,0, A
0,0.0,[],"['get sewing kit', 'Sew the button onto the garment by passing the needle through all 4 button holes.']",get sewing kit,0,0, A
1,23.07692307692308,['get sewing kit'],"['Grab button', 'Pull thread through and secure button']",Grab button,0,0, A
2,26.923076923076923,"['get sewing kit', 'Grab button']","['Gather supplies', 'taking the right button out']",taking the right button out,1,0, A
3,34.61538461538461,"['get sewing kit', 'Grab button', 'taking the right button out']","['Thread the needle', 'Tie a knot.']",Thread the needle,0,0, A
4,50.0,"['get sewing kit', 'Grab button', 'taking the right button out', 'Thread the needle']","['push needle through button and shirt', 'Get out needle']",push needle through button and shirt,0,0, A
5,65.38461538461539,"['get sewing kit', 'Grab button', 'taking the right button out', 'Thread the needle', 'push needle through button and shirt']","['Put the needle thorough the back of the button hole.', 'Align button']",Put the needle thorough the back of the button hole.,0,0, A
6,76.92307692307693,"['get sewing kit', 'Grab button', 'taking the right button out', 'Thread the needle', 'push needle through button and shirt', 'Put the needle thorough the back of the button hole.']","['thread needle with thread', 'Repeat step 8 until button is sewn on']",Repeat step 8 until button is sewn on,1,0, A
7,84.61538461538461,"['get sewing kit', 'Grab button', 'taking the right button out', 'Thread the needle', 'push needle through button and shirt', 'Put the needle thorough the back of the button hole.', 'Repeat step 8 until button is sewn on']","['cut thread so that need will detach', 'Find a needle and thread']",cut thread so that need will detach,0,0, A
8,88.46153846153845,"['get sewing kit', 'Grab button', 'taking the right button out', 'Thread the needle', 'push needle through button and shirt', 'Put the needle thorough the back of the button hole.', 'Repeat step 8 until button is sewn on', 'cut thread so that need will detach']","['Get needle and thread', 'Put everything away.']",Put everything away.,1,0, A
0,0.0,[],"['Get sewing kit', 'Put needle into one button hole through shirt.']",Get sewing kit,0,0, A
1,19.230769230769237,['Get sewing kit'],"['stitching the button on', 'Get some thread.']",Get some thread.,1,0, A
2,26.923076923076923,"['Get sewing kit', 'Get some thread.']","['Get the item of clothing the button is to go on', 'When done knot end.']",Get the item of clothing the button is to go on,0,0, A
3,30.76923076923077,"['Get sewing kit', 'Get some thread.', 'Get the item of clothing the button is to go on']","['Cut the thread', 'Hold button to material.']",Hold button to material.,1,0, A
4,34.61538461538461,"['Get sewing kit', 'Get some thread.', 'Get the item of clothing the button is to go on', 'Hold button to material.']","['Put thread through needle', 'Pull through']",Put thread through needle,0,0, A
5,42.30769230769231,"['Get sewing kit', 'Get some thread.', 'Get the item of clothing the button is to go on', 'Hold button to material.', 'Put thread through needle']","['Cut excess thread', 'Find a needle']",Cut excess thread,0,0, A
6,61.53846153846154,"['Get sewing kit', 'Get some thread.', 'Get the item of clothing the button is to go on', 'Hold button to material.', 'Put thread through needle', 'Cut excess thread']","['Get needle and thread', 'Pull thread through']",Pull thread through,1,0, A
7,76.92307692307693,"['Get sewing kit', 'Get some thread.', 'Get the item of clothing the button is to go on', 'Hold button to material.', 'Put thread through needle', 'Cut excess thread', 'Pull thread through']","['Get a needle.', 'Repeat until button is tight']",Repeat until button is tight,1,0, A
8,84.61538461538461,"['Get sewing kit', 'Get some thread.', 'Get the item of clothing the button is to go on', 'Hold button to material.', 'Put thread through needle', 'Cut excess thread', 'Pull thread through', 'Repeat until button is tight']","['Thread needle', 'Ending again in the back of the garment cut off the thread.']",Ending again in the back of the garment cut off the thread.,1,0, A
9,88.46153846153845,"['Get sewing kit', 'Get some thread.', 'Get the item of clothing the button is to go on', 'Hold button to material.', 'Put thread through needle', 'Cut excess thread', 'Pull thread through', 'Repeat until button is tight', 'Ending again in the back of the garment cut off the thread.']","['Put button in proper place', 'put sewing kit away']",put sewing kit away,1,0, A
0,0.0,[],"['get thread, needle, button to be sewn', 'Put needle in other button hole.']","get thread, needle, button to be sewn",0,0, A
1,15.384615384615383,"['get thread, needle, button to be sewn']","['sew the button on carefully', 'Choose thread color']",Choose thread color,1,0, A
2,34.61538461538461,"['get thread, needle, button to be sewn', 'Choose thread color']","['Thread the needle', 'Loop thread to create knot in thread.']",Thread the needle,0,0, A
3,61.53846153846154,"['get thread, needle, button to be sewn', 'Choose thread color', 'Thread the needle']","['take needle bring up through the back of the item', 'Get needle']",take needle bring up through the back of the item,0,0, A
4,76.92307692307693,"['get thread, needle, button to be sewn', 'Choose thread color', 'Thread the needle', 'take needle bring up through the back of the item']","['Repeat until sewed on.', 'get thread']",Repeat until sewed on.,0,0, A
5,80.76923076923077,"['get thread, needle, button to be sewn', 'Choose thread color', 'Thread the needle', 'take needle bring up through the back of the item', 'Repeat until sewed on.']","['Tie end in a knot', 'Get button']",Tie end in a knot,0,0, A
6,88.46153846153845,"['get thread, needle, button to be sewn', 'Choose thread color', 'Thread the needle', 'take needle bring up through the back of the item', 'Repeat until sewed on.', 'Tie end in a knot']","['Put needle and thread back in drawer', 'Pull thread through and secure button']",Put needle and thread back in drawer,0,0, A
7,92.3076923076923,"['get thread, needle, button to be sewn', 'Choose thread color', 'Thread the needle', 'take needle bring up through the back of the item', 'Repeat until sewed on.', 'Tie end in a knot', 'Put needle and thread back in drawer']","['Pull through other end', 'Check the button']",Check the button,1,0, A
0,0.0,[],"['Drive to fabric store', 'Thread needle']",Drive to fabric store,0,0, A
1,19.230769230769237,['Drive to fabric store'],"['Repeat for all holes to reinforce', 'Get thread']",Get thread,1,0, A
2,26.923076923076923,"['Drive to fabric store', 'Get thread']","['Pass the needle through the second button hole', 'get item to be sewn']",get item to be sewn,1,0, A
3,50.0,"['Drive to fabric store', 'Get thread', 'get item to be sewn']","['Put needle and thread through shirt', 'Choose thread color']",Put needle and thread through shirt,0,0, A
4,80.76923076923077,"['Drive to fabric store', 'Get thread', 'get item to be sewn', 'Put needle and thread through shirt']","['Place button where it belongs on garment', 'Tie the thread so the button will not come loose']",Tie the thread so the button will not come loose,1,0, A
5,84.61538461538461,"['Drive to fabric store', 'Get thread', 'get item to be sewn', 'Put needle and thread through shirt', 'Tie the thread so the button will not come loose']","['cut thread so that need will detach', 'Thread needle']",cut thread so that need will detach,0,0, A
6,88.46153846153845,"['Drive to fabric store', 'Get thread', 'get item to be sewn', 'Put needle and thread through shirt', 'Tie the thread so the button will not come loose', 'cut thread so that need will detach']","['Insert the needle into the button hole', 'put needle and thread away']",put needle and thread away,1,0, A
0,0.0,[],"['Pull thread through opposite button hole', 'Get sewing kit']",Get sewing kit,1,0, A
1,19.230769230769237,['Get sewing kit'],"['Insert the needle from the bottom where the button is to be sewn', 'Find some thread']",Find some thread,1,0, A
2,23.07692307692308,"['Get sewing kit', 'Find some thread']","['knot thread', 'Find button replacement']",Find button replacement,1,0, A
3,30.76923076923077,"['Get sewing kit', 'Find some thread', 'Find button replacement']","['Tie off your thread.', 'Put button in the right area']",Put button in the right area,1,0, A
4,53.84615384615385,"['Get sewing kit', 'Find some thread', 'Find button replacement', 'Put button in the right area']","['Get thread', 'Sew needle through other holes in an X formation']",Sew needle through other holes in an X formation,1,0, A
5,76.92307692307693,"['Get sewing kit', 'Find some thread', 'Find button replacement', 'Put button in the right area', 'Sew needle through other holes in an X formation']","['Get sewing kit', 'Repeat 4 or 5 times']",Repeat 4 or 5 times,1,0, A
6,80.76923076923077,"['Get sewing kit', 'Find some thread', 'Find button replacement', 'Put button in the right area', 'Sew needle through other holes in an X formation', 'Repeat 4 or 5 times']","['Tie off the end of the thread', 'Thread the needle']",Tie off the end of the thread,0,0, A
0,0.0,[],"['Tie knot in end of thread', 'Get out needle, thread, button, and clothing item.']","Get out needle, thread, button, and clothing item.",1,0, A
1,7.6923076923076925,"['Get out needle, thread, button, and clothing item.']","['Start to sew.', 'locate needle and thread']",locate needle and thread,1,0, A
2,19.230769230769237,"['Get out needle, thread, button, and clothing item.', 'locate needle and thread']","['Get thread', 'Sew button.']",Get thread,0,0, A
3,30.76923076923077,"['Get out needle, thread, button, and clothing item.', 'locate needle and thread', 'Get thread']","['Tie off the thread on the underside of the garment', 'Place button on clothing']",Place button on clothing,1,0, A
4,50.0,"['Get out needle, thread, button, and clothing item.', 'locate needle and thread', 'Get thread', 'Place button on clothing']","['Starting on inside of garment, push through with needle.', 'Get thread.']","Starting on inside of garment, push through with needle.",0,0, A
5,80.76923076923077,"['Get out needle, thread, button, and clothing item.', 'locate needle and thread', 'Get thread', 'Place button on clothing', 'Starting on inside of garment, push through with needle.']","['place the button', 'Knot thread']",Knot thread,1,0, A
6,88.46153846153845,"['Get out needle, thread, button, and clothing item.', 'locate needle and thread', 'Get thread', 'Place button on clothing', 'Starting on inside of garment, push through with needle.', 'Knot thread']","['put back all the materials', 'Get shirt']",put back all the materials,0,0, A
0,0.0,[],"['Get button, thread, needle and scissors', 'Thread the needle']","Get button, thread, needle and scissors",0,0, A
1,26.923076923076923,"['Get button, thread, needle and scissors']","['gather garment for buttoning', 'Continue to loop the needle and thread through the button holes.']",gather garment for buttoning,0,0, A
2,34.61538461538461,"['Get button, thread, needle and scissors', 'gather garment for buttoning']","['thread the needle', 'Keep threading until the button is firmly attached']",thread the needle,0,0, A
3,53.84615384615385,"['Get button, thread, needle and scissors', 'gather garment for buttoning', 'thread the needle']","['Drive to fabric store', 'repeat the same way']",repeat the same way,1,0, A
0,0.0,[],"['Pull thread through and secure button', 'Get sewing basket']",Get sewing basket,1,0, A
1,23.07692307692308,['Get sewing basket'],"['Check if the button is tight', 'Find a spare button that matches the other buttons']",Find a spare button that matches the other buttons,1,0, A
2,50.0,"['Get sewing basket', 'Find a spare button that matches the other buttons']","['push the needle through the fabric', 'Find similar color thread to use.']",push the needle through the fabric,0,0, A
3,80.76923076923077,"['Get sewing basket', 'Find a spare button that matches the other buttons', 'push the needle through the fabric']","['Break the thread and tie a final knot', 'gathering thread']",Break the thread and tie a final knot,0,0, A
4,88.46153846153845,"['Get sewing basket', 'Find a spare button that matches the other buttons', 'push the needle through the fabric', 'Break the thread and tie a final knot']","['Put away needle and thread', 'Tie knot in thread']",Put away needle and thread,0,0, A
0,0.0,[],"['Put away needle and thread', 'get thread, needle, button to be sewn']","get thread, needle, button to be sewn",1,0, A
1,15.384615384615383,"['get thread, needle, button to be sewn']","['Find right color string', 'Continue to loop the needle and thread through the button holes.']",Find right color string,0,0, A
2,30.76923076923077,"['get thread, needle, button to be sewn', 'Find right color string']","['Repeat until button is tight', 'Place button where desired']",Place button where desired,1,0, A
3,50.0,"['get thread, needle, button to be sewn', 'Find right color string', 'Place button where desired']","['Put the thread through the button and start threading', 'Gather supplies']",Put the thread through the button and start threading,0,0, A
4,61.53846153846154,"['get thread, needle, button to be sewn', 'Find right color string', 'Place button where desired', 'Put the thread through the button and start threading']","['put items away when done', 'Holding button at appropriate location, press needle through first hole on button.']","Holding button at appropriate location, press needle through first hole on button.",1,0, A
5,80.76923076923077,"['get thread, needle, button to be sewn', 'Find right color string', 'Place button where desired', 'Put the thread through the button and start threading', 'Holding button at appropriate location, press needle through first hole on button.']","['Get a button.', 'Tie off finishing knot']",Tie off finishing knot,1,0, A
6,84.61538461538461,"['get thread, needle, button to be sewn', 'Find right color string', 'Place button where desired', 'Put the thread through the button and start threading', 'Holding button at appropriate location, press needle through first hole on button.', 'Tie off finishing knot']","['cut the thread', 'Hold button to material.']",cut the thread,0,0, A
7,88.46153846153845,"['get thread, needle, button to be sewn', 'Find right color string', 'Place button where desired', 'Put the thread through the button and start threading', 'Holding button at appropriate location, press needle through first hole on button.', 'Tie off finishing knot', 'cut the thread']","['Knot the end to make it stay', 'Put all the items away']",Put all the items away,1,0, A
0,0.0,[],"['Drive to fabric store', 'slide thread through hole']",Drive to fabric store,0,0, A
1,19.230769230769237,['Drive to fabric store'],"['Find some thread', 'Pass the needle in and out of holes on button']",Find some thread,0,0, A
2,26.923076923076923,"['Drive to fabric store', 'Find some thread']","['Pull it back out the other hole', 'Get the garment']",Get the garment,1,0, A
3,46.15384615384615,"['Drive to fabric store', 'Find some thread', 'Get the garment']","['Select thread of correct color', 'Sew the button onto the garment by passing the needle through all 4 button holes.']",Sew the button onto the garment by passing the needle through all 4 button holes.,1,0, A
4,53.84615384615385,"['Drive to fabric store', 'Find some thread', 'Get the garment', 'Sew the button onto the garment by passing the needle through all 4 button holes.']","['pull thread forward', 'Get the button']",pull thread forward,0,0, A
5,61.53846153846154,"['Drive to fabric store', 'Find some thread', 'Get the garment', 'Sew the button onto the garment by passing the needle through all 4 button holes.', 'pull thread forward']","['Starting from the bottom, poke needle through hole in button', 'Cut away any extra string']","Starting from the bottom, poke needle through hole in button",0,0, A
6,76.92307692307693,"['Drive to fabric store', 'Find some thread', 'Get the garment', 'Sew the button onto the garment by passing the needle through all 4 button holes.', 'pull thread forward', 'Starting from the bottom, poke needle through hole in button']","['Cut length of thread', 'Repeat until sewed on.']",Repeat until sewed on.,1,0, A
0,0.0,[],"['Find sewing kit.', 'Snip excess thread off']",Find sewing kit.,0,0, A
1,19.230769230769237,['Find sewing kit.'],"['Cut loose ends', 'Get some thread.']",Get some thread.,1,0, A
2,26.923076923076923,"['Find sewing kit.', 'Get some thread.']","['Prepare garment for sewing', 'Cut thread from spindle']",Prepare garment for sewing,0,0, A
3,50.0,"['Find sewing kit.', 'Get some thread.', 'Prepare garment for sewing']","['Find thread and needle.', 'Insert the needle from the bottom where the button is to be sewn']",Insert the needle from the bottom where the button is to be sewn,1,0, A
4,53.84615384615385,"['Find sewing kit.', 'Get some thread.', 'Prepare garment for sewing', 'Insert the needle from the bottom where the button is to be sewn']","['Get button', 'Place needle through button eyelets.']",Place needle through button eyelets.,1,0, A
5,61.53846153846154,"['Find sewing kit.', 'Get some thread.', 'Prepare garment for sewing', 'Insert the needle from the bottom where the button is to be sewn', 'Place needle through button eyelets.']","['push the needle through the button', 'Pull out a length of thread.']",push the needle through the button,0,0, A
6,80.76923076923077,"['Find sewing kit.', 'Get some thread.', 'Prepare garment for sewing', 'Insert the needle from the bottom where the button is to be sewn', 'Place needle through button eyelets.', 'push the needle through the button']","['Find sewing kit.', 'make sure button is secure']",make sure button is secure,1,0, A
7,88.46153846153845,"['Find sewing kit.', 'Get some thread.', 'Prepare garment for sewing', 'Insert the needle from the bottom where the button is to be sewn', 'Place needle through button eyelets.', 'push the needle through the button', 'make sure button is secure']","['put items away when done', 'Hold button to material.']",put items away when done,0,0, A
8,92.3076923076923,"['Find sewing kit.', 'Get some thread.', 'Prepare garment for sewing', 'Insert the needle from the bottom where the button is to be sewn', 'Place needle through button eyelets.', 'push the needle through the button', 'make sure button is secure', 'put items away when done']","['put thread through needle', 'MAKE SURE BUTTON IS SECURE']",MAKE SURE BUTTON IS SECURE,1,0, A
0,0.0,[],"['Drive to fabric store', 'Repeat for remaining holes']",Drive to fabric store,0,0, A
1,19.230769230769237,['Drive to fabric store'],"['Find thread', 'put the needle in and out through the holes']",Find thread,0,0, A
2,26.923076923076923,"['Drive to fabric store', 'Find thread']","['Grab the garment that you would like to sew the button to.', 'cut remaining thread away']",Grab the garment that you would like to sew the button to.,0,0, A
3,46.15384615384615,"['Drive to fabric store', 'Find thread', 'Grab the garment that you would like to sew the button to.']","[""Pull a thread of a matching color through the needle's eye"", 'Apply button by driving needle through button']",Apply button by driving needle through button,1,0, A
4,53.84615384615385,"['Drive to fabric store', 'Find thread', 'Grab the garment that you would like to sew the button to.', 'Apply button by driving needle through button']","['put items away when done', 'Pull the needle through a hole in the button, then back into the fabric']","Pull the needle through a hole in the button, then back into the fabric",1,0, A
5,57.692307692307686,"['Drive to fabric store', 'Find thread', 'Grab the garment that you would like to sew the button to.', 'Apply button by driving needle through button', 'Pull the needle through a hole in the button, then back into the fabric']","['Get needle', 'Pull til it stops at the knot, push through fabric and another button hole']","Pull til it stops at the knot, push through fabric and another button hole",1,0, A
0,0.0,[],"['Drive to fabric store', 'Repeat several times until button is attached solidly to the fabric.']",Drive to fabric store,0,0, A
1,19.230769230769237,['Drive to fabric store'],"['Insert the thread through the button', 'Get the thread']",Get the thread,1,0, A
2,26.923076923076923,"['Drive to fabric store', 'Get the thread']","['Pick up shirt missing button.', 'tie off thread']",Pick up shirt missing button.,0,0, A
3,50.0,"['Drive to fabric store', 'Get the thread', 'Pick up shirt missing button.']","['Take out sewing kit', 'insert needle through cloth']",insert needle through cloth,1,0, A
4,76.92307692307693,"['Drive to fabric store', 'Get the thread', 'Pick up shirt missing button.', 'insert needle through cloth']","['Repeat', 'Put thread in needle']",Repeat,0,0, A
5,84.61538461538461,"['Drive to fabric store', 'Get the thread', 'Pick up shirt missing button.', 'insert needle through cloth', 'Repeat']","['Cut thread', 'Get thread and needle']",Cut thread,0,0, A
6,88.46153846153845,"['Drive to fabric store', 'Get the thread', 'Pick up shirt missing button.', 'insert needle through cloth', 'Repeat', 'Cut thread']","['put items away when done', 'Find a button']",put items away when done,0,0, A
7,92.3076923076923,"['Drive to fabric store', 'Get the thread', 'Pick up shirt missing button.', 'insert needle through cloth', 'Repeat', 'Cut thread', 'put items away when done']","['Check new button', 'getting out thread']",Check new button,0,0, A
0,0.0,[],"['Pull the needle through a hole in the button, then back into the fabric', 'Drive to fabric store']",Drive to fabric store,1,0, A
1,19.230769230769237,['Drive to fabric store'],"['Take out right colored thread.', 'Poke a hole in the fabric']",Take out right colored thread.,0,0, A
2,30.76923076923077,"['Drive to fabric store', 'Take out right colored thread.']","['Put button in proper place', 'Put away needle and thread']",Put button in proper place,0,0, A
3,53.84615384615385,"['Drive to fabric store', 'Take out right colored thread.', 'Put button in proper place']","['Find a matching button', 'Sew needle through other holes in an X formation']",Sew needle through other holes in an X formation,1,0, A
4,84.61538461538461,"['Drive to fabric store', 'Take out right colored thread.', 'Put button in proper place', 'Sew needle through other holes in an X formation']","['Cut thread', 'Thread needle.']",Cut thread,0,0, A
5,88.46153846153845,"['Drive to fabric store', 'Take out right colored thread.', 'Put button in proper place', 'Sew needle through other holes in an X formation', 'Cut thread']","['Put the needle and thread away', 'Get needle']",Put the needle and thread away,0,0, A
0,0.0,[],"['Drive to fabric store', 'Tie knot in thread.']",Drive to fabric store,0,0, A
1,19.230769230769237,['Drive to fabric store'],"['Put the needle and thread away', 'Find a thread']",Find a thread,1,0, A
2,26.923076923076923,"['Drive to fabric store', 'Find a thread']","['Pull needle out other side.', 'take the cloth to be sewed']",take the cloth to be sewed,1,0, A
3,30.76923076923077,"['Drive to fabric store', 'Find a thread', 'take the cloth to be sewed']","['Place button on item', 'Put away thread and needle']",Place button on item,0,0, A
4,61.53846153846154,"['Drive to fabric store', 'Find a thread', 'take the cloth to be sewed', 'Place button on item']","['Thread one hole with the needle', 'Clean up.']",Thread one hole with the needle,0,0, A
5,65.38461538461539,"['Drive to fabric store', 'Find a thread', 'take the cloth to be sewed', 'Place button on item', 'Thread one hole with the needle']","['Cut away old strings', 'Slide button onto needle and thread.']",Slide button onto needle and thread.,1,0, A
6,69.23076923076923,"['Drive to fabric store', 'Find a thread', 'take the cloth to be sewed', 'Place button on item', 'Thread one hole with the needle', 'Slide button onto needle and thread.']","['Get back the needle through the third button hole', 'Remove the old button']",Get back the needle through the third button hole,0,0, A
7,73.07692307692307,"['Drive to fabric store', 'Find a thread', 'take the cloth to be sewed', 'Place button on item', 'Thread one hole with the needle', 'Slide button onto needle and thread.', 'Get back the needle through the third button hole']","['Get thread and needle', 'Sew button through fourth and final hole']",Sew button through fourth and final hole,1,0, A
8,76.92307692307693,"['Drive to fabric store', 'Find a thread', 'take the cloth to be sewed', 'Place button on item', 'Thread one hole with the needle', 'Slide button onto needle and thread.', 'Get back the needle through the third button hole', 'Sew button through fourth and final hole']","[""Make 4 x's in button."", 'Get extra button']",Make 4 x's in button.,0,0, A
9,80.76923076923077,"['Drive to fabric store', 'Find a thread', 'take the cloth to be sewed', 'Place button on item', 'Thread one hole with the needle', 'Slide button onto needle and thread.', 'Get back the needle through the third button hole', 'Sew button through fourth and final hole', ""Make 4 x's in button.""]","['Get the sewing kit.', 'when done tie the end properly']",when done tie the end properly,1,0, A
0,0.0,[],"['Gather supplies', 'Use scissors to cut thread']",Gather supplies,0,0, A
1,15.384615384615383,['Gather supplies'],"['Find right color string', 'Sew button onto item']",Find right color string,0,0, A
2,34.61538461538461,"['Gather supplies', 'Find right color string']","['Put thread in needle', 'Knot thread']",Put thread in needle,0,0, A
3,53.84615384615385,"['Gather supplies', 'Find right color string', 'Put thread in needle']","['Place needle through button eyelets.', 'Grab a needle and thread']",Place needle through button eyelets.,0,0, A
4,57.692307692307686,"['Gather supplies', 'Find right color string', 'Put thread in needle', 'Place needle through button eyelets.']","['Get needle and thread', 'Put needle through button and clothing.']",Put needle through button and clothing.,1,0, A
0,0.0,[],"['use needle and thread to sew button onto shirt', 'Get the sewing kit.']",Get the sewing kit.,1,0, A
1,34.61538461538461,['Get the sewing kit.'],"['thread the needle', 'Tie the end with a knot.']",thread the needle,0,0, A
2,53.84615384615385,"['Get the sewing kit.', 'thread the needle']","[""Pull a thread of a matching color through the needle's eye"", 'Continue to push and pull needle through button holes until button is secure']",Continue to push and pull needle through button holes until button is secure,1,0, A
3,76.92307692307693,"['Get the sewing kit.', 'thread the needle', 'Continue to push and pull needle through button holes until button is secure']","['Take out sewing kit.', 'repeat 5-8 several times until button is secure']",repeat 5-8 several times until button is secure,1,0, A
0,0.0,[],"['Pull through other side.', 'Drive to fabric store']",Drive to fabric store,1,0, A
1,19.230769230769237,['Drive to fabric store'],"['Take out right colored thread.', 'Place needle through clothing.']",Take out right colored thread.,0,0, A
2,34.61538461538461,"['Drive to fabric store', 'Take out right colored thread.']","['Insert the needle back into the garment from the top of the button', 'Thread a needle']",Thread a needle,1,0, A
3,88.46153846153845,"['Drive to fabric store', 'Take out right colored thread.', 'Thread a needle']","['Pull out a length of thread.', 'Take out the needle']",Take out the needle,1,0, A
4,92.3076923076923,"['Drive to fabric store', 'Take out right colored thread.', 'Thread a needle', 'Take out the needle']","['Check if the button is tight', 'sew the button on carefully']",Check if the button is tight,0,0, A
0,0.0,[],"['moving the needle in and out of the button holes', 'Take out sewing kit.']",Take out sewing kit.,1,0, A
1,23.07692307692308,['Take out sewing kit.'],"['Pull through other end', 'Find a button']",Find a button,1,0, A
2,26.923076923076923,"['Take out sewing kit.', 'Find a button']","['taking the right button out', 'Cut the needle off of the thread.']",taking the right button out,0,0, A
3,34.61538461538461,"['Take out sewing kit.', 'Find a button', 'taking the right button out']","['Tie off the thread', 'Thread needle']",Thread needle,1,0, A
4,42.30769230769231,"['Take out sewing kit.', 'Find a button', 'taking the right button out', 'Thread needle']","['Tie off the thread on the underside of the garment', 'Cut excess thread']",Cut excess thread,1,0, A
5,46.15384615384615,"['Take out sewing kit.', 'Find a button', 'taking the right button out', 'Thread needle', 'Cut excess thread']","['Get your sewing kit', 'Insert needle through button and into fabric where the button belongs.']",Insert needle through button and into fabric where the button belongs.,1,0, A
6,61.53846153846154,"['Take out sewing kit.', 'Find a button', 'taking the right button out', 'Thread needle', 'Cut excess thread', 'Insert needle through button and into fabric where the button belongs.']","['cut the thread', 'Pass the needle through one of the button holes']",Pass the needle through one of the button holes,1,0, A
7,76.92307692307693,"['Take out sewing kit.', 'Find a button', 'taking the right button out', 'Thread needle', 'Cut excess thread', 'Insert needle through button and into fabric where the button belongs.', 'Pass the needle through one of the button holes']","['Pick thread to use', 'Push through other holes']",Push through other holes,1,0, A
8,80.76923076923077,"['Take out sewing kit.', 'Find a button', 'taking the right button out', 'Thread needle', 'Cut excess thread', 'Insert needle through button and into fabric where the button belongs.', 'Pass the needle through one of the button holes', 'Push through other holes']","['Get your sewing kit', 'Tie off knot with thread.']",Tie off knot with thread.,1,0, A
0,0.0,[],"['Cut the thread', 'Drive to fabric store']",Drive to fabric store,1,0, A
1,19.230769230769237,['Drive to fabric store'],"['Get thread', 'Push the needle through the garment into the button']",Get thread,0,0, A
2,26.923076923076923,"['Drive to fabric store', 'Get thread']","['Get back the needle through the fourth button hole', 'Get clothes']",Get clothes,1,0, A
3,50.0,"['Drive to fabric store', 'Get thread', 'Get clothes']","['Take a needle and required thread', 'Push the needle through the fabric']",Push the needle through the fabric,1,0, A
4,76.92307692307693,"['Drive to fabric store', 'Get thread', 'Get clothes', 'Push the needle through the fabric']","['repeat steps 4-5 until button is secured to shirt', 'Get shirt']",repeat steps 4-5 until button is secured to shirt,0,0, A
5,84.61538461538461,"['Drive to fabric store', 'Get thread', 'Get clothes', 'Push the needle through the fabric', 'repeat steps 4-5 until button is secured to shirt']","['find a button', 'Cut thread from spindle']",Cut thread from spindle,1,0, A
0,0.0,[],"['Drive to fabric store', 'Place needle through button eyelets.']",Drive to fabric store,0,0, A
1,19.230769230769237,['Drive to fabric store'],"['Choose thread to sew button on with.', 'Take out the needle']",Choose thread to sew button on with.,0,0, A
2,30.76923076923077,"['Drive to fabric store', 'Choose thread to sew button on with.']","['Place new button where I want it to go', 'Slide button onto needle and thread.']",Place new button where I want it to go,0,0, A
3,42.30769230769231,"['Drive to fabric store', 'Choose thread to sew button on with.', 'Place new button where I want it to go']","['Cut length of thread', 'Pass the needle through the second button hole']",Cut length of thread,0,0, A
4,61.53846153846154,"['Drive to fabric store', 'Choose thread to sew button on with.', 'Place new button where I want it to go', 'Cut length of thread']","['Holding button at appropriate location, press needle through first hole on button.', 'Get scissors, needle, button and thread']","Holding button at appropriate location, press needle through first hole on button.",0,0, A
5,80.76923076923077,"['Drive to fabric store', 'Choose thread to sew button on with.', 'Place new button where I want it to go', 'Cut length of thread', 'Holding button at appropriate location, press needle through first hole on button.']","['Tie knot.', 'Thread needle']",Tie knot.,0,0, A
0,0.0,[],"['Drive to fabric store', 'Push the needle through one button hole and back out another hole']",Drive to fabric store,0,0, A
1,19.230769230769237,['Drive to fabric store'],"['Sew button', 'Find thread color to match button or item requiring the button']",Find thread color to match button or item requiring the button,1,0, A
2,34.61538461538461,"['Drive to fabric store', 'Find thread color to match button or item requiring the button']","['pull the thread through the eye of needle', 'Get scissors, needle, button and thread']",pull the thread through the eye of needle,0,0, A
3,50.0,"['Drive to fabric store', 'Find thread color to match button or item requiring the button', 'pull the thread through the eye of needle']","['Push needle through the button holes', 'getting out thread']",Push needle through the button holes,0,0, A
4,80.76923076923077,"['Drive to fabric store', 'Find thread color to match button or item requiring the button', 'pull the thread through the eye of needle', 'Push needle through the button holes']","['Tie off finishing knot', 'Thread needle']",Tie off finishing knot,0,0, A
5,88.46153846153845,"['Drive to fabric store', 'Find thread color to match button or item requiring the button', 'pull the thread through the eye of needle', 'Push needle through the button holes', 'Tie off finishing knot']","['Take out the needle', 'Cut away any loose threads.']",Take out the needle,0,0, A
6,92.3076923076923,"['Drive to fabric store', 'Find thread color to match button or item requiring the button', 'pull the thread through the eye of needle', 'Push needle through the button holes', 'Tie off finishing knot', 'Take out the needle']","['Tie knot in end of thread', 'Check if the button is tight']",Check if the button is tight,1,0, A
0,0.0,[],"['Repeat steps 4 through 6 about 30 times', 'Get scissors, needle, button and thread']","Get scissors, needle, button and thread",1,0, A
1,30.76923076923077,"['Get scissors, needle, button and thread']","['Get sewing kit', 'Place the button in the right spot']",Place the button in the right spot,1,0, A
2,53.84615384615385,"['Get scissors, needle, button and thread', 'Place the button in the right spot']","['Find a thread', 'Sew needle through other holes in an X formation']",Sew needle through other holes in an X formation,1,0, A
3,84.61538461538461,"['Get scissors, needle, button and thread', 'Place the button in the right spot', 'Sew needle through other holes in an X formation']","['cut thread', 'Get item that needs a button']",cut thread,0,0, A
0,0.0,[],"['Make a knot at end', 'Drive to fabric store']",Drive to fabric store,1,0, A
1,19.230769230769237,['Drive to fabric store'],"['Get thread', 'Tie off finishing knot']",Get thread,0,0, A
2,23.07692307692308,"['Drive to fabric store', 'Get thread']","['Sew button onto garment.', 'Get extra button']",Get extra button,1,0, A
3,50.0,"['Drive to fabric store', 'Get thread', 'Get extra button']","['Get thread.', 'put the needle into the fabric']",put the needle into the fabric,1,0, A
4,65.38461538461539,"['Drive to fabric store', 'Get thread', 'Get extra button', 'put the needle into the fabric']","['Find needle and thread', 'Sew button through second hole']",Sew button through second hole,1,0, A
5,76.92307692307693,"['Drive to fabric store', 'Get thread', 'Get extra button', 'put the needle into the fabric', 'Sew button through second hole']","['repeat', 'Take out right colored thread.']",repeat,0,0, A
0,0.0,[],"['Tie knot in end of thread', 'Drive to fabric store']",Drive to fabric store,1,0, A
1,19.230769230769237,['Drive to fabric store'],"['tie off the thread', 'Get thread']",Get thread,1,0, A
2,23.07692307692308,"['Drive to fabric store', 'Get thread']","['gather button', 'Tie thread at end']",gather button,0,0, A
3,26.923076923076923,"['Drive to fabric store', 'Get thread', 'gather button']","['carefully cut off old button if exists', 'pull needle through to knot']",carefully cut off old button if exists,0,0, A
4,30.76923076923077,"['Drive to fabric store', 'Get thread', 'gather button', 'carefully cut off old button if exists']","['Put button in the right area', 'Insert needle through first side of button (step 3)']",Put button in the right area,0,0, A
5,53.84615384615385,"['Drive to fabric store', 'Get thread', 'gather button', 'carefully cut off old button if exists', 'Put button in the right area']","['pull thread forward', 'Find button to be sewn']",pull thread forward,0,0, A
6,57.692307692307686,"['Drive to fabric store', 'Get thread', 'gather button', 'carefully cut off old button if exists', 'Put button in the right area', 'pull thread forward']","['Thread needle.', 'Put needle through button and clothing.']",Put needle through button and clothing.,1,0, A
7,76.92307692307693,"['Drive to fabric store', 'Get thread', 'gather button', 'carefully cut off old button if exists', 'Put button in the right area', 'pull thread forward', 'Put needle through button and clothing.']","['gather needle', 'Continue until the button is on tight']",Continue until the button is on tight,1,0, A
8,80.76923076923077,"['Drive to fabric store', 'Get thread', 'gather button', 'carefully cut off old button if exists', 'Put button in the right area', 'pull thread forward', 'Put needle through button and clothing.', 'Continue until the button is on tight']","['Loop thread to create knot in thread.', 'Get a needle and thread']",Loop thread to create knot in thread.,0,0, A
9,84.61538461538461,"['Drive to fabric store', 'Get thread', 'gather button', 'carefully cut off old button if exists', 'Put button in the right area', 'pull thread forward', 'Put needle through button and clothing.', 'Continue until the button is on tight', 'Loop thread to create knot in thread.']","['Cut loose ends', 'find a button']",Cut loose ends,0,0, A
10,88.46153846153845,"['Drive to fabric store', 'Get thread', 'gather button', 'carefully cut off old button if exists', 'Put button in the right area', 'pull thread forward', 'Put needle through button and clothing.', 'Continue until the button is on tight', 'Loop thread to create knot in thread.', 'Cut loose ends']","['Clean up.', 'Cut away any loose threads.']",Clean up.,0,0, A
11,92.3076923076923,"['Drive to fabric store', 'Get thread', 'gather button', 'carefully cut off old button if exists', 'Put button in the right area', 'pull thread forward', 'Put needle through button and clothing.', 'Continue until the button is on tight', 'Loop thread to create knot in thread.', 'Cut loose ends', 'Clean up.']","['Check new button', 'Get out sewing kit.']",Check new button,0,0, A
0,0.0,[],"['Get out needle, thread, button, and clothing item.', 'Tie of thread on inside']","Get out needle, thread, button, and clothing item.",0,0, A
1,26.923076923076923,"['Get out needle, thread, button, and clothing item.']","['Cut off any loose threads with a scissors.', 'Place item on flat surface']",Place item on flat surface,1,0, A
2,30.76923076923077,"['Get out needle, thread, button, and clothing item.', 'Place item on flat surface']","['Put away thread and needle', 'putting the button on the fabric']",putting the button on the fabric,1,0, A
3,34.61538461538461,"['Get out needle, thread, button, and clothing item.', 'Place item on flat surface', 'putting the button on the fabric']","['Thread a needle.', 'Get back the needle through the fourth button hole']",Thread a needle.,0,0, A
4,61.53846153846154,"['Get out needle, thread, button, and clothing item.', 'Place item on flat surface', 'putting the button on the fabric', 'Thread a needle.']","['Cut thread.', 'Start sewing going into the back of the garment.']",Start sewing going into the back of the garment.,1,0, A
5,65.38461538461539,"['Get out needle, thread, button, and clothing item.', 'Place item on flat surface', 'putting the button on the fabric', 'Thread a needle.', 'Start sewing going into the back of the garment.']","['Then push needle through material', 'Take needle from sewing kit']",Then push needle through material,0,0, A
6,76.92307692307693,"['Get out needle, thread, button, and clothing item.', 'Place item on flat surface', 'putting the button on the fabric', 'Thread a needle.', 'Start sewing going into the back of the garment.', 'Then push needle through material']","['Repeat step 8 until button is sewn on', 'Thread needle']",Repeat step 8 until button is sewn on,0,0, A
7,80.76923076923077,"['Get out needle, thread, button, and clothing item.', 'Place item on flat surface', 'putting the button on the fabric', 'Thread a needle.', 'Start sewing going into the back of the garment.', 'Then push needle through material', 'Repeat step 8 until button is sewn on']","['Tie the end with a knot.', 'Get button']",Tie the end with a knot.,0,0, A
8,84.61538461538461,"['Get out needle, thread, button, and clothing item.', 'Place item on flat surface', 'putting the button on the fabric', 'Thread a needle.', 'Start sewing going into the back of the garment.', 'Then push needle through material', 'Repeat step 8 until button is sewn on', 'Tie the end with a knot.']","['cut the thread when finished', 'thread the needle']",cut the thread when finished,0,0, A
9,88.46153846153845,"['Get out needle, thread, button, and clothing item.', 'Place item on flat surface', 'putting the button on the fabric', 'Thread a needle.', 'Start sewing going into the back of the garment.', 'Then push needle through material', 'Repeat step 8 until button is sewn on', 'Tie the end with a knot.', 'cut the thread when finished']","['Clean up.', 'find button']",Clean up.,0,0, A
10,92.3076923076923,"['Get out needle, thread, button, and clothing item.', 'Place item on flat surface', 'putting the button on the fabric', 'Thread a needle.', 'Start sewing going into the back of the garment.', 'Then push needle through material', 'Repeat step 8 until button is sewn on', 'Tie the end with a knot.', 'cut the thread when finished', 'Clean up.']","['Make a knot at end', 'MAKE SURE BUTTON IS SECURE']",MAKE SURE BUTTON IS SECURE,1,0, A
0,0.0,[],"['Continue crisscrossing thread between holes of button until button is tight.', 'Get supplies - shirt, new button, thread, needle']","Get supplies - shirt, new button, thread, needle",1,0, A
1,7.6923076923076925,"['Get supplies - shirt, new button, thread, needle']","['take the needle and matching thread', 'Sew the button through the button holes onto the shirt']",take the needle and matching thread,0,0, A
2,26.923076923076923,"['Get supplies - shirt, new button, thread, needle', 'take the needle and matching thread']","['Thread the opposite diagonal hole with the needle and tighten the string', 'Lay down garment']",Lay down garment,1,0, A
3,34.61538461538461,"['Get supplies - shirt, new button, thread, needle', 'take the needle and matching thread', 'Lay down garment']","['Thread the needle', 'Make a knot in fabric with thread behind the button']",Thread the needle,0,0, A
4,50.0,"['Get supplies - shirt, new button, thread, needle', 'take the needle and matching thread', 'Lay down garment', 'Thread the needle']","['Insert the thread through the button', 'Take out right colored thread.']",Insert the thread through the button,0,0, A
5,76.92307692307693,"['Get supplies - shirt, new button, thread, needle', 'take the needle and matching thread', 'Lay down garment', 'Thread the needle', 'Insert the thread through the button']","['Get button', 'repeat until button is secure']",repeat until button is secure,1,0, A
0,0.0,[],"['Run needle and thread through button hole and fabric hole', 'Grab the fabric and button']",Grab the fabric and button,1,0, A
1,26.923076923076923,['Grab the fabric and button'],"['Cut thread', 'Hold shirt with non-dominant hand']",Hold shirt with non-dominant hand,1,0, A
2,34.61538461538461,"['Grab the fabric and button', 'Hold shirt with non-dominant hand']","['thread needle', 'Tie off thread']",thread needle,0,0, A
3,38.46153846153847,"['Grab the fabric and button', 'Hold shirt with non-dominant hand', 'thread needle']","['Pass the needle through the second button hole', 'Knot the end to make it stay']",Knot the end to make it stay,1,0, A
4,46.15384615384615,"['Grab the fabric and button', 'Hold shirt with non-dominant hand', 'thread needle', 'Knot the end to make it stay']","['Use the needle to go through the button holes and the fabric', 'Hold button in place']",Use the needle to go through the button holes and the fabric,0,0, A
5,53.84615384615385,"['Grab the fabric and button', 'Hold shirt with non-dominant hand', 'thread needle', 'Knot the end to make it stay', 'Use the needle to go through the button holes and the fabric']","['find the button', 'repeat the same way']",repeat the same way,1,0, A
6,61.53846153846154,"['Grab the fabric and button', 'Hold shirt with non-dominant hand', 'thread needle', 'Knot the end to make it stay', 'Use the needle to go through the button holes and the fabric', 'repeat the same way']","['Thread one hole with the needle', 'Find a needle']",Thread one hole with the needle,0,0, A
7,80.76923076923077,"['Grab the fabric and button', 'Hold shirt with non-dominant hand', 'thread needle', 'Knot the end to make it stay', 'Use the needle to go through the button holes and the fabric', 'repeat the same way', 'Thread one hole with the needle']","['Tie the thread round in between the garment and button', 'Place button on fabric and hold with thumb and index finger']",Tie the thread round in between the garment and button,0,0, A
0,0.0,[],"['Get a thimble', 'Tie the end of the string so it will not unravel']",Get a thimble,0,0, A
1,30.76923076923077,['Get a thimble'],"['When done knot end.', 'Place button on fabric']",Place button on fabric,1,0, A
2,53.84615384615385,"['Get a thimble', 'Place button on fabric']","['Get shirt', 'pull the needle through']",pull the needle through,1,0, A
3,80.76923076923077,"['Get a thimble', 'Place button on fabric', 'pull the needle through']","['Align button', 'tie a knot at the end of the string']",tie a knot at the end of the string,1,0, A
4,84.61538461538461,"['Get a thimble', 'Place button on fabric', 'pull the needle through', 'tie a knot at the end of the string']","['Cut loose ends.', 'Put thread in needle']",Cut loose ends.,0,0, A
0,0.0,[],"['Start to sew the button onto the fabric.', 'Drive to fabric store']",Drive to fabric store,1,0, A
1,19.230769230769237,['Drive to fabric store'],"['Get back the needle through the fourth button hole', 'Get thread']",Get thread,1,0, A
2,34.61538461538461,"['Drive to fabric store', 'Get thread']","['MAKE SURE BUTTON IS SECURE', 'Thread needle.']",Thread needle.,1,0, A
3,50.0,"['Drive to fabric store', 'Get thread', 'Thread needle.']","['PUT NEEDLE AND THREAD AWAY', 'Insert the needle from the bottom where the button is to be sewn']",Insert the needle from the bottom where the button is to be sewn,1,0, A
4,80.76923076923077,"['Drive to fabric store', 'Get thread', 'Thread needle.', 'Insert the needle from the bottom where the button is to be sewn']","['Get thread.', 'Tie off the end of the thread']",Tie off the end of the thread,1,0, A
5,84.61538461538461,"['Drive to fabric store', 'Get thread', 'Thread needle.', 'Insert the needle from the bottom where the button is to be sewn', 'Tie off the end of the thread']","['Cut away any extra string', 'Get button']",Cut away any extra string,0,0, A
0,0.0,[],"['Break the thread and tie a final knot', 'Drive to fabric store']",Drive to fabric store,1,0, A
1,19.230769230769237,['Drive to fabric store'],"['Get thread.', 'Put needle through button and clothing.']",Get thread.,0,0, A
2,26.923076923076923,"['Drive to fabric store', 'Get thread.']","['Get item that needs a button', 'pull thread forward']",Get item that needs a button,0,0, A
3,50.0,"['Drive to fabric store', 'Get thread.', 'Get item that needs a button']","['Push needle through the button hole into the fabric', 'cut thread from button']",Push needle through the button hole into the fabric,0,0, A
4,80.76923076923077,"['Drive to fabric store', 'Get thread.', 'Get item that needs a button', 'Push needle through the button hole into the fabric']","['Mark on clothing where button is to go', 'Tie off the thread on the underside of the garment']",Tie off the thread on the underside of the garment,1,0, A
5,88.46153846153845,"['Drive to fabric store', 'Get thread.', 'Get item that needs a button', 'Push needle through the button hole into the fabric', 'Tie off the thread on the underside of the garment']","['put items away when done', 'Knot the ends of the thread together.']",put items away when done,0,0, A
0,0.0,[],"['Put thread through needle', 'Get scissors, needle, button and thread']","Get scissors, needle, button and thread",1,0, A
1,7.6923076923076925,"['Get scissors, needle, button and thread']","['Insert needle through first side of button (step 3)', 'Find some thread and needle']",Find some thread and needle,1,0, A
2,30.76923076923077,"['Get scissors, needle, button and thread', 'Find some thread and needle']","['Hold button to material.', 'Cut.']",Hold button to material.,0,0, A
3,50.0,"['Get scissors, needle, button and thread', 'Find some thread and needle', 'Hold button to material.']","['Put needle and thread through shirt', 'Sew button through fourth and final hole']",Put needle and thread through shirt,0,0, A
4,61.53846153846154,"['Get scissors, needle, button and thread', 'Find some thread and needle', 'Hold button to material.', 'Put needle and thread through shirt']","['Thread one hole with the needle', 'Find thread']",Thread one hole with the needle,0,0, A
5,76.92307692307693,"['Get scissors, needle, button and thread', 'Find some thread and needle', 'Hold button to material.', 'Put needle and thread through shirt', 'Thread one hole with the needle']","['Thread a needle', 'Keep repeating the sewing to reinforce the strength']",Keep repeating the sewing to reinforce the strength,1,0, A
6,84.61538461538461,"['Get scissors, needle, button and thread', 'Find some thread and needle', 'Hold button to material.', 'Put needle and thread through shirt', 'Thread one hole with the needle', 'Keep repeating the sewing to reinforce the strength']","['insert needle through cloth', 'Cut.']",Cut.,1,0, A
7,88.46153846153845,"['Get scissors, needle, button and thread', 'Find some thread and needle', 'Hold button to material.', 'Put needle and thread through shirt', 'Thread one hole with the needle', 'Keep repeating the sewing to reinforce the strength', 'Cut.']","['Take out the needle', 'Then push needle through material']",Take out the needle,0,0, A
0,0.0,[],"['cut thread so that need will detach', 'Grab the fabric and button']",Grab the fabric and button,1,0, A
1,15.384615384615383,['Grab the fabric and button'],"['Choose thread color', 'Push the needle through the garment into the button']",Choose thread color,0,0, A
2,34.61538461538461,"['Grab the fabric and button', 'Choose thread color']","['Get back the needle through the third button hole', 'pull the thread through the eye of needle']",pull the thread through the eye of needle,1,0, A
3,61.53846153846154,"['Grab the fabric and button', 'Choose thread color', 'pull the thread through the eye of needle']","['Insert needle through one side of button', 'Put away needle and thread']",Insert needle through one side of button,0,0, A
4,80.76923076923077,"['Grab the fabric and button', 'Choose thread color', 'pull the thread through the eye of needle', 'Insert needle through one side of button']","['tie a knot in the thread', 'Get sewing kit']",tie a knot in the thread,0,0, A
5,84.61538461538461,"['Grab the fabric and button', 'Choose thread color', 'pull the thread through the eye of needle', 'Insert needle through one side of button', 'tie a knot in the thread']","['thread needle with thread', 'Cut thread']",Cut thread,1,0, A
0,0.0,[],"['Repeat several times until button is attached solidly to the fabric.', 'Drive to fabric store']",Drive to fabric store,1,0, A
1,19.230769230769237,['Drive to fabric store'],"['get some thread', 'Repeat the inserting as above for about 10 times']",get some thread,0,0, A
2,30.76923076923077,"['Drive to fabric store', 'get some thread']","['Place new button where I want it to go', 'Sew through the diagonal hole of the button and the garment.']",Place new button where I want it to go,0,0, A
3,50.0,"['Drive to fabric store', 'get some thread', 'Place new button where I want it to go']","['pull through on the other side', 'cut thread so that need will detach']",pull through on the other side,0,0, A
4,53.84615384615385,"['Drive to fabric store', 'get some thread', 'Place new button where I want it to go', 'pull through on the other side']","['Use the needle to guide the thread', 'Get a button.']",Use the needle to guide the thread,0,0, A
5,80.76923076923077,"['Drive to fabric store', 'get some thread', 'Place new button where I want it to go', 'pull through on the other side', 'Use the needle to guide the thread']","['Find a button to sew.', 'when done tie the end properly']",when done tie the end properly,1,0, A
6,88.46153846153845,"['Drive to fabric store', 'get some thread', 'Place new button where I want it to go', 'pull through on the other side', 'Use the needle to guide the thread', 'when done tie the end properly']","['Place button on fabric and hold with thumb and index finger', 'Put needle and thread back in drawer']",Put needle and thread back in drawer,1,0, A
7,92.3076923076923,"['Drive to fabric store', 'get some thread', 'Place new button where I want it to go', 'pull through on the other side', 'Use the needle to guide the thread', 'when done tie the end properly', 'Put needle and thread back in drawer']","['Place button close to clothing.', 'Check the button']",Check the button,1,0, A
0,0.0,[],"['Make a knot', 'Get sewing kit']",Get sewing kit,1,0, A
1,23.07692307692308,['Get sewing kit'],"['Get the button', 'Cut the thread.']",Get the button,0,0, A
2,30.76923076923077,"['Get sewing kit', 'Get the button']","['place the button', 'Take out the needle']",place the button,0,0, A
3,46.15384615384615,"['Get sewing kit', 'Get the button', 'place the button']","['Proceed to insert needle into button holes and through clothing/ item until securely sewn', 'gather needle and thread']",Proceed to insert needle into button holes and through clothing/ item until securely sewn,0,0, A
4,88.46153846153845,"['Get sewing kit', 'Get the button', 'place the button', 'Proceed to insert needle into button holes and through clothing/ item until securely sewn']","['Put away needle and thread', 'place button where you want it']",Put away needle and thread,0,0, A
0,0.0,[],"['Fix the thread in the needle', 'Get out needle, thread, button, and clothing item.']","Get out needle, thread, button, and clothing item.",1,0, A
1,7.6923076923076925,"['Get out needle, thread, button, and clothing item.']","['Put needle in other button hole.', 'Get thread and needle']",Get thread and needle,1,0, A
2,34.61538461538461,"['Get out needle, thread, button, and clothing item.', 'Get thread and needle']","['Cut off any excess thread.', 'Thread needle']",Thread needle,1,0, A
3,38.46153846153847,"['Get out needle, thread, button, and clothing item.', 'Get thread and needle', 'Thread needle']","['Make a knot at end', 'Collect thread and needle.']",Make a knot at end,0,0, A
4,42.30769230769231,"['Get out needle, thread, button, and clothing item.', 'Get thread and needle', 'Thread needle', 'Make a knot at end']","['Cut thread string to how much is needed', 'Pull needle and thread']",Cut thread string to how much is needed,0,0, A
5,61.53846153846154,"['Get out needle, thread, button, and clothing item.', 'Get thread and needle', 'Thread needle', 'Make a knot at end', 'Cut thread string to how much is needed']","['Insert needle through one side of button', 'PUT NEEDLE AND THREAD AWAY']",Insert needle through one side of button,0,0, A
6,76.92307692307693,"['Get out needle, thread, button, and clothing item.', 'Get thread and needle', 'Thread needle', 'Make a knot at end', 'Cut thread string to how much is needed', 'Insert needle through one side of button']","['Cut away old strings', 'Repeat']",Repeat,1,0, A
0,0.0,[],"['Get sewing basket', 'Tie the end of the string so it will not unravel']",Get sewing basket,0,0, A
1,34.61538461538461,['Get sewing basket'],"['Put thread through a needle.', 'Cut the needle off of the thread.']",Put thread through a needle.,0,0, A
2,42.30769230769231,"['Get sewing basket', 'Put thread through a needle.']","['Repeat step 8 until button is sewn on', 'Cut away any loose threads.']",Cut away any loose threads.,1,0, A
3,46.15384615384615,"['Get sewing basket', 'Put thread through a needle.', 'Cut away any loose threads.']","['Sew through the holes of the button', 'Take needle from sewing kit']",Sew through the holes of the button,0,0, A
4,61.53846153846154,"['Get sewing basket', 'Put thread through a needle.', 'Cut away any loose threads.', 'Sew through the holes of the button']","['Push needle through hole', 'Get out needle, thread, button, and clothing item.']",Push needle through hole,0,0, A
5,80.76923076923077,"['Get sewing basket', 'Put thread through a needle.', 'Cut away any loose threads.', 'Sew through the holes of the button', 'Push needle through hole']","['Tie knot on thread.', 'Take a matching button']",Tie knot on thread.,0,0, A
6,88.46153846153845,"['Get sewing basket', 'Put thread through a needle.', 'Cut away any loose threads.', 'Sew through the holes of the button', 'Push needle through hole', 'Tie knot on thread.']","['get thread and needle', 'Clean up.']",Clean up.,1,0, A
7,92.3076923076923,"['Get sewing basket', 'Put thread through a needle.', 'Cut away any loose threads.', 'Sew through the holes of the button', 'Push needle through hole', 'Tie knot on thread.', 'Clean up.']","['Select needle', 'Check if the button is tight']",Check if the button is tight,1,0, A
0,0.0,[],"['Tie the thread so the button will not come loose', 'Drive to fabric store']",Drive to fabric store,1,0, A
1,19.230769230769237,['Drive to fabric store'],"['Take thread from sewing kit', 'Start sewing']",Take thread from sewing kit,0,0, A
2,23.07692307692308,"['Drive to fabric store', 'Take thread from sewing kit']","['Put needle through button and clothing.', 'Find a button.']",Find a button.,1,0, A
3,38.46153846153847,"['Drive to fabric store', 'Take thread from sewing kit', 'Find a button.']","['Tie knot in other end of thread', 'Collect thread and needle.']",Tie knot in other end of thread,0,0, A
4,61.53846153846154,"['Drive to fabric store', 'Take thread from sewing kit', 'Find a button.', 'Tie knot in other end of thread']","['Get a thread and a needle', 'Pull thread through']",Pull thread through,1,0, A
5,76.92307692307693,"['Drive to fabric store', 'Take thread from sewing kit', 'Find a button.', 'Tie knot in other end of thread', 'Pull thread through']","['get needle', 'Repeat through each button hole']",Repeat through each button hole,1,0, A
0,0.0,[],"['Get a thimble', 'Move needle down to hole opposite first hole']",Get a thimble,0,0, A
1,26.923076923076923,['Get a thimble'],"['Prepare garment for sewing', 'Keep sewing until the button is secure.']",Prepare garment for sewing,0,0, A
2,30.76923076923077,"['Get a thimble', 'Prepare garment for sewing']","['repeat until button is secure', 'Align button']",Align button,1,0, A
3,50.0,"['Get a thimble', 'Prepare garment for sewing', 'Align button']","['cut thread so that need will detach', 'Push needle through the button hole into the fabric']",Push needle through the button hole into the fabric,1,0, A
4,61.53846153846154,"['Get a thimble', 'Prepare garment for sewing', 'Align button', 'Push needle through the button hole into the fabric']","['Get a shirt.', 'Holding button at appropriate location, press needle through first hole on button.']","Holding button at appropriate location, press needle through first hole on button.",1,0, A
5,65.38461538461539,"['Get a thimble', 'Prepare garment for sewing', 'Align button', 'Push needle through the button hole into the fabric', 'Holding button at appropriate location, press needle through first hole on button.']","['Then push needle through material', 'Put everything away.']",Then push needle through material,0,0, A
6,76.92307692307693,"['Get a thimble', 'Prepare garment for sewing', 'Align button', 'Push needle through the button hole into the fabric', 'Holding button at appropriate location, press needle through first hole on button.', 'Then push needle through material']","['Take out thread and needle', 'Continue until the button is on tight']",Continue until the button is on tight,1,0, A
7,80.76923076923077,"['Get a thimble', 'Prepare garment for sewing', 'Align button', 'Push needle through the button hole into the fabric', 'Holding button at appropriate location, press needle through first hole on button.', 'Then push needle through material', 'Continue until the button is on tight']","['Cut about 16 inches worth of thread.', 'When button is securely in place tie knot in thread at back of garment']",When button is securely in place tie knot in thread at back of garment,1,0, A
0,0.0,[],"['Thread the needle, double it up and tie a knot at the end', 'Get out needle, thread, button, and clothing item.']","Get out needle, thread, button, and clothing item.",1,0, A
1,30.76923076923077,"['Get out needle, thread, button, and clothing item.']","['Put button on shirt', 'Do this several times until the button is secure']",Put button on shirt,0,0, A
2,53.84615384615385,"['Get out needle, thread, button, and clothing item.', 'Put button on shirt']","['Pull thread through opposite button hole', 'Purchase thread']",Pull thread through opposite button hole,0,0, A
3,61.53846153846154,"['Get out needle, thread, button, and clothing item.', 'Put button on shirt', 'Pull thread through opposite button hole']","['Find a needle', 'Push needle through first hole']",Push needle through first hole,1,0, A
4,65.38461538461539,"['Get out needle, thread, button, and clothing item.', 'Put button on shirt', 'Pull thread through opposite button hole', 'Push needle through first hole']","['Find placement for new button.', 'Pull needle out other side.']",Pull needle out other side.,1,0, A
5,76.92307692307693,"['Get out needle, thread, button, and clothing item.', 'Put button on shirt', 'Pull thread through opposite button hole', 'Push needle through first hole', 'Pull needle out other side.']","['repeat 5-8 several times until button is secure', 'Thread a needle']",repeat 5-8 several times until button is secure,0,0, A
6,80.76923076923077,"['Get out needle, thread, button, and clothing item.', 'Put button on shirt', 'Pull thread through opposite button hole', 'Push needle through first hole', 'Pull needle out other side.', 'repeat 5-8 several times until button is secure']","['Pull til it stops at the knot, push through fabric and another button hole', 'tie off thread']",tie off thread,1,0, A
0,0.0,[],"['Put thread through buttonhole', 'Get your sewing kit']",Get your sewing kit,1,0, A
1,34.61538461538461,['Get your sewing kit'],"['Stick the head through the needle eye', 'Tie off knot with thread.']",Stick the head through the needle eye,0,0, A
2,46.15384615384615,"['Get your sewing kit', 'Stick the head through the needle eye']","['Find sewing kit.', 'Proceed to insert needle into button holes and through clothing/ item until securely sewn']",Proceed to insert needle into button holes and through clothing/ item until securely sewn,1,0, A
3,84.61538461538461,"['Get your sewing kit', 'Stick the head through the needle eye', 'Proceed to insert needle into button holes and through clothing/ item until securely sewn']","['Cut about 16 inches worth of thread.', 'Cut off any loose threads with a scissors.']",Cut off any loose threads with a scissors.,1,0, A
0,0.0,[],"['Drive to fabric store', 'Get a shirt.']",Drive to fabric store,0,0, A
1,19.230769230769237,['Drive to fabric store'],"['Put needle in other button hole.', ""Pull a thread of a matching color through the needle's eye""]",Pull a thread of a matching color through the needle's eye,1,0, A
2,34.61538461538461,"['Drive to fabric store', ""Pull a thread of a matching color through the needle's eye""]","['Tie knot on thread.', ""Insert the thread into the eye of the needle and tie a knot so it's attached.""]",Insert the thread into the eye of the needle and tie a knot so it's attached.,1,0, A
3,61.53846153846154,"['Drive to fabric store', ""Pull a thread of a matching color through the needle's eye"", ""Insert the thread into the eye of the needle and tie a knot so it's attached.""]","['gathering thread', 'Starting from the bottom, poke needle through hole in button']","Starting from the bottom, poke needle through hole in button",1,0, A
4,76.92307692307693,"['Drive to fabric store', ""Pull a thread of a matching color through the needle's eye"", ""Insert the thread into the eye of the needle and tie a knot so it's attached."", 'Starting from the bottom, poke needle through hole in button']","['Put thread through needle hole', 'Repeat step 8 until button is sewn on']",Repeat step 8 until button is sewn on,1,0, A
5,80.76923076923077,"['Drive to fabric store', ""Pull a thread of a matching color through the needle's eye"", ""Insert the thread into the eye of the needle and tie a knot so it's attached."", 'Starting from the bottom, poke needle through hole in button', 'Repeat step 8 until button is sewn on']","['Tie a knot.', 'Find a needle and thread']",Tie a knot.,0,0, A
6,84.61538461538461,"['Drive to fabric store', ""Pull a thread of a matching color through the needle's eye"", ""Insert the thread into the eye of the needle and tie a knot so it's attached."", 'Starting from the bottom, poke needle through hole in button', 'Repeat step 8 until button is sewn on', 'Tie a knot.']","['Pick thread to use', 'Cut the thread.']",Cut the thread.,1,0, A
0,0.0,[],"['Take out sewing kit', 'Tie the end with a knot.']",Take out sewing kit,0,0, A
1,19.230769230769237,['Take out sewing kit'],"['PUT NEEDLE AND THREAD AWAY', ""Pull a thread of a matching color through the needle's eye""]",Pull a thread of a matching color through the needle's eye,1,0, A
2,30.76923076923077,"['Take out sewing kit', ""Pull a thread of a matching color through the needle's eye""]","['put button where other button was located', 'When done knot end.']",put button where other button was located,0,0, A
3,50.0,"['Take out sewing kit', ""Pull a thread of a matching color through the needle's eye"", 'put button where other button was located']","['Insert the needle from the bottom where the button is to be sewn', 'Drive to fabric store']",Insert the needle from the bottom where the button is to be sewn,0,0, A
4,65.38461538461539,"['Take out sewing kit', ""Pull a thread of a matching color through the needle's eye"", 'put button where other button was located', 'Insert the needle from the bottom where the button is to be sewn']","['Get thread.', 'Slide button onto needle and thread.']",Slide button onto needle and thread.,1,0, A
5,76.92307692307693,"['Take out sewing kit', ""Pull a thread of a matching color through the needle's eye"", 'put button where other button was located', 'Insert the needle from the bottom where the button is to be sewn', 'Slide button onto needle and thread.']","['Put thread through a needle.', 'Push through other holes']",Push through other holes,1,0, A
6,84.61538461538461,"['Take out sewing kit', ""Pull a thread of a matching color through the needle's eye"", 'put button where other button was located', 'Insert the needle from the bottom where the button is to be sewn', 'Slide button onto needle and thread.', 'Push through other holes']","['break the thread', 'Select a button']",break the thread,0,0, A
7,88.46153846153845,"['Take out sewing kit', ""Pull a thread of a matching color through the needle's eye"", 'put button where other button was located', 'Insert the needle from the bottom where the button is to be sewn', 'Slide button onto needle and thread.', 'Push through other holes', 'break the thread']","['Put away needle and thread', 'Choose a button.']",Put away needle and thread,0,0, A
0,0.0,[],"['Place needle through button eyelets.', 'Drive to fabric store']",Drive to fabric store,1,0, A
1,19.230769230769237,['Drive to fabric store'],"['Purchase thread', 'Cut loose ends.']",Purchase thread,0,0, A
2,23.07692307692308,"['Drive to fabric store', 'Purchase thread']","['make few passes', 'Find similar button']",Find similar button,1,0, A
3,34.61538461538461,"['Drive to fabric store', 'Purchase thread', 'Find similar button']","['Repeat', 'thread the needle']",thread the needle,1,0, A
4,42.30769230769231,"['Drive to fabric store', 'Purchase thread', 'Find similar button', 'thread the needle']","['Tie a knot.', 'Cut length of thread']",Cut length of thread,1,0, A
5,61.53846153846154,"['Drive to fabric store', 'Purchase thread', 'Find similar button', 'thread the needle', 'Cut length of thread']","['Put needle into one button hole through shirt.', 'Get some thread.']",Put needle into one button hole through shirt.,0,0, A
6,65.38461538461539,"['Drive to fabric store', 'Purchase thread', 'Find similar button', 'thread the needle', 'Cut length of thread', 'Put needle into one button hole through shirt.']","['Pass the needle through the second button hole', 'Find right color string']",Pass the needle through the second button hole,0,0, A
7,69.23076923076923,"['Drive to fabric store', 'Purchase thread', 'Find similar button', 'thread the needle', 'Cut length of thread', 'Put needle into one button hole through shirt.', 'Pass the needle through the second button hole']","['grab object the button is being sewed', 'Put needle in other button hole.']",Put needle in other button hole.,1,0, A
0,0.0,[],"['Get sewing kit', 'Pull the needle until thread is completely on the other side of shirt']",Get sewing kit,0,0, A
1,11.538461538461538,['Get sewing kit'],"['Use the needle to guide the thread', 'Find needle']",Find needle,1,0, A
2,15.384615384615383,"['Get sewing kit', 'Find needle']","['Knot the ends of the thread together.', 'Select thread of correct color']",Select thread of correct color,1,0, A
3,30.76923076923077,"['Get sewing kit', 'Find needle', 'Select thread of correct color']","['line it up with the hole', 'Keep threading until the button is firmly attached']",line it up with the hole,0,0, A
4,34.61538461538461,"['Get sewing kit', 'Find needle', 'Select thread of correct color', 'line it up with the hole']","['Thread needle', 'Grab the fabric and button']",Thread needle,0,0, A
5,61.53846153846154,"['Get sewing kit', 'Find needle', 'Select thread of correct color', 'line it up with the hole', 'Thread needle']","['take needle bring up through the back of the item', 'Find right color string']",take needle bring up through the back of the item,0,0, A
6,76.92307692307693,"['Get sewing kit', 'Find needle', 'Select thread of correct color', 'line it up with the hole', 'Thread needle', 'take needle bring up through the back of the item']","['Take button.', 'Repeat']",Repeat,1,0, A
0,0.0,[],"['Do this through all holes of button', 'Drive to fabric store']",Drive to fabric store,1,0, A
1,19.230769230769237,['Drive to fabric store'],"['Cut away any loose threads.', 'Get thread.']",Get thread.,1,0, A
2,26.923076923076923,"['Drive to fabric store', 'Get thread.']","['Find shirt', 'tying a knot with thread']",Find shirt,0,0, A
3,30.76923076923077,"['Drive to fabric store', 'Get thread.', 'Find shirt']","['Cut thread', 'Align button']",Align button,1,0, A
4,53.84615384615385,"['Drive to fabric store', 'Get thread.', 'Find shirt', 'Align button']","['Thread the opposite diagonal hole with the needle and tighten the string', 'Put away thread and needle']",Thread the opposite diagonal hole with the needle and tighten the string,0,0, A
5,80.76923076923077,"['Drive to fabric store', 'Get thread.', 'Find shirt', 'Align button', 'Thread the opposite diagonal hole with the needle and tighten the string']","['Put the button in the correct spot.', 'Tie thread at end']",Tie thread at end,1,0, A
6,84.61538461538461,"['Drive to fabric store', 'Get thread.', 'Find shirt', 'Align button', 'Thread the opposite diagonal hole with the needle and tighten the string', 'Tie thread at end']","['Find needle and thread', 'Cut off excess thread']",Cut off excess thread,1,0, A
0,0.0,[],"['Drive to fabric store', 'Push needle through back of clothes and through hole of button']",Drive to fabric store,0,0, A
1,19.230769230769237,['Drive to fabric store'],"['Push the needle through one button hole and back out another hole', 'Purchase thread']",Purchase thread,1,0, A
2,30.76923076923077,"['Drive to fabric store', 'Purchase thread']","['place botton where you want it', 'Repeat for remaining holes']",place botton where you want it,0,0, A
3,61.53846153846154,"['Drive to fabric store', 'Purchase thread', 'place botton where you want it']","['Get needle', 'Holding button at appropriate location, press needle through first hole on button.']","Holding button at appropriate location, press needle through first hole on button.",1,0, A
4,80.76923076923077,"['Drive to fabric store', 'Purchase thread', 'place botton where you want it', 'Holding button at appropriate location, press needle through first hole on button.']","['tying a knot with thread', 'find a button']",tying a knot with thread,0,0, A
0,0.0,[],"['Place button in desired position', 'get sewing kit']",get sewing kit,1,0, A
1,7.6923076923076925,['get sewing kit'],"['grab a needle and string', 'Proceed to insert needle into button holes and through clothing/ item until securely sewn']",grab a needle and string,0,0, A
2,26.923076923076923,"['get sewing kit', 'grab a needle and string']","['Place item on flat surface', 'Put needle through one hole']",Place item on flat surface,0,0, A
3,34.61538461538461,"['get sewing kit', 'grab a needle and string', 'Place item on flat surface']","['Tie another knot at the end of the thread.', 'Thread needle.']",Thread needle.,1,0, A
4,53.84615384615385,"['get sewing kit', 'grab a needle and string', 'Place item on flat surface', 'Thread needle.']","['Get a needle', 'pull the needle through']",pull the needle through,1,0, A
5,76.92307692307693,"['get sewing kit', 'grab a needle and string', 'Place item on flat surface', 'Thread needle.', 'pull the needle through']","['Continue until the button is securely on the clothing', 'Thread the needle']",Continue until the button is securely on the clothing,0,0, A
6,84.61538461538461,"['get sewing kit', 'grab a needle and string', 'Place item on flat surface', 'Thread needle.', 'pull the needle through', 'Continue until the button is securely on the clothing']","['Tie knot to secure thread and button to clothes', 'Get your button']",Tie knot to secure thread and button to clothes,0,0, A
7,88.46153846153845,"['get sewing kit', 'grab a needle and string', 'Place item on flat surface', 'Thread needle.', 'pull the needle through', 'Continue until the button is securely on the clothing', 'Tie knot to secure thread and button to clothes']","['Get supplies - shirt, new button, thread, needle', 'Put everything away.']",Put everything away.,1,0, A
0,0.0,[],"['Find sewing kit.', 'Use the needle to guide the thread']",Find sewing kit.,0,0, A
1,7.6923076923076925,['Find sewing kit.'],"['Get thread and needle', 'cut thread so that need will detach']",Get thread and needle,0,0, A
2,30.76923076923077,"['Find sewing kit.', 'Get thread and needle']","['make sure button is secure', 'Place button on shirt']",Place button on shirt,1,0, A
3,34.61538461538461,"['Find sewing kit.', 'Get thread and needle', 'Place button on shirt']","['Cut thread close to knot.', 'Put thread end through eye of needle']",Put thread end through eye of needle,1,0, A
4,50.0,"['Find sewing kit.', 'Get thread and needle', 'Place button on shirt', 'Put thread end through eye of needle']","['Push needle through back of clothes and through hole of button', 'Cut the needle off of the thread.']",Push needle through back of clothes and through hole of button,0,0, A
5,53.84615384615385,"['Find sewing kit.', 'Get thread and needle', 'Place button on shirt', 'Put thread end through eye of needle', 'Push needle through back of clothes and through hole of button']","['pull thread forward', 'Find matching button, or old button.']",pull thread forward,0,0, A
6,80.76923076923077,"['Find sewing kit.', 'Get thread and needle', 'Place button on shirt', 'Put thread end through eye of needle', 'Push needle through back of clothes and through hole of button', 'pull thread forward']","['Tie off thread', 'Cut about 16 inches worth of thread.']",Tie off thread,0,0, A
7,88.46153846153845,"['Find sewing kit.', 'Get thread and needle', 'Place button on shirt', 'Put thread end through eye of needle', 'Push needle through back of clothes and through hole of button', 'pull thread forward', 'Tie off thread']","['Get sewing kit', 'Clean up.']",Clean up.,1,0, A
8,92.3076923076923,"['Find sewing kit.', 'Get thread and needle', 'Place button on shirt', 'Put thread end through eye of needle', 'Push needle through back of clothes and through hole of button', 'pull thread forward', 'Tie off thread', 'Clean up.']","['Put the button up to the garment', 'MAKE SURE BUTTON IS SECURE']",MAKE SURE BUTTON IS SECURE,1,0, A
0,0.0,[],"['Drive to fabric store', 'Cut away old strings']",Drive to fabric store,0,0, A
1,19.230769230769237,['Drive to fabric store'],"['Get thread', 'Tie another knot at the end of the thread.']",Get thread,0,0, A
2,34.61538461538461,"['Drive to fabric store', 'Get thread']","['Repeat step 8 until button is sewn on', 'thread a needle']",thread a needle,1,0, A
3,88.46153846153845,"['Drive to fabric store', 'Get thread', 'thread a needle']","['Clean up.', 'Cut thread string to how much is needed']",Clean up.,0,0, A
0,0.0,[],"['get sewing kit', 'Get a piece of clothing.']",get sewing kit,0,0, A
1,34.61538461538461,['get sewing kit'],"['Put an end of the thread through the eye of the needle', 'cut the thread when finished']",Put an end of the thread through the eye of the needle,0,0, A
2,53.84615384615385,"['get sewing kit', 'Put an end of the thread through the eye of the needle']","['Get out thread', 'pass needle through needle hole in button']",pass needle through needle hole in button,1,0, A
3,57.692307692307686,"['get sewing kit', 'Put an end of the thread through the eye of the needle', 'pass needle through needle hole in button']","['Place button where you want it to go', 'Pull til it stops at the knot, push through fabric and another button hole']","Pull til it stops at the knot, push through fabric and another button hole",1,0, A
4,76.92307692307693,"['get sewing kit', 'Put an end of the thread through the eye of the needle', 'pass needle through needle hole in button', 'Pull til it stops at the knot, push through fabric and another button hole']","['Find similar color thread to use.', 'Continue until the button is on tight']",Continue until the button is on tight,1,0, A
0,0.0,[],"['Drive to fabric store', 'Thread needle with matching thread']",Drive to fabric store,0,0, A
1,19.230769230769237,['Drive to fabric store'],"['Put needle into one button hole through shirt.', 'Get the proper colored thread']",Get the proper colored thread,1,0, A
2,26.923076923076923,"['Drive to fabric store', 'Get the proper colored thread']","['cut thread so that need will detach', 'Get clothes']",Get clothes,1,0, A
3,34.61538461538461,"['Drive to fabric store', 'Get the proper colored thread', 'Get clothes']","['Put thread end through eye of needle', 'Grab the fabric and button']",Put thread end through eye of needle,0,0, A
4,53.84615384615385,"['Drive to fabric store', 'Get the proper colored thread', 'Get clothes', 'Put thread end through eye of needle']","['Take out sewing kit.', 'repeat the same way']",repeat the same way,1,0, A
5,57.692307692307686,"['Drive to fabric store', 'Get the proper colored thread', 'Get clothes', 'Put thread end through eye of needle', 'repeat the same way']","['Pull through', 'getting out needle']",Pull through,0,0, A
6,76.92307692307693,"['Drive to fabric store', 'Get the proper colored thread', 'Get clothes', 'Put thread end through eye of needle', 'repeat the same way', 'Pull through']","['Repeat for all holes to reinforce', 'Position needle with thread']",Repeat for all holes to reinforce,0,0, A
7,84.61538461538461,"['Drive to fabric store', 'Get the proper colored thread', 'Get clothes', 'Put thread end through eye of needle', 'repeat the same way', 'Pull through', 'Repeat for all holes to reinforce']","['Cut.', 'Get proper button']",Cut.,0,0, A
8,88.46153846153845,"['Drive to fabric store', 'Get the proper colored thread', 'Get clothes', 'Put thread end through eye of needle', 'repeat the same way', 'Pull through', 'Repeat for all holes to reinforce', 'Cut.']","['Thread one hole with the needle', 'Clean up.']",Clean up.,1,0, A
9,92.3076923076923,"['Drive to fabric store', 'Get the proper colored thread', 'Get clothes', 'Put thread end through eye of needle', 'repeat the same way', 'Pull through', 'Repeat for all holes to reinforce', 'Cut.', 'Clean up.']","['Cut excess thread', 'Check if the button is tight']",Check if the button is tight,1,0, A
0,0.0,[],"['Get your sewing kit', 'make sure button is secure']",Get your sewing kit,0,0, A
1,23.07692307692308,['Get your sewing kit'],"['Take a button', 'Cross over to perpendicular hole, push needle back through']",Take a button,0,0, A
2,30.76923076923077,"['Get your sewing kit', 'Take a button']","['Repeat 5 times with other two button holes', 'line it up with the hole']",line it up with the hole,1,0, A
3,34.61538461538461,"['Get your sewing kit', 'Take a button', 'line it up with the hole']","['Keep sewing until the button is secure.', 'thread the needle']",thread the needle,1,0, A
4,61.53846153846154,"['Get your sewing kit', 'Take a button', 'line it up with the hole', 'thread the needle']","['take needle bring up through the back of the item', 'Get item that needs button sewing on']",take needle bring up through the back of the item,0,0, A
5,76.92307692307693,"['Get your sewing kit', 'Take a button', 'line it up with the hole', 'thread the needle', 'take needle bring up through the back of the item']","['Get needle and thread', 'Repeat procedure until button is secure']",Repeat procedure until button is secure,1,0, A
6,80.76923076923077,"['Get your sewing kit', 'Take a button', 'line it up with the hole', 'thread the needle', 'take needle bring up through the back of the item', 'Repeat procedure until button is secure']","['Knot the end to make it stay', 'Tie the end of the string so it will not unravel']",Tie the end of the string so it will not unravel,1,0, A
7,84.61538461538461,"['Get your sewing kit', 'Take a button', 'line it up with the hole', 'thread the needle', 'take needle bring up through the back of the item', 'Repeat procedure until button is secure', 'Tie the end of the string so it will not unravel']","['Cut thread', 'get thread, needle, button to be sewn']",Cut thread,0,0, A
8,88.46153846153845,"['Get your sewing kit', 'Take a button', 'line it up with the hole', 'thread the needle', 'take needle bring up through the back of the item', 'Repeat procedure until button is secure', 'Tie the end of the string so it will not unravel', 'Cut thread']","['Put needle and thread back in drawer', 'Place the button in the right spot']",Put needle and thread back in drawer,0,0, A
9,92.3076923076923,"['Get your sewing kit', 'Take a button', 'line it up with the hole', 'thread the needle', 'take needle bring up through the back of the item', 'Repeat procedure until button is secure', 'Tie the end of the string so it will not unravel', 'Cut thread', 'Put needle and thread back in drawer']","['Check new button', 'FIND THE REPLACEMENT BUTTON']",Check new button,0,0, A
0,0.0,[],"['Get out sewing kit', 'Sew button through fourth and final hole']",Get out sewing kit,0,0, A
1,23.07692307692308,['Get out sewing kit'],"['Grab button', 'Cut off the extra thread']",Grab button,0,0, A
2,38.46153846153847,"['Get out sewing kit', 'Grab button']","['Tie knot in thread.', 'get needle']",Tie knot in thread.,0,0, A
3,42.30769230769231,"['Get out sewing kit', 'Grab button', 'Tie knot in thread.']","['Cut thread string to how much is needed', 'tying a knot with thread']",Cut thread string to how much is needed,0,0, A
4,61.53846153846154,"['Get out sewing kit', 'Grab button', 'Tie knot in thread.', 'Cut thread string to how much is needed']","['Pull thread through', 'Put away thread and needle']",Pull thread through,0,0, A
5,65.38461538461539,"['Get out sewing kit', 'Grab button', 'Tie knot in thread.', 'Cut thread string to how much is needed', 'Pull thread through']","['Pull needle out other side.', 'take the cloth to be sewed']",Pull needle out other side.,0,0, A
6,76.92307692307693,"['Get out sewing kit', 'Grab button', 'Tie knot in thread.', 'Cut thread string to how much is needed', 'Pull thread through', 'Pull needle out other side.']","['Repeat until sewed on.', 'tie a knot in thread']",Repeat until sewed on.,0,0, A
0,0.0,[],"['Place item on flat surface', 'get sewing kit']",get sewing kit,1,0, A
1,19.230769230769237,['get sewing kit'],"['sew button into fabric making sure stitches are secure', 'Choose thread to sew button on with.']",Choose thread to sew button on with.,1,0, A
2,30.76923076923077,"['get sewing kit', 'Choose thread to sew button on with.']","['MAKE SURE BUTTON IS SECURE', 'line it up with the hole']",line it up with the hole,1,0, A
3,42.30769230769231,"['get sewing kit', 'Choose thread to sew button on with.', 'line it up with the hole']","['Find similar color thread to use.', 'Cut excess thread']",Cut excess thread,1,0, A
4,61.53846153846154,"['get sewing kit', 'Choose thread to sew button on with.', 'line it up with the hole', 'Cut excess thread']","['Pass the needle through one of the button holes', 'Get some thread']",Pass the needle through one of the button holes,0,0, A
5,65.38461538461539,"['get sewing kit', 'Choose thread to sew button on with.', 'line it up with the hole', 'Cut excess thread', 'Pass the needle through one of the button holes']","['take the button', 'Bring the needle up through another hole on button.']",Bring the needle up through another hole on button.,1,0, A
6,76.92307692307693,"['get sewing kit', 'Choose thread to sew button on with.', 'line it up with the hole', 'Cut excess thread', 'Pass the needle through one of the button holes', 'Bring the needle up through another hole on button.']","['Get a thread and a needle', 'Continue sewing.']",Continue sewing.,1,0, A
7,84.61538461538461,"['get sewing kit', 'Choose thread to sew button on with.', 'line it up with the hole', 'Cut excess thread', 'Pass the needle through one of the button holes', 'Bring the needle up through another hole on button.', 'Continue sewing.']","['Cut thread', 'Select needle']",Cut thread,0,0, A
0,0.0,[],"['Thread the needle, double it up and tie a knot at the end', 'Gather supplies']",Gather supplies,1,0, A
1,7.6923076923076925,['Gather supplies'],"['Get needle and thread', 'put back all the materials']",Get needle and thread,0,0, A
2,26.923076923076923,"['Gather supplies', 'Get needle and thread']","['grab object the button is being sewed', 'Pass the needle through one of the button holes']",grab object the button is being sewed,0,0, A
3,30.76923076923077,"['Gather supplies', 'Get needle and thread', 'grab object the button is being sewed']","['repeat', 'Place button onto item of clothing']",Place button onto item of clothing,1,0, A
4,53.84615384615385,"['Gather supplies', 'Get needle and thread', 'grab object the button is being sewed', 'Place button onto item of clothing']","['Get needle', 'Continue to push and pull needle through button holes until button is secure']",Continue to push and pull needle through button holes until button is secure,1,0, A
5,80.76923076923077,"['Gather supplies', 'Get needle and thread', 'grab object the button is being sewed', 'Place button onto item of clothing', 'Continue to push and pull needle through button holes until button is secure']","[""TIE A KNOT IN THE END OF THE THREAD SO THE BUTTON DOESN'T COME OFF"", 'Get out needle, thread, button, and clothing item.']",TIE A KNOT IN THE END OF THE THREAD SO THE BUTTON DOESN'T COME OFF,0,0, A
6,88.46153846153845,"['Gather supplies', 'Get needle and thread', 'grab object the button is being sewed', 'Place button onto item of clothing', 'Continue to push and pull needle through button holes until button is secure', ""TIE A KNOT IN THE END OF THE THREAD SO THE BUTTON DOESN'T COME OFF""]","['put back all the materials', 'Get thread and needle']",put back all the materials,0,0, A
0,0.0,[],"['Get supplies - shirt, new button, thread, needle', 'repeat the same way']","Get supplies - shirt, new button, thread, needle",0,0, A
1,30.76923076923077,"['Get supplies - shirt, new button, thread, needle']","['Put button in the right area', 'Tie end in a knot']",Put button in the right area,0,0, A
2,53.84615384615385,"['Get supplies - shirt, new button, thread, needle', 'Put button in the right area']","['find needle and thread', 'Run needle and thread through button hole and fabric hole']",Run needle and thread through button hole and fabric hole,1,0, A
3,57.692307692307686,"['Get supplies - shirt, new button, thread, needle', 'Put button in the right area', 'Run needle and thread through button hole and fabric hole']","['getting out needle', 'Pull til it stops at the knot, push through fabric and another button hole']","Pull til it stops at the knot, push through fabric and another button hole",1,0, A
4,61.53846153846154,"['Get supplies - shirt, new button, thread, needle', 'Put button in the right area', 'Run needle and thread through button hole and fabric hole', 'Pull til it stops at the knot, push through fabric and another button hole']","['Get needle', 'Pull the needle until thread is completely on the other side of shirt']",Pull the needle until thread is completely on the other side of shirt,1,0, A
5,80.76923076923077,"['Get supplies - shirt, new button, thread, needle', 'Put button in the right area', 'Run needle and thread through button hole and fabric hole', 'Pull til it stops at the knot, push through fabric and another button hole', 'Pull the needle until thread is completely on the other side of shirt']","['Find a button', 'knot thread']",knot thread,1,0, A
6,84.61538461538461,"['Get supplies - shirt, new button, thread, needle', 'Put button in the right area', 'Run needle and thread through button hole and fabric hole', 'Pull til it stops at the knot, push through fabric and another button hole', 'Pull the needle until thread is completely on the other side of shirt', 'knot thread']","['place button where you want it', 'Cut away any extra string']",Cut away any extra string,1,0, A
0,0.0,[],"['Get your sewing kit', 'Push the needle through one button hole and back out another hole']",Get your sewing kit,0,0, A
1,7.6923076923076925,['Get your sewing kit'],"['Obtain needle and thread', 'Break the thread and tie a final knot']",Obtain needle and thread,0,0, A
2,30.76923076923077,"['Get your sewing kit', 'Obtain needle and thread']","['Cut off excess thread', 'Mark on clothing where button is to go']",Mark on clothing where button is to go,1,0, A
3,34.61538461538461,"['Get your sewing kit', 'Obtain needle and thread', 'Mark on clothing where button is to go']","['put thread through needle', 'pull needle through to knot']",put thread through needle,0,0, A
4,50.0,"['Get your sewing kit', 'Obtain needle and thread', 'Mark on clothing where button is to go', 'put thread through needle']","['Put the thread through the button and start threading', 'Find a needle']",Put the thread through the button and start threading,0,0, A
5,61.53846153846154,"['Get your sewing kit', 'Obtain needle and thread', 'Mark on clothing where button is to go', 'put thread through needle', 'Put the thread through the button and start threading']","['Find some thread', 'Starting from the bottom, poke needle through hole in button']","Starting from the bottom, poke needle through hole in button",1,0, A
6,76.92307692307693,"['Get your sewing kit', 'Obtain needle and thread', 'Mark on clothing where button is to go', 'put thread through needle', 'Put the thread through the button and start threading', 'Starting from the bottom, poke needle through hole in button']","['Get button', ""Make 4 x's in button.""]",Make 4 x's in button.,1,0, A
7,84.61538461538461,"['Get your sewing kit', 'Obtain needle and thread', 'Mark on clothing where button is to go', 'put thread through needle', 'Put the thread through the button and start threading', 'Starting from the bottom, poke needle through hole in button', ""Make 4 x's in button.""]","['Place the button in the right spot', 'cut thread from button']",cut thread from button,1,0, A
0,0.0,[],"['Find sewing kit.', 'Get back the needle through the fourth button hole']",Find sewing kit.,0,0, A
1,23.07692307692308,['Find sewing kit.'],"['Find matching button, or old button.', 'sew the button on carefully']","Find matching button, or old button.",0,0, A
2,26.923076923076923,"['Find sewing kit.', 'Find matching button, or old button.']","['Find sewing kit.', 'Hold shirt with non-dominant hand']",Hold shirt with non-dominant hand,1,0, A
3,34.61538461538461,"['Find sewing kit.', 'Find matching button, or old button.', 'Hold shirt with non-dominant hand']","['when done tie the end properly', 'Put thread through needle hole']",Put thread through needle hole,1,0, A
4,38.46153846153847,"['Find sewing kit.', 'Find matching button, or old button.', 'Hold shirt with non-dominant hand', 'Put thread through needle hole']","['Select needle', 'Tie knot in thread.']",Tie knot in thread.,1,0, A
5,61.53846153846154,"['Find sewing kit.', 'Find matching button, or old button.', 'Hold shirt with non-dominant hand', 'Put thread through needle hole', 'Tie knot in thread.']","['Thread one hole with the needle', 'Cut off end from needle']",Thread one hole with the needle,0,0, A
6,76.92307692307693,"['Find sewing kit.', 'Find matching button, or old button.', 'Hold shirt with non-dominant hand', 'Put thread through needle hole', 'Tie knot in thread.', 'Thread one hole with the needle']","['Repeat', 'Thread the needle.']",Repeat,0,0, A
7,80.76923076923077,"['Find sewing kit.', 'Find matching button, or old button.', 'Hold shirt with non-dominant hand', 'Put thread through needle hole', 'Tie knot in thread.', 'Thread one hole with the needle', 'Repeat']","['Tie off the end of the thread', 'Find a needle']",Tie off the end of the thread,0,0, A
8,88.46153846153845,"['Find sewing kit.', 'Find matching button, or old button.', 'Hold shirt with non-dominant hand', 'Put thread through needle hole', 'Tie knot in thread.', 'Thread one hole with the needle', 'Repeat', 'Tie off the end of the thread']","['Select needle', 'put items away when done']",put items away when done,1,0, A
9,92.3076923076923,"['Find sewing kit.', 'Find matching button, or old button.', 'Hold shirt with non-dominant hand', 'Put thread through needle hole', 'Tie knot in thread.', 'Thread one hole with the needle', 'Repeat', 'Tie off the end of the thread', 'put items away when done']","['Put the thread through the button and start threading', 'MAKE SURE BUTTON IS SECURE']",MAKE SURE BUTTON IS SECURE,1,0, A
0,0.0,[],"['Get button, thread, needle and scissors', 'Tie knot with thread']","Get button, thread, needle and scissors",0,0, A
1,30.76923076923077,"['Get button, thread, needle and scissors']","['Keep sewing until the button is secure.', 'Find the location where button needs to be sewn.']",Find the location where button needs to be sewn.,1,0, A
2,46.15384615384615,"['Get button, thread, needle and scissors', 'Find the location where button needs to be sewn.']","['take the needle and matching thread', 'Use the needle to sew the broken button']",Use the needle to sew the broken button,1,0, A
3,61.53846153846154,"['Get button, thread, needle and scissors', 'Find the location where button needs to be sewn.', 'Use the needle to sew the broken button']","['take needle bring up through the back of the item', 'Pick thread to use']",take needle bring up through the back of the item,0,0, A
4,76.92307692307693,"['Get button, thread, needle and scissors', 'Find the location where button needs to be sewn.', 'Use the needle to sew the broken button', 'take needle bring up through the back of the item']","['Knot the ends of the thread together.', 'Keep sewing until the button is secure.']",Keep sewing until the button is secure.,1,0, A
5,84.61538461538461,"['Get button, thread, needle and scissors', 'Find the location where button needs to be sewn.', 'Use the needle to sew the broken button', 'take needle bring up through the back of the item', 'Keep sewing until the button is secure.']","['Thread the needle.', 'Cut the thread']",Cut the thread,1,0, A
6,88.46153846153845,"['Get button, thread, needle and scissors', 'Find the location where button needs to be sewn.', 'Use the needle to sew the broken button', 'take needle bring up through the back of the item', 'Keep sewing until the button is secure.', 'Cut the thread']","['put items away when done', 'Find a button to sew.']",put items away when done,0,0, A
0,0.0,[],"['Pass the needle in and out of holes on button', 'Get out sewing kit.']",Get out sewing kit.,1,0, A
1,34.61538461538461,['Get out sewing kit.'],"['Secure the button with a knot', 'Position needle with thread']",Position needle with thread,1,0, A
2,42.30769230769231,"['Get out sewing kit.', 'Position needle with thread']","['Cut away old strings', 'Secure the button with a knot']",Cut away old strings,0,0, A
3,46.15384615384615,"['Get out sewing kit.', 'Position needle with thread', 'Cut away old strings']","['Get out needle, thread, button, and clothing item.', 'Apply button by driving needle through button']",Apply button by driving needle through button,1,0, A
4,76.92307692307693,"['Get out sewing kit.', 'Position needle with thread', 'Cut away old strings', 'Apply button by driving needle through button']","['GET SOME NEEDLE AND THREAD', 'repeat 6 more times']",repeat 6 more times,1,0, A
0,0.0,[],"['Put thread through button', 'Get scissors, needle, button and thread']","Get scissors, needle, button and thread",1,0, A
1,26.923076923076923,"['Get scissors, needle, button and thread']","['Cut thread', 'Take shirt']",Take shirt,1,0, A
2,30.76923076923077,"['Get scissors, needle, button and thread', 'Take shirt']","['Find the location where button needs to be sewn.', 'Keep sewing until the button is secure.']",Find the location where button needs to be sewn.,0,0, A
3,34.61538461538461,"['Get scissors, needle, button and thread', 'Take shirt', 'Find the location where button needs to be sewn.']","['Thread the needle.', 'Tie knot.']",Thread the needle.,0,0, A
4,50.0,"['Get scissors, needle, button and thread', 'Take shirt', 'Find the location where button needs to be sewn.', 'Thread the needle.']","['Get supplies - shirt, new button, thread, needle', 'Insert the needle from the bottom where the button is to be sewn']",Insert the needle from the bottom where the button is to be sewn,1,0, A
5,80.76923076923077,"['Get scissors, needle, button and thread', 'Take shirt', 'Find the location where button needs to be sewn.', 'Thread the needle.', 'Insert the needle from the bottom where the button is to be sewn']","['Tie off thread', 'Place button where you want it to go']",Tie off thread,0,0, A
6,88.46153846153845,"['Get scissors, needle, button and thread', 'Take shirt', 'Find the location where button needs to be sewn.', 'Thread the needle.', 'Insert the needle from the bottom where the button is to be sewn', 'Tie off thread']","['PUT NEEDLE AND THREAD AWAY', 'attach button']",PUT NEEDLE AND THREAD AWAY,0,0, A
7,92.3076923076923,"['Get scissors, needle, button and thread', 'Take shirt', 'Find the location where button needs to be sewn.', 'Thread the needle.', 'Insert the needle from the bottom where the button is to be sewn', 'Tie off thread', 'PUT NEEDLE AND THREAD AWAY']","['Get button', 'Check if the button is tight']",Check if the button is tight,1,0, A
0,0.0,[],"['Drive to fabric store', 'Poke needle through opposite hole']",Drive to fabric store,0,0, A
1,19.230769230769237,['Drive to fabric store'],"['Insert the needle back into the garment from the top of the button', 'Get thread']",Get thread,1,0, A
2,23.07692307692308,"['Drive to fabric store', 'Get thread']","['Choose a button.', 'Break the thread and tie a final knot']",Choose a button.,0,0, A
3,26.923076923076923,"['Drive to fabric store', 'Get thread', 'Choose a button.']","['taking the right button out', 'Put needle through button and clothing.']",taking the right button out,0,0, A
4,34.61538461538461,"['Drive to fabric store', 'Get thread', 'Choose a button.', 'taking the right button out']","['threading a needle with thread', 'Repeat several times until button is secure']",threading a needle with thread,0,0, A
5,46.15384615384615,"['Drive to fabric store', 'Get thread', 'Choose a button.', 'taking the right button out', 'threading a needle with thread']","['Sew button onto garment.', 'Thread needle']",Sew button onto garment.,0,0, A
6,53.84615384615385,"['Drive to fabric store', 'Get thread', 'Choose a button.', 'taking the right button out', 'threading a needle with thread', 'Sew button onto garment.']","['Pick a needle', 'Run needle and thread through button hole and fabric hole']",Run needle and thread through button hole and fabric hole,1,0, A
7,61.53846153846154,"['Drive to fabric store', 'Get thread', 'Choose a button.', 'taking the right button out', 'threading a needle with thread', 'Sew button onto garment.', 'Run needle and thread through button hole and fabric hole']","['Sew button onto fabric through the first hole', 'Get out sewing kit.']",Sew button onto fabric through the first hole,0,0, A
8,80.76923076923077,"['Drive to fabric store', 'Get thread', 'Choose a button.', 'taking the right button out', 'threading a needle with thread', 'Sew button onto garment.', 'Run needle and thread through button hole and fabric hole', 'Sew button onto fabric through the first hole']","['Get sewing kit', ""TIE A KNOT IN THE END OF THE THREAD SO THE BUTTON DOESN'T COME OFF""]",TIE A KNOT IN THE END OF THE THREAD SO THE BUTTON DOESN'T COME OFF,1,0, A
9,84.61538461538461,"['Drive to fabric store', 'Get thread', 'Choose a button.', 'taking the right button out', 'threading a needle with thread', 'Sew button onto garment.', 'Run needle and thread through button hole and fabric hole', 'Sew button onto fabric through the first hole', ""TIE A KNOT IN THE END OF THE THREAD SO THE BUTTON DOESN'T COME OFF""]","['Cut the thread.', 'line new button up with corresponding button hole']",Cut the thread.,0,0, A
10,88.46153846153845,"['Drive to fabric store', 'Get thread', 'Choose a button.', 'taking the right button out', 'threading a needle with thread', 'Sew button onto garment.', 'Run needle and thread through button hole and fabric hole', 'Sew button onto fabric through the first hole', ""TIE A KNOT IN THE END OF THE THREAD SO THE BUTTON DOESN'T COME OFF"", 'Cut the thread.']","['grab object the button is being sewed', 'Put the needle and thread away']",Put the needle and thread away,1,0, A
0,0.0,[],"['Thread needle', 'Drive to fabric store']",Drive to fabric store,1,0, A
1,19.230769230769237,['Drive to fabric store'],"['Choose thread to sew button on with.', ""Make sure it's secure""]",Choose thread to sew button on with.,0,0, A
2,23.07692307692308,"['Drive to fabric store', 'Choose thread to sew button on with.']","['Loop thread to create knot in thread.', 'Get button']",Get button,1,0, A
3,50.0,"['Drive to fabric store', 'Choose thread to sew button on with.', 'Get button']","['Take out the needle', 'push the needle through the fabric']",push the needle through the fabric,1,0, A
4,76.92307692307693,"['Drive to fabric store', 'Choose thread to sew button on with.', 'Get button', 'push the needle through the fabric']","['Find matching thread', 'Continue to loop the needle and thread through the button holes.']",Continue to loop the needle and thread through the button holes.,1,0, A
5,84.61538461538461,"['Drive to fabric store', 'Choose thread to sew button on with.', 'Get button', 'push the needle through the fabric', 'Continue to loop the needle and thread through the button holes.']","['Thread the needle', 'Cut thread']",Cut thread,1,0, A
6,88.46153846153845,"['Drive to fabric store', 'Choose thread to sew button on with.', 'Get button', 'push the needle through the fabric', 'Continue to loop the needle and thread through the button holes.', 'Cut thread']","['Get needle and thread', 'Put everything away.']",Put everything away.,1,0, A
7,92.3076923076923,"['Drive to fabric store', 'Choose thread to sew button on with.', 'Get button', 'push the needle through the fabric', 'Continue to loop the needle and thread through the button holes.', 'Cut thread', 'Put everything away.']","['Tie knot on needle.', 'Check the button']",Check the button,1,0, A
0,0.0,[],"['Tie a knot in the thread', 'Get sewing kit']",Get sewing kit,1,0, A
1,34.61538461538461,['Get sewing kit'],"['Thread a needle with thread that matches shirt that needs a new button.', 'Repeat until button is tight']",Thread a needle with thread that matches shirt that needs a new button.,0,0, A
2,46.15384615384615,"['Get sewing kit', 'Thread a needle with thread that matches shirt that needs a new button.']","['Start to sew on button', 'Get the proper colored thread']",Start to sew on button,0,0, A
3,80.76923076923077,"['Get sewing kit', 'Thread a needle with thread that matches shirt that needs a new button.', 'Start to sew on button']","['Tie off finishing knot', 'Get the button.']",Tie off finishing knot,0,0, A
0,0.0,[],"['Drive to fabric store', 'Cut thread']",Drive to fabric store,0,0, A
1,19.230769230769237,['Drive to fabric store'],"['gathering thread', 'use the string to make it stay in place']",gathering thread,0,0, A
2,26.923076923076923,"['Drive to fabric store', 'gathering thread']","['Prepare garment for sewing', 'Put needle in other button hole.']",Prepare garment for sewing,0,0, A
3,46.15384615384615,"['Drive to fabric store', 'gathering thread', 'Prepare garment for sewing']","['Find button that matches lost button.', 'Sew the button']",Sew the button,1,0, A
0,0.0,[],"['Repeat through each button hole', 'get sewing kit']",get sewing kit,1,0, A
1,7.6923076923076925,['get sewing kit'],"['Get a needle and thread.', 'Cut thread']",Get a needle and thread.,0,0, A
2,26.923076923076923,"['get sewing kit', 'Get a needle and thread.']","['Insert the needle from the bottom where the button is to be sewn', 'grab object the button is being sewed']",grab object the button is being sewed,1,0, A
3,30.76923076923077,"['get sewing kit', 'Get a needle and thread.', 'grab object the button is being sewed']","['Place button onto item of clothing', 'put items away when done']",Place button onto item of clothing,0,0, A
4,61.53846153846154,"['get sewing kit', 'Get a needle and thread.', 'grab object the button is being sewed', 'Place button onto item of clothing']","['Push needle through first hole', 'cut thread from button']",Push needle through first hole,0,0, A
5,65.38461538461539,"['get sewing kit', 'Get a needle and thread.', 'grab object the button is being sewed', 'Place button onto item of clothing', 'Push needle through first hole']","['Put the needle thorough the back of the button hole.', 'Take a needle']",Put the needle thorough the back of the button hole.,0,0, A
6,76.92307692307693,"['get sewing kit', 'Get a needle and thread.', 'grab object the button is being sewed', 'Place button onto item of clothing', 'Push needle through first hole', 'Put the needle thorough the back of the button hole.']","['Get proper button', 'Keep sewing until the button is secure.']",Keep sewing until the button is secure.,1,0, A
0,0.0,[],"['When button is securely in place tie knot in thread at back of garment', 'Find sewing kit.']",Find sewing kit.,1,0, A
1,19.230769230769237,['Find sewing kit.'],"['get thread', 'Tie off the thread']",get thread,0,0, A
2,23.07692307692308,"['Find sewing kit.', 'get thread']","['put sewing kit away', 'Get a replacement button.']",Get a replacement button.,1,0, A
3,38.46153846153847,"['Find sewing kit.', 'get thread', 'Get a replacement button.']","['Find sewing kit', 'Tie a knot at the end of thread']",Tie a knot at the end of thread,1,0, A
4,50.0,"['Find sewing kit.', 'get thread', 'Get a replacement button.', 'Tie a knot at the end of thread']","['Poke hole with needle through button hole and fabric', 'gathering thread']",Poke hole with needle through button hole and fabric,0,0, A
5,80.76923076923077,"['Find sewing kit.', 'get thread', 'Get a replacement button.', 'Tie a knot at the end of thread', 'Poke hole with needle through button hole and fabric']","['Loop thread to create knot in thread.', 'Insert the needle back into the garment from the top of the button']",Loop thread to create knot in thread.,0,0, A
6,88.46153846153845,"['Find sewing kit.', 'get thread', 'Get a replacement button.', 'Tie a knot at the end of thread', 'Poke hole with needle through button hole and fabric', 'Loop thread to create knot in thread.']","['put needle and thread away', 'Prepare needle and thread.']",put needle and thread away,0,0, A
0,0.0,[],"['Get supplies - shirt, new button, thread, needle', 'tie a knot in thread']","Get supplies - shirt, new button, thread, needle",0,0, A
1,26.923076923076923,"['Get supplies - shirt, new button, thread, needle']","['Hold shirt with non-dominant hand', 'Push the needle through the fabric']",Hold shirt with non-dominant hand,0,0, A
2,34.61538461538461,"['Get supplies - shirt, new button, thread, needle', 'Hold shirt with non-dominant hand']","['thread the needle', 'Tie off the end of the thread']",thread the needle,0,0, A
3,46.15384615384615,"['Get supplies - shirt, new button, thread, needle', 'Hold shirt with non-dominant hand', 'thread the needle']","['Push the needle through the garment into the button', 'grab a needle']",Push the needle through the garment into the button,0,0, A
0,0.0,[],"['Get out sewing kit.', 'Cut the excess thread']",Get out sewing kit.,0,0, A
1,11.538461538461538,['Get out sewing kit.'],"['Take a needle', 'Poke needle through opposite hole']",Take a needle,0,0, A
2,34.61538461538461,"['Get out sewing kit.', 'Take a needle']","['Cut excess thread', 'Stick the head through the needle eye']",Stick the head through the needle eye,1,0, A
3,38.46153846153847,"['Get out sewing kit.', 'Take a needle', 'Stick the head through the needle eye']","['Knot the ends of the thread together.', 'Pick a needle']",Knot the ends of the thread together.,0,0, A
4,61.53846153846154,"['Get out sewing kit.', 'Take a needle', 'Stick the head through the needle eye', 'Knot the ends of the thread together.']","['take the needle and matching thread', 'Pull the needle until thread is completely on the other side of shirt']",Pull the needle until thread is completely on the other side of shirt,1,0, A
5,80.76923076923077,"['Get out sewing kit.', 'Take a needle', 'Stick the head through the needle eye', 'Knot the ends of the thread together.', 'Pull the needle until thread is completely on the other side of shirt']","['Tie off thread', 'Cut about 16 inches worth of thread.']",Tie off thread,0,0, A
6,84.61538461538461,"['Get out sewing kit.', 'Take a needle', 'Stick the head through the needle eye', 'Knot the ends of the thread together.', 'Pull the needle until thread is completely on the other side of shirt', 'Tie off thread']","['Find a button that matches', 'Cut thread.']",Cut thread.,1,0, A
7,88.46153846153845,"['Get out sewing kit.', 'Take a needle', 'Stick the head through the needle eye', 'Knot the ends of the thread together.', 'Pull the needle until thread is completely on the other side of shirt', 'Tie off thread', 'Cut thread.']","['Put the needle and thread away', 'Pull out a length of thread.']",Put the needle and thread away,0,0, A
0,0.0,[],"['Cut off excess thread', 'Get out sewing kit']",Get out sewing kit,1,0, A
1,19.230769230769237,['Get out sewing kit'],"['Ending again in the back of the garment cut off the thread.', 'Get thread']",Get thread,1,0, A
2,23.07692307692308,"['Get out sewing kit', 'Get thread']","['Get button', 'Cut thread.']",Get button,0,0, A
3,38.46153846153847,"['Get out sewing kit', 'Get thread', 'Get button']","['Repeat procedure until button is secure', 'Tie knot in thread']",Tie knot in thread,1,0, A
4,61.53846153846154,"['Get out sewing kit', 'Get thread', 'Get button', 'Tie knot in thread']","['Select thread of correct color', 'Sew button onto fabric through the first hole']",Sew button onto fabric through the first hole,1,0, A
5,76.92307692307693,"['Get out sewing kit', 'Get thread', 'Get button', 'Tie knot in thread', 'Sew button onto fabric through the first hole']","['find button', 'Continue until button is secure']",Continue until button is secure,1,0, A
6,84.61538461538461,"['Get out sewing kit', 'Get thread', 'Get button', 'Tie knot in thread', 'Sew button onto fabric through the first hole', 'Continue until button is secure']","['Cut excess thread', 'Cut length of thread']",Cut excess thread,0,0, A
7,88.46153846153845,"['Get out sewing kit', 'Get thread', 'Get button', 'Tie knot in thread', 'Sew button onto fabric through the first hole', 'Continue until button is secure', 'Cut excess thread']","['Get a replacement button.', 'Take out the needle']",Take out the needle,1,0, A
0,0.0,[],"['Continue to loop the needle and thread through the button holes.', 'Get a thimble']",Get a thimble,1,0, A
1,26.923076923076923,['Get a thimble'],"['pull needle through to knot', 'Lay down garment']",Lay down garment,1,0, A
2,30.76923076923077,"['Get a thimble', 'Lay down garment']","['Hold button to material.', 'Get sewing basket']",Hold button to material.,0,0, A
3,53.84615384615385,"['Get a thimble', 'Lay down garment', 'Hold button to material.']","['Get the garment', 'Continue to push and pull needle through button holes until button is secure']",Continue to push and pull needle through button holes until button is secure,1,0, A
4,76.92307692307693,"['Get a thimble', 'Lay down garment', 'Hold button to material.', 'Continue to push and pull needle through button holes until button is secure']","['Thread needle', 'Repeat']",Repeat,1,0, A
0,0.0,[],"['Get button, thread, needle and scissors', 'Put thread in it']","Get button, thread, needle and scissors",0,0, A
1,7.6923076923076925,"['Get button, thread, needle and scissors']","['Collect thread and needle.', 'Tie thread to needle']",Collect thread and needle.,0,0, A
2,19.230769230769237,"['Get button, thread, needle and scissors', 'Collect thread and needle.']","['Sew thread on needle through hole of button.', 'Get thread']",Get thread,1,0, A
3,26.923076923076923,"['Get button, thread, needle and scissors', 'Collect thread and needle.', 'Get thread']","['Take shirt', 'Push needle through other hole of button and through clothes']",Take shirt,0,0, A
4,50.0,"['Get button, thread, needle and scissors', 'Collect thread and needle.', 'Get thread', 'Take shirt']","['Get a needle and thread', 'pull through on the other side']",pull through on the other side,1,0, A
5,80.76923076923077,"['Get button, thread, needle and scissors', 'Collect thread and needle.', 'Get thread', 'Take shirt', 'pull through on the other side']","['Tie end in a knot', 'Find replacement button.']",Tie end in a knot,0,0, A
6,88.46153846153845,"['Get button, thread, needle and scissors', 'Collect thread and needle.', 'Get thread', 'Take shirt', 'pull through on the other side', 'Tie end in a knot']","['put items away when done', 'Get needle']",put items away when done,0,0, A
0,0.0,[],"['Put needle and thread through shirt', 'Grab the fabric and button']",Grab the fabric and button,1,0, A
1,7.6923076923076925,['Grab the fabric and button'],"['Remove thread and needle from kit', 'Push needle through back of clothes and through hole of button']",Remove thread and needle from kit,0,0, A
2,34.61538461538461,"['Grab the fabric and button', 'Remove thread and needle from kit']","['Put thread through needle hole', 'Repeat procedure until button is secure']",Put thread through needle hole,0,0, A
3,46.15384615384615,"['Grab the fabric and button', 'Remove thread and needle from kit', 'Put thread through needle hole']","['Sow the thread through the button holes quite a few times', 'Grab a needle and thread']",Sow the thread through the button holes quite a few times,0,0, A
0,0.0,[],"['Knot thread', 'Get out sewing kit.']",Get out sewing kit.,1,0, A
1,11.538461538461538,['Get out sewing kit.'],"['Sew button onto fabric through the first hole', 'Get a needle']",Get a needle,1,0, A
2,23.07692307692308,"['Get out sewing kit.', 'Get a needle']","['Get a replacement button.', 'Ending again in the back of the garment cut off the thread.']",Get a replacement button.,0,0, A
3,30.76923076923077,"['Get out sewing kit.', 'Get a needle', 'Get a replacement button.']","['Insert the needle back into the garment from the top of the button', 'Place new button where I want it to go']",Place new button where I want it to go,1,0, A
4,53.84615384615385,"['Get out sewing kit.', 'Get a needle', 'Get a replacement button.', 'Place new button where I want it to go']","['Get a needle and thread', 'pass needle through needle hole in button']",pass needle through needle hole in button,1,0, A
5,57.692307692307686,"['Get out sewing kit.', 'Get a needle', 'Get a replacement button.', 'Place new button where I want it to go', 'pass needle through needle hole in button']","['Get thread.', 'Insert the needle back into the garment from the top of the button']",Insert the needle back into the garment from the top of the button,1,0, A
6,76.92307692307693,"['Get out sewing kit.', 'Get a needle', 'Get a replacement button.', 'Place new button where I want it to go', 'pass needle through needle hole in button', 'Insert the needle back into the garment from the top of the button']","['Continue crisscrossing thread between holes of button until button is tight.', 'Find thread that matches']",Continue crisscrossing thread between holes of button until button is tight.,0,0, A
0,0.0,[],"['Get sewing kit', 'Sew the button through the button holes onto the shirt']",Get sewing kit,0,0, A
1,23.07692307692308,['Get sewing kit'],"['Continue sewing.', 'Take a button']",Take a button,1,0, A
2,38.46153846153847,"['Get sewing kit', 'Take a button']","['knot thread', 'Grab the fabric and button']",knot thread,0,0, A
3,46.15384615384615,"['Get sewing kit', 'Take a button', 'knot thread']","['Find sewing kit.', 'Use needle to go through button holes']",Use needle to go through button holes,1,0, A
4,88.46153846153845,"['Get sewing kit', 'Take a button', 'knot thread', 'Use needle to go through button holes']","['Get needle', 'Put the needle and thread away']",Put the needle and thread away,1,0, A
0,0.0,[],"['Drive to fabric store', 'Tie off the end of the thread']",Drive to fabric store,0,0, A
1,19.230769230769237,['Drive to fabric store'],"['ATTACH BUTTON USING NEEDLE AND THREAD', 'Find thread that matches']",Find thread that matches,1,0, A
2,26.923076923076923,"['Drive to fabric store', 'Find thread that matches']","['Get clothes', 'Cut loose ends.']",Get clothes,0,0, A
3,46.15384615384615,"['Drive to fabric store', 'Find thread that matches', 'Get clothes']","['Get thread.', 'Pass needle through shirt and button holes']",Pass needle through shirt and button holes,1,0, A
4,53.84615384615385,"['Drive to fabric store', 'Find thread that matches', 'Get clothes', 'Pass needle through shirt and button holes']","['pass needle through needle hole in button', 'Get a shirt.']",pass needle through needle hole in button,0,0, A
5,61.53846153846154,"['Drive to fabric store', 'Find thread that matches', 'Get clothes', 'Pass needle through shirt and button holes', 'pass needle through needle hole in button']","['Get needle and thread', 'Holding button at appropriate location, press needle through first hole on button.']","Holding button at appropriate location, press needle through first hole on button.",1,0, A
6,65.38461538461539,"['Drive to fabric store', 'Find thread that matches', 'Get clothes', 'Pass needle through shirt and button holes', 'pass needle through needle hole in button', 'Holding button at appropriate location, press needle through first hole on button.']","['Cross over to perpendicular hole, push needle back through', 'taking the right button out']","Cross over to perpendicular hole, push needle back through",0,0, A
7,76.92307692307693,"['Drive to fabric store', 'Find thread that matches', 'Get clothes', 'Pass needle through shirt and button holes', 'pass needle through needle hole in button', 'Holding button at appropriate location, press needle through first hole on button.', 'Cross over to perpendicular hole, push needle back through']","['Select thread', 'Continue to loop the needle and thread through the button holes.']",Continue to loop the needle and thread through the button holes.,1,0, A
0,0.0,[],"['Drive to fabric store', 'Insert the needle back into the garment from the top of the button']",Drive to fabric store,0,0, A
1,19.230769230769237,['Drive to fabric store'],"['Find thread that matches', 'Stick needle through hole and secure with thread']",Find thread that matches,0,0, A
2,23.07692307692308,"['Drive to fabric store', 'Find thread that matches']","['Find similar button', 'cut remaining thread away']",Find similar button,0,0, A
3,26.923076923076923,"['Drive to fabric store', 'Find thread that matches', 'Find similar button']","['repeat 5-8 several times until button is secure', 'grab object the button is being sewed']",grab object the button is being sewed,1,0, A
4,30.76923076923077,"['Drive to fabric store', 'Find thread that matches', 'Find similar button', 'grab object the button is being sewed']","['line it up with the hole', 'Tie a knot.']",line it up with the hole,0,0, A
5,42.30769230769231,"['Drive to fabric store', 'Find thread that matches', 'Find similar button', 'grab object the button is being sewed', 'line it up with the hole']","['repeat 5-8 several times until button is secure', 'measure and cut length of thread']",measure and cut length of thread,1,0, A
6,61.53846153846154,"['Drive to fabric store', 'Find thread that matches', 'Find similar button', 'grab object the button is being sewed', 'line it up with the hole', 'measure and cut length of thread']","['Start sewing going into the back of the garment.', 'Cut off end from needle']",Start sewing going into the back of the garment.,0,0, A
7,80.76923076923077,"['Drive to fabric store', 'Find thread that matches', 'Find similar button', 'grab object the button is being sewed', 'line it up with the hole', 'measure and cut length of thread', 'Start sewing going into the back of the garment.']","['Put an end of the thread through the eye of the needle', 'Tie off thread']",Tie off thread,1,0, A
8,84.61538461538461,"['Drive to fabric store', 'Find thread that matches', 'Find similar button', 'grab object the button is being sewed', 'line it up with the hole', 'measure and cut length of thread', 'Start sewing going into the back of the garment.', 'Tie off thread']","['break the thread', ""Insert the thread into the eye of the needle and tie a knot so it's attached.""]",break the thread,0,0, A
0,0.0,[],"['Tie the thread round in between the garment and button', 'Grab the fabric and button']",Grab the fabric and button,1,0, A
1,30.76923076923077,['Grab the fabric and button'],"['line it up with the hole', 'Get back the needle through the third button hole']",line it up with the hole,0,0, A
2,46.15384615384615,"['Grab the fabric and button', 'line it up with the hole']","['Grab a needle and thread', 'use the string to make it stay in place']",use the string to make it stay in place,1,0, A
3,61.53846153846154,"['Grab the fabric and button', 'line it up with the hole', 'use the string to make it stay in place']","['get some thread', 'Insert needle through one side of button']",Insert needle through one side of button,1,0, A
4,65.38461538461539,"['Grab the fabric and button', 'line it up with the hole', 'use the string to make it stay in place', 'Insert needle through one side of button']","['Sew button through second hole', 'Tie knot in other end of thread']",Sew button through second hole,0,0, A
5,69.23076923076923,"['Grab the fabric and button', 'line it up with the hole', 'use the string to make it stay in place', 'Insert needle through one side of button', 'Sew button through second hole']","['Move needle down to hole opposite first hole', 'Place the button at right place']",Move needle down to hole opposite first hole,0,0, A
6,73.07692307692307,"['Grab the fabric and button', 'line it up with the hole', 'use the string to make it stay in place', 'Insert needle through one side of button', 'Sew button through second hole', 'Move needle down to hole opposite first hole']","['Push needle down through other button on hole', 'get needle']",Push needle down through other button on hole,0,0, A
7,80.76923076923077,"['Grab the fabric and button', 'line it up with the hole', 'use the string to make it stay in place', 'Insert needle through one side of button', 'Sew button through second hole', 'Move needle down to hole opposite first hole', 'Push needle down through other button on hole']","['tie off thread', 'Grab the fabric and button']",tie off thread,0,0, A
8,88.46153846153845,"['Grab the fabric and button', 'line it up with the hole', 'use the string to make it stay in place', 'Insert needle through one side of button', 'Sew button through second hole', 'Move needle down to hole opposite first hole', 'Push needle down through other button on hole', 'tie off thread']","['Take out the needle', 'push needle through button and shirt']",Take out the needle,0,0, A
9,92.3076923076923,"['Grab the fabric and button', 'line it up with the hole', 'use the string to make it stay in place', 'Insert needle through one side of button', 'Sew button through second hole', 'Move needle down to hole opposite first hole', 'Push needle down through other button on hole', 'tie off thread', 'Take out the needle']","['Find right color string', 'Check the button']",Check the button,1,0, A
0,0.0,[],"['Drive to fabric store', 'Put the button in the correct spot.']",Drive to fabric store,0,0, A
1,19.230769230769237,['Drive to fabric store'],"['Take thread from sewing kit', 'put needle into adjoining hole']",Take thread from sewing kit,0,0, A
2,23.07692307692308,"['Drive to fabric store', 'Take thread from sewing kit']","['Use needle and thread to sew button', 'find the button']",find the button,1,0, A
3,38.46153846153847,"['Drive to fabric store', 'Take thread from sewing kit', 'find the button']","['grab a needle and string', 'Tie knot in thread']",Tie knot in thread,1,0, A
4,50.0,"['Drive to fabric store', 'Take thread from sewing kit', 'find the button', 'Tie knot in thread']","['insert needle through cloth', 'Cut.']",insert needle through cloth,0,0, A
5,53.84615384615385,"['Drive to fabric store', 'Take thread from sewing kit', 'find the button', 'Tie knot in thread', 'insert needle through cloth']","['Pull through other end', 'Get needle and thread']",Pull through other end,0,0, A
6,84.61538461538461,"['Drive to fabric store', 'Take thread from sewing kit', 'find the button', 'Tie knot in thread', 'insert needle through cloth', 'Pull through other end']","['Cut away any extra string', 'Select a button']",Cut away any extra string,0,0, A
7,88.46153846153845,"['Drive to fabric store', 'Take thread from sewing kit', 'find the button', 'Tie knot in thread', 'insert needle through cloth', 'Pull through other end', 'Cut away any extra string']","['Find a button to sew.', 'Put away thread and needle']",Put away thread and needle,1,0, A
0,0.0,[],"['Place button on desired spot on shirt.', 'Get out sewing kit.']",Get out sewing kit.,1,0, A
1,19.230769230769237,['Get out sewing kit.'],"['Select thread', 'Sew the button in place with the needle and thread']",Select thread,0,0, A
2,30.76923076923077,"['Get out sewing kit.', 'Select thread']","['Take out sewing kit.', 'Put the button in the correct spot.']",Put the button in the correct spot.,1,0, A
3,42.30769230769231,"['Get out sewing kit.', 'Select thread', 'Put the button in the correct spot.']","['Cut away old strings', 'Cut excess thread']",Cut away old strings,0,0, A
4,46.15384615384615,"['Get out sewing kit.', 'Select thread', 'Put the button in the correct spot.', 'Cut away old strings']","['Using threaded needle, sew button on to garment.', 'Get your sewing kit']","Using threaded needle, sew button on to garment.",0,0, A
5,80.76923076923077,"['Get out sewing kit.', 'Select thread', 'Put the button in the correct spot.', 'Cut away old strings', 'Using threaded needle, sew button on to garment.']","['make sure button is secure', 'find needle and thread']",make sure button is secure,0,0, A
6,88.46153846153845,"['Get out sewing kit.', 'Select thread', 'Put the button in the correct spot.', 'Cut away old strings', 'Using threaded needle, sew button on to garment.', 'make sure button is secure']","['Put needle away', 'Find a button']",Put needle away,0,0, A
7,92.3076923076923,"['Get out sewing kit.', 'Select thread', 'Put the button in the correct spot.', 'Cut away old strings', 'Using threaded needle, sew button on to garment.', 'make sure button is secure', 'Put needle away']","['MAKE SURE BUTTON IS SECURE', 'Get needle']",MAKE SURE BUTTON IS SECURE,0,0, A
0,0.0,[],"['Sew button', 'Get out needle, thread, button, and clothing item.']","Get out needle, thread, button, and clothing item.",1,0, A
1,7.6923076923076925,"['Get out needle, thread, button, and clothing item.']","['Collect thread and needle.', 'Check the button']",Collect thread and needle.,0,0, A
2,34.61538461538461,"['Get out needle, thread, button, and clothing item.', 'Collect thread and needle.']","['Put thread in needle', 'Tie off thread']",Put thread in needle,0,0, A
3,46.15384615384615,"['Get out needle, thread, button, and clothing item.', 'Collect thread and needle.', 'Put thread in needle']","['Take out needle.', 'Use the needle to go through the button holes and the fabric']",Use the needle to go through the button holes and the fabric,1,0, A
4,50.0,"['Get out needle, thread, button, and clothing item.', 'Collect thread and needle.', 'Put thread in needle', 'Use the needle to go through the button holes and the fabric']","['Find right color string', 'Put needle through button and shirt']",Put needle through button and shirt,1,0, A
5,80.76923076923077,"['Get out needle, thread, button, and clothing item.', 'Collect thread and needle.', 'Put thread in needle', 'Use the needle to go through the button holes and the fabric', 'Put needle through button and shirt']","['Tie off your thread.', 'gather needle and thread']",Tie off your thread.,0,0, A
0,0.0,[],"['Find sewing kit.', 'Place new button where I want it to go']",Find sewing kit.,0,0, A
1,19.230769230769237,['Find sewing kit.'],"['Repeat this until the button is secure', 'Find a thread']",Find a thread,1,0, A
2,26.923076923076923,"['Find sewing kit.', 'Find a thread']","['Place needle through clothing.', 'Get shirt']",Get shirt,1,0, A
3,50.0,"['Find sewing kit.', 'Find a thread', 'Get shirt']","['Place item on flat surface', 'push needle through button and shirt']",push needle through button and shirt,1,0, A
4,61.53846153846154,"['Find sewing kit.', 'Find a thread', 'Get shirt', 'push needle through button and shirt']","['Push needle through hole', 'Get a sewing needle.']",Push needle through hole,0,0, A
5,80.76923076923077,"['Find sewing kit.', 'Find a thread', 'Get shirt', 'push needle through button and shirt', 'Push needle through hole']","['make sure button is secure', 'Stick the head through the needle eye']",make sure button is secure,0,0, A
6,84.61538461538461,"['Find sewing kit.', 'Find a thread', 'Get shirt', 'push needle through button and shirt', 'Push needle through hole', 'make sure button is secure']","['Cut away old strings', 'cut thread from button']",cut thread from button,1,0, A
0,0.0,[],"['Mark on clothing where button is to go', 'Find sewing kit.']",Find sewing kit.,1,0, A
1,7.6923076923076925,['Find sewing kit.'],"['Repeat procedure until button is secure', 'Get a thread and a needle']",Get a thread and a needle,1,0, A
2,23.07692307692308,"['Find sewing kit.', 'Get a thread and a needle']","['Place needle through button eyelets.', 'Find an extra button']",Find an extra button,1,0, A
3,26.923076923076923,"['Find sewing kit.', 'Get a thread and a needle', 'Find an extra button']","['Cut thread', 'Remove the old button']",Remove the old button,1,0, A
4,30.76923076923077,"['Find sewing kit.', 'Get a thread and a needle', 'Find an extra button', 'Remove the old button']","['Put the needle and thread away', 'Line the button back into place']",Line the button back into place,1,0, A
5,50.0,"['Find sewing kit.', 'Get a thread and a needle', 'Find an extra button', 'Remove the old button', 'Line the button back into place']","['Insert the thread through the button', 'GET SOME NEEDLE AND THREAD']",Insert the thread through the button,0,0, A
6,80.76923076923077,"['Find sewing kit.', 'Get a thread and a needle', 'Find an extra button', 'Remove the old button', 'Line the button back into place', 'Insert the thread through the button']","['knot thread', 'Get a needle']",knot thread,0,0, A
7,88.46153846153845,"['Find sewing kit.', 'Get a thread and a needle', 'Find an extra button', 'Remove the old button', 'Line the button back into place', 'Insert the thread through the button', 'knot thread']","['Find shirt', 'put back all the materials']",put back all the materials,1,0, A
8,92.3076923076923,"['Find sewing kit.', 'Get a thread and a needle', 'Find an extra button', 'Remove the old button', 'Line the button back into place', 'Insert the thread through the button', 'knot thread', 'put back all the materials']","['MAKE SURE BUTTON IS SECURE', 'Find a needle and thread']",MAKE SURE BUTTON IS SECURE,0,0, A
0,0.0,[],"['Drive to fabric store', 'Tie off finishing knot']",Drive to fabric store,0,0, A
1,19.230769230769237,['Drive to fabric store'],"['Pick thread to use', 'Pull through other end']",Pick thread to use,0,0, A
2,34.61538461538461,"['Drive to fabric store', 'Pick thread to use']","['Thread sewing needle with chosen thread.', 'Push needle down through other button on hole']",Thread sewing needle with chosen thread.,0,0, A
3,46.15384615384615,"['Drive to fabric store', 'Pick thread to use', 'Thread sewing needle with chosen thread.']","['push needle to back of the item', 'Sew button into place']",Sew button into place,1,0, A
4,80.76923076923077,"['Drive to fabric store', 'Pick thread to use', 'Thread sewing needle with chosen thread.', 'Sew button into place']","['Tie off your thread.', 'Purchase buttons']",Tie off your thread.,0,0, A
5,84.61538461538461,"['Drive to fabric store', 'Pick thread to use', 'Thread sewing needle with chosen thread.', 'Sew button into place', 'Tie off your thread.']","['Align button', 'Cut the thread.']",Cut the thread.,1,0, A
0,0.0,[],"['Use needle to go through button holes', 'Get out sewing kit']",Get out sewing kit,1,0, A
1,34.61538461538461,['Get out sewing kit'],"['Move needle down to hole opposite first hole', 'Thread needle']",Thread needle,1,0, A
2,38.46153846153847,"['Get out sewing kit', 'Thread needle']","['Cut the thread.', 'tie knot at end of thread']",tie knot at end of thread,1,0, A
3,42.30769230769231,"['Get out sewing kit', 'Thread needle', 'tie knot at end of thread']","['Repeat steps 4 through 6 about 30 times', 'Cut thread string to how much is needed']",Cut thread string to how much is needed,1,0, A
4,61.53846153846154,"['Get out sewing kit', 'Thread needle', 'tie knot at end of thread', 'Cut thread string to how much is needed']","['get thread', 'push the needle through the button']",push the needle through the button,1,0, A
5,80.76923076923077,"['Get out sewing kit', 'Thread needle', 'tie knot at end of thread', 'Cut thread string to how much is needed', 'push the needle through the button']","['Wrap the thread', 'Get a thimble']",Wrap the thread,0,0, A
0,0.0,[],"['put sewing kit away', 'Get out sewing kit']",Get out sewing kit,1,0, A
1,19.230769230769237,['Get out sewing kit'],"['Get some thread.', 'knot thread']",Get some thread.,0,0, A
2,26.923076923076923,"['Get out sewing kit', 'Get some thread.']","['Get shirt', 'Repeat until sewed on.']",Get shirt,0,0, A
3,50.0,"['Get out sewing kit', 'Get some thread.', 'Get shirt']","['Put needle through one hole', ""Pull a thread of a matching color through the needle's eye""]",Put needle through one hole,0,0, A
4,61.53846153846154,"['Get out sewing kit', 'Get some thread.', 'Get shirt', 'Put needle through one hole']","['Insert needle through one side of button', 'Cut off excess thread']",Insert needle through one side of button,0,0, A
5,76.92307692307693,"['Get out sewing kit', 'Get some thread.', 'Get shirt', 'Put needle through one hole', 'Insert needle through one side of button']","['Find a button that matches the others on your garment', ""Repeat until it's stable""]",Repeat until it's stable,1,0, A
6,80.76923076923077,"['Get out sewing kit', 'Get some thread.', 'Get shirt', 'Put needle through one hole', 'Insert needle through one side of button', ""Repeat until it's stable""]","['When done knot end.', 'Thread the needle']",When done knot end.,0,0, A
7,84.61538461538461,"['Get out sewing kit', 'Get some thread.', 'Get shirt', 'Put needle through one hole', 'Insert needle through one side of button', ""Repeat until it's stable"", 'When done knot end.']","['Cut off excess thread', 'gathering thread']",Cut off excess thread,0,0, A
8,88.46153846153845,"['Get out sewing kit', 'Get some thread.', 'Get shirt', 'Put needle through one hole', 'Insert needle through one side of button', ""Repeat until it's stable"", 'When done knot end.', 'Cut off excess thread']","['gather garment for buttoning', 'Clean up.']",Clean up.,1,0, A
9,92.3076923076923,"['Get out sewing kit', 'Get some thread.', 'Get shirt', 'Put needle through one hole', 'Insert needle through one side of button', ""Repeat until it's stable"", 'When done knot end.', 'Cut off excess thread', 'Clean up.']","['Check the button', 'Push needle through button hole']",Check the button,0,0, A
0,0.0,[],"['Thread the needle, double it up and tie a knot at the end', 'Drive to fabric store']",Drive to fabric store,1,0, A
1,19.230769230769237,['Drive to fabric store'],"['Choose thread to sew button on with.', 'cut thread so that need will detach']",Choose thread to sew button on with.,0,0, A
2,26.923076923076923,"['Drive to fabric store', 'Choose thread to sew button on with.']","['Starting from the bottom, poke needle through hole in button', 'Get shirt']",Get shirt,1,0, A
3,50.0,"['Drive to fabric store', 'Choose thread to sew button on with.', 'Get shirt']","['grab object the button is being sewed', 'insert needle through cloth']",insert needle through cloth,1,0, A
4,80.76923076923077,"['Drive to fabric store', 'Choose thread to sew button on with.', 'Get shirt', 'insert needle through cloth']","['Get your sewing kit', 'Tie the thread at the bottom of the button']",Tie the thread at the bottom of the button,1,0, A
5,84.61538461538461,"['Drive to fabric store', 'Choose thread to sew button on with.', 'Get shirt', 'insert needle through cloth', 'Tie the thread at the bottom of the button']","['Get a needle', 'Tie knot to secure thread and button to clothes']",Tie knot to secure thread and button to clothes,1,0, A
6,88.46153846153845,"['Drive to fabric store', 'Choose thread to sew button on with.', 'Get shirt', 'insert needle through cloth', 'Tie the thread at the bottom of the button', 'Tie knot to secure thread and button to clothes']","['take needle bring up through the back of the item', 'Put away needle and thread']",Put away needle and thread,1,0, A
0,0.0,[],"['Put supplies away', 'Get sewing basket']",Get sewing basket,1,0, A
1,23.07692307692308,['Get sewing basket'],"['Find replacement button.', 'Pull it back out the other hole']",Find replacement button.,0,0, A
2,26.923076923076923,"['Get sewing basket', 'Find replacement button.']","['Put away thread and needle', 'Lay down garment']",Lay down garment,1,0, A
3,34.61538461538461,"['Get sewing basket', 'Find replacement button.', 'Lay down garment']","['Thread needle.', 'push needle to back of the item']",Thread needle.,0,0, A
4,38.46153846153847,"['Get sewing basket', 'Find replacement button.', 'Lay down garment', 'Thread needle.']","['Tie the end of the string', 'Tie knot in end of thread']",Tie knot in end of thread,1,0, A
5,46.15384615384615,"['Get sewing basket', 'Find replacement button.', 'Lay down garment', 'Thread needle.', 'Tie knot in end of thread']","['getting out thread', 'Sew the button through the button holes onto the shirt']",Sew the button through the button holes onto the shirt,1,0, A
6,76.92307692307693,"['Get sewing basket', 'Find replacement button.', 'Lay down garment', 'Thread needle.', 'Tie knot in end of thread', 'Sew the button through the button holes onto the shirt']","['Lay down garment', 'stitching the button on']",stitching the button on,1,0, A
0,0.0,[],"['Drive to fabric store', 'Put thread through needle']",Drive to fabric store,0,0, A
1,19.230769230769237,['Drive to fabric store'],"['Insert the thread through the button', 'Get the proper colored thread']",Get the proper colored thread,1,0, A
2,26.923076923076923,"['Drive to fabric store', 'Get the proper colored thread']","['Move needle down to hole opposite first hole', 'Take shirt']",Take shirt,1,0, A
3,46.15384615384615,"['Drive to fabric store', 'Get the proper colored thread', 'Take shirt']","['Get thread.', 'Using threaded needle, sew button on to garment.']","Using threaded needle, sew button on to garment.",1,0, A
4,84.61538461538461,"['Drive to fabric store', 'Get the proper colored thread', 'Take shirt', 'Using threaded needle, sew button on to garment.']","['Cut loose ends', 'Find thread that matches button color.']",Cut loose ends,0,0, A
0,0.0,[],"['use the string to make it stay in place', 'Get supplies - shirt, new button, thread, needle']","Get supplies - shirt, new button, thread, needle",1,0, A
1,26.923076923076923,"['Get supplies - shirt, new button, thread, needle']","['Pull needle out other side.', 'Hold shirt with non-dominant hand']",Hold shirt with non-dominant hand,1,0, A
2,34.61538461538461,"['Get supplies - shirt, new button, thread, needle', 'Hold shirt with non-dominant hand']","['Tie knot.', 'attach string to needle']",attach string to needle,1,0, A
3,88.46153846153845,"['Get supplies - shirt, new button, thread, needle', 'Hold shirt with non-dominant hand', 'attach string to needle']","['gather needle', 'put back all the materials']",put back all the materials,1,0, A
0,0.0,[],"['Get button, thread, needle and scissors', 'thread the needle']","Get button, thread, needle and scissors",0,0, A
1,26.923076923076923,"['Get button, thread, needle and scissors']","['Continue to loop the needle and thread through the button holes.', 'Hold shirt with non-dominant hand']",Hold shirt with non-dominant hand,1,0, A
2,34.61538461538461,"['Get button, thread, needle and scissors', 'Hold shirt with non-dominant hand']","['Cut thread', 'Thread the needle']",Thread the needle,1,0, A
3,61.53846153846154,"['Get button, thread, needle and scissors', 'Hold shirt with non-dominant hand', 'Thread the needle']","['Pass the needle through one of the button holes', 'Get out sewing kit.']",Pass the needle through one of the button holes,0,0, A
4,65.38461538461539,"['Get button, thread, needle and scissors', 'Hold shirt with non-dominant hand', 'Thread the needle', 'Pass the needle through one of the button holes']","['place the button', 'Bring the needle up through another hole on button.']",Bring the needle up through another hole on button.,1,0, A
5,76.92307692307693,"['Get button, thread, needle and scissors', 'Hold shirt with non-dominant hand', 'Thread the needle', 'Pass the needle through one of the button holes', 'Bring the needle up through another hole on button.']","['Repeat until sewed on.', 'Place button where it is to be sewed']",Repeat until sewed on.,0,0, A
6,84.61538461538461,"['Get button, thread, needle and scissors', 'Hold shirt with non-dominant hand', 'Thread the needle', 'Pass the needle through one of the button holes', 'Bring the needle up through another hole on button.', 'Repeat until sewed on.']","['Cut off excess thread', 'Thread needle']",Cut off excess thread,0,0, A
7,88.46153846153845,"['Get button, thread, needle and scissors', 'Hold shirt with non-dominant hand', 'Thread the needle', 'Pass the needle through one of the button holes', 'Bring the needle up through another hole on button.', 'Repeat until sewed on.', 'Cut off excess thread']","['Select a button', 'Put away thread and needle']",Put away thread and needle,1,0, A
0,0.0,[],"['Get out needle, thread, button, and clothing item.', 'Sew needle through other holes in an X formation']","Get out needle, thread, button, and clothing item.",0,0, A
1,7.6923076923076925,"['Get out needle, thread, button, and clothing item.']","['Put all the items away', 'Find needle and thread']",Find needle and thread,1,0, A
2,30.76923076923077,"['Get out needle, thread, button, and clothing item.', 'Find needle and thread']","['Insert the needle back into the garment from the top of the button', 'Put button on shirt.']",Put button on shirt.,1,0, A
3,50.0,"['Get out needle, thread, button, and clothing item.', 'Find needle and thread', 'Put button on shirt.']","['Get out needle, thread, button, and clothing item.', 'Starting on inside of garment, push through with needle.']","Starting on inside of garment, push through with needle.",1,0, A
4,65.38461538461539,"['Get out needle, thread, button, and clothing item.', 'Find needle and thread', 'Put button on shirt.', 'Starting on inside of garment, push through with needle.']","['Bring the needle up through another hole on button.', 'Tie a knot in the end of thread']",Bring the needle up through another hole on button.,0,0, A
5,69.23076923076923,"['Get out needle, thread, button, and clothing item.', 'Find needle and thread', 'Put button on shirt.', 'Starting on inside of garment, push through with needle.', 'Bring the needle up through another hole on button.']","['get thread, needle, button to be sewn', 'put needle into adjoining hole']",put needle into adjoining hole,1,0, A
0,0.0,[],"['get thread, needle, button to be sewn', 'Repeat several times, going through a different hole each time.']","get thread, needle, button to be sewn",0,0, A
1,26.923076923076923,"['get thread, needle, button to be sewn']","['Get shirt', 'Return the needle through the fabric and through a different button hole']",Get shirt,0,0, A
2,30.76923076923077,"['get thread, needle, button to be sewn', 'Get shirt']","['pull needle through to knot', 'Find placement for new button.']",Find placement for new button.,1,0, A
3,61.53846153846154,"['get thread, needle, button to be sewn', 'Get shirt', 'Find placement for new button.']","['Take a needle', 'Insert needle through one side of button']",Insert needle through one side of button,1,0, A
4,80.76923076923077,"['get thread, needle, button to be sewn', 'Get shirt', 'Find placement for new button.', 'Insert needle through one side of button']","['line it up with the hole', 'knot thread']",knot thread,1,0, A
5,84.61538461538461,"['get thread, needle, button to be sewn', 'Get shirt', 'Find placement for new button.', 'Insert needle through one side of button', 'knot thread']","['Take needle from sewing kit', 'cut thread from button']",cut thread from button,1,0, A
6,88.46153846153845,"['get thread, needle, button to be sewn', 'Get shirt', 'Find placement for new button.', 'Insert needle through one side of button', 'knot thread', 'cut thread from button']","['Put supplies away', 'insert needle through cloth']",Put supplies away,0,0, A
7,92.3076923076923,"['get thread, needle, button to be sewn', 'Get shirt', 'Find placement for new button.', 'Insert needle through one side of button', 'knot thread', 'cut thread from button', 'Put supplies away']","['Check if the button is tight', 'Find thread']",Check if the button is tight,0,0, A
0,0.0,[],"['Check if the button is tight', 'Get out needle, thread, button, and clothing item.']","Get out needle, thread, button, and clothing item.",1,0, A
1,26.923076923076923,"['Get out needle, thread, button, and clothing item.']","['Lay down garment', 'Put away needle and thread']",Lay down garment,0,0, A
2,34.61538461538461,"['Get out needle, thread, button, and clothing item.', 'Lay down garment']","['Tie off thread', 'Thread needle']",Thread needle,1,0, A
3,38.46153846153847,"['Get out needle, thread, button, and clothing item.', 'Lay down garment', 'Thread needle']","['knot thread', 'Continue repeating pushing up and pushing thread back down']",knot thread,0,0, A
4,42.30769230769231,"['Get out needle, thread, button, and clothing item.', 'Lay down garment', 'Thread needle', 'knot thread']","['Find needle', 'Cut thread string to how much is needed']",Cut thread string to how much is needed,1,0, A
5,46.15384615384615,"['Get out needle, thread, button, and clothing item.', 'Lay down garment', 'Thread needle', 'knot thread', 'Cut thread string to how much is needed']","['Sew through holes or shank in button.', 'get a new button']",Sew through holes or shank in button.,0,0, A
6,80.76923076923077,"['Get out needle, thread, button, and clothing item.', 'Lay down garment', 'Thread needle', 'knot thread', 'Cut thread string to how much is needed', 'Sew through holes or shank in button.']","['Tie the thread so the button will not come loose', 'getting out needle']",Tie the thread so the button will not come loose,0,0, A
0,0.0,[],"['Starting from the bottom, poke needle through hole in button', 'Drive to fabric store']",Drive to fabric store,1,0, A
1,19.230769230769237,['Drive to fabric store'],"['use the string to make it stay in place', 'Pick thread to use']",Pick thread to use,1,0, A
2,30.76923076923077,"['Drive to fabric store', 'Pick thread to use']","['Hold button to material.', 'Repeat steps 4 through 6 about 30 times']",Hold button to material.,0,0, A
3,42.30769230769231,"['Drive to fabric store', 'Pick thread to use', 'Hold button to material.']","['Cut length of thread', 'Tie thread at end']",Cut length of thread,0,0, A
4,61.53846153846154,"['Drive to fabric store', 'Pick thread to use', 'Hold button to material.', 'Cut length of thread']","['Get thread', 'push the needle through the button']",push the needle through the button,1,0, A
5,76.92307692307693,"['Drive to fabric store', 'Pick thread to use', 'Hold button to material.', 'Cut length of thread', 'push the needle through the button']","['Stick the head through the needle eye', 'Repeat several times, going through a different hole each time.']","Repeat several times, going through a different hole each time.",1,0, A
6,80.76923076923077,"['Drive to fabric store', 'Pick thread to use', 'Hold button to material.', 'Cut length of thread', 'push the needle through the button', 'Repeat several times, going through a different hole each time.']","['Repeat to make loop and knot it.', 'threading a needle with thread']",Repeat to make loop and knot it.,0,0, A
0,0.0,[],"['Get sewing kit', 'Insert the needle back into the garment from the top of the button']",Get sewing kit,0,0, A
1,19.230769230769237,['Get sewing kit'],"['put needle with thread into clothes', 'Get some thread']",Get some thread,1,0, A
2,26.923076923076923,"['Get sewing kit', 'Get some thread']","['Find a piece of clothing.', 'Put needle and thread back in drawer']",Find a piece of clothing.,0,0, A
3,34.61538461538461,"['Get sewing kit', 'Get some thread', 'Find a piece of clothing.']","['Put thread through a needle.', 'Cut off any excess thread.']",Put thread through a needle.,0,0, A
4,38.46153846153847,"['Get sewing kit', 'Get some thread', 'Find a piece of clothing.', 'Put thread through a needle.']","['tie a knot in thread', 'grab a needle']",tie a knot in thread,0,0, A
5,42.30769230769231,"['Get sewing kit', 'Get some thread', 'Find a piece of clothing.', 'Put thread through a needle.', 'tie a knot in thread']","['Get sewing kit', 'Cut away any loose threads.']",Cut away any loose threads.,1,0, A
6,61.53846153846154,"['Get sewing kit', 'Get some thread', 'Find a piece of clothing.', 'Put thread through a needle.', 'tie a knot in thread', 'Cut away any loose threads.']","['getting out needle', 'Put needle into one button hole through shirt.']",Put needle into one button hole through shirt.,1,0, A
7,80.76923076923077,"['Get sewing kit', 'Get some thread', 'Find a piece of clothing.', 'Put thread through a needle.', 'tie a knot in thread', 'Cut away any loose threads.', 'Put needle into one button hole through shirt.']","['Remove thread and needle from kit', 'Tie knot in thread']",Tie knot in thread,1,0, A
8,88.46153846153845,"['Get sewing kit', 'Get some thread', 'Find a piece of clothing.', 'Put thread through a needle.', 'tie a knot in thread', 'Cut away any loose threads.', 'Put needle into one button hole through shirt.', 'Tie knot in thread']","['Get thread', 'put needle and thread away']",put needle and thread away,1,0, A
9,92.3076923076923,"['Get sewing kit', 'Get some thread', 'Find a piece of clothing.', 'Put thread through a needle.', 'tie a knot in thread', 'Cut away any loose threads.', 'Put needle into one button hole through shirt.', 'Tie knot in thread', 'put needle and thread away']","['Thread the needle', 'Check new button']",Check new button,1,0, A
0,0.0,[],"['Get sewing basket', 'Use needle to go through button holes']",Get sewing basket,0,0, A
1,23.07692307692308,['Get sewing basket'],"['Find a spare button that matches the other buttons', 'Take out the needle']",Find a spare button that matches the other buttons,0,0, A
2,30.76923076923077,"['Get sewing basket', 'Find a spare button that matches the other buttons']","['tying a knot with thread', 'Place button on shirt']",Place button on shirt,1,0, A
3,34.61538461538461,"['Get sewing basket', 'Find a spare button that matches the other buttons', 'Place button on shirt']","['get thread, needle, button to be sewn', 'Place the thread through the needle']",Place the thread through the needle,1,0, A
4,53.84615384615385,"['Get sewing basket', 'Find a spare button that matches the other buttons', 'Place button on shirt', 'Place the thread through the needle']","['take the needle and matching thread', 'Return the needle through the fabric and through a different button hole']",Return the needle through the fabric and through a different button hole,1,0, A
5,84.61538461538461,"['Get sewing basket', 'Find a spare button that matches the other buttons', 'Place button on shirt', 'Place the thread through the needle', 'Return the needle through the fabric and through a different button hole']","['cut thread from button', 'find a button']",cut thread from button,0,0, A
0,0.0,[],"['Tie off knot with thread.', 'Drive to fabric store']",Drive to fabric store,1,0, A
1,19.230769230769237,['Drive to fabric store'],"['getting out thread', 'pull needle through to knot']",getting out thread,0,0, A
2,23.07692307692308,"['Drive to fabric store', 'getting out thread']","['find a button', 'Sew button into place']",find a button,0,0, A
3,26.923076923076923,"['Drive to fabric store', 'getting out thread', 'find a button']","['When button is securely in place tie knot in thread at back of garment', 'Get a piece of clothing.']",Get a piece of clothing.,1,0, A
4,30.76923076923077,"['Drive to fabric store', 'getting out thread', 'find a button', 'Get a piece of clothing.']","['Place the button at right place', 'Tie off thread']",Place the button at right place,0,0, A
5,53.84615384615385,"['Drive to fabric store', 'getting out thread', 'find a button', 'Get a piece of clothing.', 'Place the button at right place']","['With other hand, push needle through button hole', 'Get sewing kit']","With other hand, push needle through button hole",0,0, A
6,61.53846153846154,"['Drive to fabric store', 'getting out thread', 'find a button', 'Get a piece of clothing.', 'Place the button at right place', 'With other hand, push needle through button hole']","['locate needle and thread', 'Push needle through first hole']",Push needle through first hole,1,0, A
7,80.76923076923077,"['Drive to fabric store', 'getting out thread', 'find a button', 'Get a piece of clothing.', 'Place the button at right place', 'With other hand, push needle through button hole', 'Push needle through first hole']","['make sure button is secure', 'Thread the needle and tie a knot at end of thread.']",make sure button is secure,0,0, A
8,84.61538461538461,"['Drive to fabric store', 'getting out thread', 'find a button', 'Get a piece of clothing.', 'Place the button at right place', 'With other hand, push needle through button hole', 'Push needle through first hole', 'make sure button is secure']","['Snip excess thread off', 'attach string to needle']",Snip excess thread off,0,0, A
9,88.46153846153845,"['Drive to fabric store', 'getting out thread', 'find a button', 'Get a piece of clothing.', 'Place the button at right place', 'With other hand, push needle through button hole', 'Push needle through first hole', 'make sure button is secure', 'Snip excess thread off']","['Put needle through button and clothing.', 'PUT NEEDLE AND THREAD AWAY']",PUT NEEDLE AND THREAD AWAY,1,0, A
10,92.3076923076923,"['Drive to fabric store', 'getting out thread', 'find a button', 'Get a piece of clothing.', 'Place the button at right place', 'With other hand, push needle through button hole', 'Push needle through first hole', 'make sure button is secure', 'Snip excess thread off', 'PUT NEEDLE AND THREAD AWAY']","['Thread needle', 'Check if the button is tight']",Check if the button is tight,1,0, A
0,0.0,[],"['Drive to fabric store', 'put needle into adjoining hole']",Drive to fabric store,0,0, A
1,19.230769230769237,['Drive to fabric store'],"['Holding button at appropriate location, press needle through first hole on button.', 'Choose thread to sew button on with.']",Choose thread to sew button on with.,1,0, A
2,30.76923076923077,"['Drive to fabric store', 'Choose thread to sew button on with.']","['Use scissors to cut thread', 'attach button']",attach button,1,0, A
3,34.61538461538461,"['Drive to fabric store', 'Choose thread to sew button on with.', 'attach button']","['Put an end of the thread through the eye of the needle', 'Tie ends.']",Put an end of the thread through the eye of the needle,0,0, A
4,53.84615384615385,"['Drive to fabric store', 'Choose thread to sew button on with.', 'attach button', 'Put an end of the thread through the eye of the needle']","['Pull through other end', 'FIND THE REPLACEMENT BUTTON']",Pull through other end,0,0, A
5,84.61538461538461,"['Drive to fabric store', 'Choose thread to sew button on with.', 'attach button', 'Put an end of the thread through the eye of the needle', 'Pull through other end']","['Find similar color thread to use.', 'Cut the excess thread']",Cut the excess thread,1,0, A
0,0.0,[],"['Sew button onto item', 'Get sewing kit']",Get sewing kit,1,0, A
1,19.230769230769237,['Get sewing kit'],"['Cut.', 'Find similar color thread to use.']",Find similar color thread to use.,1,0, A
2,26.923076923076923,"['Get sewing kit', 'Find similar color thread to use.']","['Insert the needle back into the garment from the top of the button', 'Get item that needs button sewing on']",Get item that needs button sewing on,1,0, A
3,50.0,"['Get sewing kit', 'Find similar color thread to use.', 'Get item that needs button sewing on']","['Insert the thread through the button', 'gather needle and thread']",Insert the thread through the button,0,0, A
4,61.53846153846154,"['Get sewing kit', 'Find similar color thread to use.', 'Get item that needs button sewing on', 'Insert the thread through the button']","['cut thread from button', 'Put needle into one button hole through shirt.']",Put needle into one button hole through shirt.,1,0, A
5,80.76923076923077,"['Get sewing kit', 'Find similar color thread to use.', 'Get item that needs button sewing on', 'Insert the thread through the button', 'Put needle into one button hole through shirt.']","['Loop thread to create knot in thread.', 'Thread a needle']",Loop thread to create knot in thread.,0,0, A
6,88.46153846153845,"['Get sewing kit', 'Find similar color thread to use.', 'Get item that needs button sewing on', 'Insert the thread through the button', 'Put needle into one button hole through shirt.', 'Loop thread to create knot in thread.']","['Put all the items away', 'Put button on shirt']",Put all the items away,0,0, A
0,0.0,[],"['Drive to fabric store', 'Push needle through button hole']",Drive to fabric store,0,0, A
1,19.230769230769237,['Drive to fabric store'],"['get some thread', 'Cut off remaining thread']",get some thread,0,0, A
2,30.76923076923077,"['Drive to fabric store', 'get some thread']","['putting the button on the fabric', 'Clean up.']",putting the button on the fabric,0,0, A
3,53.84615384615385,"['Drive to fabric store', 'get some thread', 'putting the button on the fabric']","['Find thread that matches button color.', 'Insert needle through other side of button on back side']",Insert needle through other side of button on back side,1,0, A
4,61.53846153846154,"['Drive to fabric store', 'get some thread', 'putting the button on the fabric', 'Insert needle through other side of button on back side']","['Insert needle through one side of button', 'Grab thread and needle']",Insert needle through one side of button,0,0, A
5,76.92307692307693,"['Drive to fabric store', 'get some thread', 'putting the button on the fabric', 'Insert needle through other side of button on back side', 'Insert needle through one side of button']","['Repeat until sewed on.', 'THREAD THE THREAD ONTO THE NEEDLE']",Repeat until sewed on.,0,0, A
6,80.76923076923077,"['Drive to fabric store', 'get some thread', 'putting the button on the fabric', 'Insert needle through other side of button on back side', 'Insert needle through one side of button', 'Repeat until sewed on.']","['Get needle and thread', ""Make sure it's secure""]",Make sure it's secure,1,0, A
0,0.0,[],"['Put needle through button and shirt', 'Drive to fabric store']",Drive to fabric store,1,0, A
1,19.230769230769237,['Drive to fabric store'],"['Get thread', 'Repeat until button is secure']",Get thread,0,0, A
2,30.76923076923077,"['Drive to fabric store', 'Get thread']","['Put button in the right area', 'Cut off excess thread']",Put button in the right area,0,0, A
3,53.84615384615385,"['Drive to fabric store', 'Get thread', 'Put button in the right area']","['Choose thread color', 'Pull thread through and secure button']",Pull thread through and secure button,1,0, A
4,84.61538461538461,"['Drive to fabric store', 'Get thread', 'Put button in the right area', 'Pull thread through and secure button']","['Cut thread from spindle', 'Cut a length of thread more than double what you will need']",Cut thread from spindle,0,0, A
5,88.46153846153845,"['Drive to fabric store', 'Get thread', 'Put button in the right area', 'Pull thread through and secure button', 'Cut thread from spindle']","['Prepare garment for sewing', 'Put all the items away']",Put all the items away,1,0, A
6,92.3076923076923,"['Drive to fabric store', 'Get thread', 'Put button in the right area', 'Pull thread through and secure button', 'Cut thread from spindle', 'Put all the items away']","['Check the button', 'Put thread through needle.']",Check the button,0,0, A
0,0.0,[],"['put sewing kit away', 'Get sewing kit']",Get sewing kit,1,0, A
1,11.538461538461538,['Get sewing kit'],"['Get a needle', 'Push needle through other hole of button and through clothes']",Get a needle,0,0, A
2,15.384615384615383,"['Get sewing kit', 'Get a needle']","['Check new button', 'Select thread of correct color']",Select thread of correct color,1,0, A
3,23.07692307692308,"['Get sewing kit', 'Get a needle', 'Select thread of correct color']","['Use needle to go through button holes', 'Get the button.']",Get the button.,1,0, A
4,34.61538461538461,"['Get sewing kit', 'Get a needle', 'Select thread of correct color', 'Get the button.']","['repeat 5-8 several times until button is secure', 'Put thread in it']",Put thread in it,1,0, A
5,53.84615384615385,"['Get sewing kit', 'Get a needle', 'Select thread of correct color', 'Get the button.', 'Put thread in it']","['pull the needle through', 'get sewing kit']",pull the needle through,0,0, A
6,80.76923076923077,"['Get sewing kit', 'Get a needle', 'Select thread of correct color', 'Get the button.', 'Put thread in it', 'pull the needle through']","['Tie the thread round in between the garment and button', 'Get a needle']",Tie the thread round in between the garment and button,0,0, A
7,84.61538461538461,"['Get sewing kit', 'Get a needle', 'Select thread of correct color', 'Get the button.', 'Put thread in it', 'pull the needle through', 'Tie the thread round in between the garment and button']","['Get the proper colored thread', 'cut loose thread']",cut loose thread,1,0, A
8,88.46153846153845,"['Get sewing kit', 'Get a needle', 'Select thread of correct color', 'Get the button.', 'Put thread in it', 'pull the needle through', 'Tie the thread round in between the garment and button', 'cut loose thread']","['Put needle and thread back in drawer', 'Acquire new button']",Put needle and thread back in drawer,0,0, A
9,92.3076923076923,"['Get sewing kit', 'Get a needle', 'Select thread of correct color', 'Get the button.', 'Put thread in it', 'pull the needle through', 'Tie the thread round in between the garment and button', 'cut loose thread', 'Put needle and thread back in drawer']","['take the button', 'MAKE SURE BUTTON IS SECURE']",MAKE SURE BUTTON IS SECURE,1,0, A
0,0.0,[],"['Take out sewing kit', 'Use scissors to cut thread']",Take out sewing kit,0,0, A
1,19.230769230769237,['Take out sewing kit'],"['Pass needle through shirt and button holes', 'getting out thread']",getting out thread,1,0, A
2,26.923076923076923,"['Take out sewing kit', 'getting out thread']","['Take shirt', 'Take out the needle']",Take shirt,0,0, A
3,30.76923076923077,"['Take out sewing kit', 'getting out thread', 'Take shirt']","['Place button on clothing', 'Insert the needle back into the garment from the top of the button']",Place button on clothing,0,0, A
4,42.30769230769231,"['Take out sewing kit', 'getting out thread', 'Take shirt', 'Place button on clothing']","['Cut away any loose threads.', 'Choose thread to sew button on with.']",Cut away any loose threads.,0,0, A
5,46.15384615384615,"['Take out sewing kit', 'getting out thread', 'Take shirt', 'Place button on clothing', 'Cut away any loose threads.']","['Use the needle to sew the broken button', 'find needle and thread']",Use the needle to sew the broken button,0,0, A
0,0.0,[],"['Insert thread in needle', 'Drive to fabric store']",Drive to fabric store,1,0, A
1,19.230769230769237,['Drive to fabric store'],"['Stitch the button on', 'Get thread.']",Get thread.,1,0, A
2,26.923076923076923,"['Drive to fabric store', 'Get thread.']","['Get clothing', 'put needle and thread away']",Get clothing,0,0, A
3,46.15384615384615,"['Drive to fabric store', 'Get thread.', 'Get clothing']","['Sew button onto item', 'Hold button in place']",Sew button onto item,0,0, A
4,80.76923076923077,"['Drive to fabric store', 'Get thread.', 'Get clothing', 'Sew button onto item']","['Place the button at right place', 'Make knot between thread and clothing.']",Make knot between thread and clothing.,1,0, A
5,84.61538461538461,"['Drive to fabric store', 'Get thread.', 'Get clothing', 'Sew button onto item', 'Make knot between thread and clothing.']","['Ending again in the back of the garment cut off the thread.', 'Tie knot']",Ending again in the back of the garment cut off the thread.,0,0, A
6,88.46153846153845,"['Drive to fabric store', 'Get thread.', 'Get clothing', 'Sew button onto item', 'Make knot between thread and clothing.', 'Ending again in the back of the garment cut off the thread.']","['Clean up.', 'Take a button']",Clean up.,0,0, A
7,92.3076923076923,"['Drive to fabric store', 'Get thread.', 'Get clothing', 'Sew button onto item', 'Make knot between thread and clothing.', 'Ending again in the back of the garment cut off the thread.', 'Clean up.']","['Take needle from sewing kit', 'Check the button']",Check the button,1,0, A
0,0.0,[],"['Drive to fabric store', 'Cut off excess thread']",Drive to fabric store,0,0, A
1,19.230769230769237,['Drive to fabric store'],"['Put needle through button and clothing.', 'Find thread']",Find thread,1,0, A
2,26.923076923076923,"['Drive to fabric store', 'Find thread']","['get item to be sewn', 'Get sewing kit']",get item to be sewn,0,0, A
3,46.15384615384615,"['Drive to fabric store', 'Find thread', 'get item to be sewn']","['Get back the needle through the fourth button hole', 'Sew thread on needle through hole of button.']",Sew thread on needle through hole of button.,1,0, A
4,80.76923076923077,"['Drive to fabric store', 'Find thread', 'get item to be sewn', 'Sew thread on needle through hole of button.']","['Tie knot.', 'Select thread']",Tie knot.,0,0, A
5,84.61538461538461,"['Drive to fabric store', 'Find thread', 'get item to be sewn', 'Sew thread on needle through hole of button.', 'Tie knot.']","['Put the button in the correct spot.', 'break the thread']",break the thread,1,0, A
6,88.46153846153845,"['Drive to fabric store', 'Find thread', 'get item to be sewn', 'Sew thread on needle through hole of button.', 'Tie knot.', 'break the thread']","['Get button, thread, needle and scissors', 'Clean up.']",Clean up.,1,0, A
7,92.3076923076923,"['Drive to fabric store', 'Find thread', 'get item to be sewn', 'Sew thread on needle through hole of button.', 'Tie knot.', 'break the thread', 'Clean up.']","['Check new button', 'Poke hole with needle through button hole and fabric']",Check new button,0,0, A
0,0.0,[],"['Tie a knot.', 'Drive to fabric store']",Drive to fabric store,1,0, A
1,19.230769230769237,['Drive to fabric store'],"['Sew through the holes of the button', 'gathering thread']",gathering thread,1,0, A
2,23.07692307692308,"['Drive to fabric store', 'gathering thread']","['Sew button onto garment.', 'Get button']",Get button,1,0, A
3,61.53846153846154,"['Drive to fabric store', 'gathering thread', 'Get button']","['Start sewing going into the back of the garment.', 'Cut off any excess thread.']",Start sewing going into the back of the garment.,0,0, A
4,65.38461538461539,"['Drive to fabric store', 'gathering thread', 'Get button', 'Start sewing going into the back of the garment.']","['Push needle through other hole of button and through clothes', 'Thread needle.']",Push needle through other hole of button and through clothes,0,0, A
5,69.23076923076923,"['Drive to fabric store', 'gathering thread', 'Get button', 'Start sewing going into the back of the garment.', 'Push needle through other hole of button and through clothes']","['Sew through the diagonal hole of the button and the garment.', 'Tie a knot in the thread']",Sew through the diagonal hole of the button and the garment.,0,0, A
0,0.0,[],"['Get out sewing kit.', 'Cross over to perpendicular hole, push needle back through']",Get out sewing kit.,0,0, A
1,23.07692307692308,['Get out sewing kit.'],"['Repeat this until the button is secure', 'Get the button']",Get the button,1,0, A
2,34.61538461538461,"['Get out sewing kit.', 'Get the button']","['Check new button', 'Thread the needle']",Thread the needle,1,0, A
3,88.46153846153845,"['Get out sewing kit.', 'Get the button', 'Thread the needle']","['taking the right button out', 'put the supplies away']",put the supplies away,1,0, A
4,92.3076923076923,"['Get out sewing kit.', 'Get the button', 'Thread the needle', 'put the supplies away']","['Check new button', 'Fix the thread in the needle']",Check new button,0,0, A
0,0.0,[],"['Repeat for all holes to reinforce', 'Get button, thread, needle and scissors']","Get button, thread, needle and scissors",1,0, A
1,7.6923076923076925,"['Get button, thread, needle and scissors']","['Get a thread and a needle', 'moving the needle in and out of the fabric']",Get a thread and a needle,0,0, A
2,34.61538461538461,"['Get button, thread, needle and scissors', 'Get a thread and a needle']","['THREAD THE THREAD ONTO THE NEEDLE', 'Push needle down through other button on hole']",THREAD THE THREAD ONTO THE NEEDLE,0,0, A
3,42.30769230769231,"['Get button, thread, needle and scissors', 'Get a thread and a needle', 'THREAD THE THREAD ONTO THE NEEDLE']","['Get thread', 'Cut away any loose threads.']",Cut away any loose threads.,1,0, A
4,46.15384615384615,"['Get button, thread, needle and scissors', 'Get a thread and a needle', 'THREAD THE THREAD ONTO THE NEEDLE', 'Cut away any loose threads.']","['Push the needle through one button hole and back out another hole', 'FIND THE REPLACEMENT BUTTON']",Push the needle through one button hole and back out another hole,0,0, A
5,53.84615384615385,"['Get button, thread, needle and scissors', 'Get a thread and a needle', 'THREAD THE THREAD ONTO THE NEEDLE', 'Cut away any loose threads.', 'Push the needle through one button hole and back out another hole']","['Take button.', 'Use the needle to guide the thread']",Use the needle to guide the thread,1,0, A
6,61.53846153846154,"['Get button, thread, needle and scissors', 'Get a thread and a needle', 'THREAD THE THREAD ONTO THE NEEDLE', 'Cut away any loose threads.', 'Push the needle through one button hole and back out another hole', 'Use the needle to guide the thread']","['Lay down garment', 'Starting from the bottom, poke needle through hole in button']","Starting from the bottom, poke needle through hole in button",1,0, A
7,65.38461538461539,"['Get button, thread, needle and scissors', 'Get a thread and a needle', 'THREAD THE THREAD ONTO THE NEEDLE', 'Cut away any loose threads.', 'Push the needle through one button hole and back out another hole', 'Use the needle to guide the thread', 'Starting from the bottom, poke needle through hole in button']","['Find a button', 'Put the needle thorough the back of the button hole.']",Put the needle thorough the back of the button hole.,1,0, A
8,76.92307692307693,"['Get button, thread, needle and scissors', 'Get a thread and a needle', 'THREAD THE THREAD ONTO THE NEEDLE', 'Cut away any loose threads.', 'Push the needle through one button hole and back out another hole', 'Use the needle to guide the thread', 'Starting from the bottom, poke needle through hole in button', 'Put the needle thorough the back of the button hole.']","['Continue sewing.', 'Get sewing basket']",Continue sewing.,0,0, A
0,0.0,[],"['Find sewing kit.', 'repeat']",Find sewing kit.,0,0, A
1,11.538461538461538,['Find sewing kit.'],"['Repeat for all holes to reinforce', 'Get a needle']",Get a needle,1,0, A
2,19.230769230769237,"['Find sewing kit.', 'Get a needle']","['Tie thread at end', 'Get thread.']",Get thread.,1,0, A
3,23.07692307692308,"['Find sewing kit.', 'Get a needle', 'Get thread.']","['Find button that matches others.', 'put items away when done']",Find button that matches others.,0,0, A
4,26.923076923076923,"['Find sewing kit.', 'Get a needle', 'Get thread.', 'Find button that matches others.']","['grab object the button is being sewed', 'tie off the thread']",grab object the button is being sewed,0,0, A
5,34.61538461538461,"['Find sewing kit.', 'Get a needle', 'Get thread.', 'Find button that matches others.', 'grab object the button is being sewed']","['thread needle', 'Repeat']",thread needle,0,0, A
6,61.53846153846154,"['Find sewing kit.', 'Get a needle', 'Get thread.', 'Find button that matches others.', 'grab object the button is being sewed', 'thread needle']","['Grab the garment that you would like to sew the button to.', 'Push needle through first hole']",Push needle through first hole,1,0, A
7,80.76923076923077,"['Find sewing kit.', 'Get a needle', 'Get thread.', 'Find button that matches others.', 'grab object the button is being sewed', 'thread needle', 'Push needle through first hole']","['Place button on fabric and hold with thumb and index finger', ""TIE A KNOT IN THE END OF THE THREAD SO THE BUTTON DOESN'T COME OFF""]",TIE A KNOT IN THE END OF THE THREAD SO THE BUTTON DOESN'T COME OFF,1,0, A
0,0.0,[],"['Pull through', 'Get out needle, thread, button, and clothing item.']","Get out needle, thread, button, and clothing item.",1,0, A
1,30.76923076923077,"['Get out needle, thread, button, and clothing item.']","['Place button on shirt', 'Tie the thread round in between the garment and button']",Place button on shirt,0,0, A
2,61.53846153846154,"['Get out needle, thread, button, and clothing item.', 'Place button on shirt']","['Starting from the bottom, poke needle through hole in button', 'put the supplies away']","Starting from the bottom, poke needle through hole in button",0,0, A
3,76.92307692307693,"['Get out needle, thread, button, and clothing item.', 'Place button on shirt', 'Starting from the bottom, poke needle through hole in button']","['Find a thread', 'repeat 6 more times']",repeat 6 more times,1,0, A
0,0.0,[],"['Thread needle.', 'Gather supplies']",Gather supplies,1,0, A
1,30.76923076923077,['Gather supplies'],"['cut the thread', 'place button where you want it']",place button where you want it,1,0, A
2,50.0,"['Gather supplies', 'place button where you want it']","['Put needle and thread through shirt', 'Get needle']",Put needle and thread through shirt,0,0, A
3,65.38461538461539,"['Gather supplies', 'place button where you want it', 'Put needle and thread through shirt']","['Take button and put it on shirt where you want it', 'Pull needle out other side.']",Pull needle out other side.,1,0, A
4,76.92307692307693,"['Gather supplies', 'place button where you want it', 'Put needle and thread through shirt', 'Pull needle out other side.']","['Find a needle and thread', 'stitching the button on']",stitching the button on,1,0, A
0,0.0,[],"['tie off the thread', 'Get sewing kit']",Get sewing kit,1,0, A
1,11.538461538461538,['Get sewing kit'],"['Put thread through needle.', 'Find a needle']",Find a needle,1,0, A
2,15.384615384615383,"['Get sewing kit', 'Find a needle']","['put items away when done', 'Select thread of correct color']",Select thread of correct color,1,0, A
3,30.76923076923077,"['Get sewing kit', 'Find a needle', 'Select thread of correct color']","['Cut excess thread', 'Place the button on the cloth']",Place the button on the cloth,1,0, A
4,50.0,"['Get sewing kit', 'Find a needle', 'Select thread of correct color', 'Place the button on the cloth']","['Put needle through one hole', 'Get supplies - shirt, new button, thread, needle']",Put needle through one hole,0,0, A
5,61.53846153846154,"['Get sewing kit', 'Find a needle', 'Select thread of correct color', 'Place the button on the cloth', 'Put needle through one hole']","['Cut.', 'Thread one hole with the needle']",Thread one hole with the needle,1,0, A
6,80.76923076923077,"['Get sewing kit', 'Find a needle', 'Select thread of correct color', 'Place the button on the cloth', 'Put needle through one hole', 'Thread one hole with the needle']","['Find a thread', 'Tie the end with a knot.']",Tie the end with a knot.,1,0, A
0,0.0,[],"['Drive to fabric store', 'Thread a needle']",Drive to fabric store,0,0, A
1,19.230769230769237,['Drive to fabric store'],"['Sew button through second hole', 'Cut a length of thread more than double what you will need']",Cut a length of thread more than double what you will need,1,0, A
2,34.61538461538461,"['Drive to fabric store', 'Cut a length of thread more than double what you will need']","['Then push needle through material', 'Put an end of the thread through the eye of the needle']",Put an end of the thread through the eye of the needle,1,0, A
3,50.0,"['Drive to fabric store', 'Cut a length of thread more than double what you will need', 'Put an end of the thread through the eye of the needle']","['Prepare needle and thread.', 'Poke a hole in the fabric']",Poke a hole in the fabric,1,0, A
4,80.76923076923077,"['Drive to fabric store', 'Cut a length of thread more than double what you will need', 'Put an end of the thread through the eye of the needle', 'Poke a hole in the fabric']","['gathering thread', 'Tie off thread']",Tie off thread,1,0, A
5,88.46153846153845,"['Drive to fabric store', 'Cut a length of thread more than double what you will need', 'Put an end of the thread through the eye of the needle', 'Poke a hole in the fabric', 'Tie off thread']","['PUT NEEDLE AND THREAD AWAY', 'Get the button']",PUT NEEDLE AND THREAD AWAY,0,0, A
6,92.3076923076923,"['Drive to fabric store', 'Cut a length of thread more than double what you will need', 'Put an end of the thread through the eye of the needle', 'Poke a hole in the fabric', 'Tie off thread', 'PUT NEEDLE AND THREAD AWAY']","['Continue to push and pull needle through button holes until button is secure', 'Check if the button is tight']",Check if the button is tight,1,0, A
0,0.0,[],"['Thread the needle', 'get thread, needle, button to be sewn']","get thread, needle, button to be sewn",1,0, A
1,30.76923076923077,"['get thread, needle, button to be sewn']","['attach button', 'stitching the button on']",attach button,0,0, A
2,46.15384615384615,"['get thread, needle, button to be sewn', 'attach button']","['Select a button', 'Sew in a pattern that looks like an X through the holes of the button.']",Sew in a pattern that looks like an X through the holes of the button.,1,0, A
3,88.46153846153845,"['get thread, needle, button to be sewn', 'attach button', 'Sew in a pattern that looks like an X through the holes of the button.']","['Get the button', 'put back all the materials']",put back all the materials,1,0, A
4,92.3076923076923,"['get thread, needle, button to be sewn', 'attach button', 'Sew in a pattern that looks like an X through the holes of the button.', 'put back all the materials']","['Check new button', 'GET SOME NEEDLE AND THREAD']",Check new button,0,0, A
0,0.0,[],"['Get a thimble', 'cut thread so that need will detach']",Get a thimble,0,0, A
1,26.923076923076923,['Get a thimble'],"['Get out sewing kit.', 'Hold shirt with non-dominant hand']",Hold shirt with non-dominant hand,1,0, A
2,34.61538461538461,"['Get a thimble', 'Hold shirt with non-dominant hand']","['Thread needle.', 'Continue until button is secure']",Thread needle.,0,0, A
3,38.46153846153847,"['Get a thimble', 'Hold shirt with non-dominant hand', 'Thread needle.']","['Tie knot at end of thread.', 'Keep sewing until the button is secure.']",Tie knot at end of thread.,0,0, A
4,42.30769230769231,"['Get a thimble', 'Hold shirt with non-dominant hand', 'Thread needle.', 'Tie knot at end of thread.']","['Cut away old strings', 'Get a thimble']",Cut away old strings,0,0, A
5,46.15384615384615,"['Get a thimble', 'Hold shirt with non-dominant hand', 'Thread needle.', 'Tie knot at end of thread.', 'Cut away old strings']","['Push the needle through the garment into the button', 'Get sewing kit']",Push the needle through the garment into the button,0,0, A
6,50.0,"['Get a thimble', 'Hold shirt with non-dominant hand', 'Thread needle.', 'Tie knot at end of thread.', 'Cut away old strings', 'Push the needle through the garment into the button']","['Poke a hole in the fabric', 'Pull needle and thread']",Poke a hole in the fabric,0,0, A
7,65.38461538461539,"['Get a thimble', 'Hold shirt with non-dominant hand', 'Thread needle.', 'Tie knot at end of thread.', 'Cut away old strings', 'Push the needle through the garment into the button', 'Poke a hole in the fabric']","['Grab the fabric and button', 'Pull needle and thread']",Pull needle and thread,1,0, A
8,76.92307692307693,"['Get a thimble', 'Hold shirt with non-dominant hand', 'Thread needle.', 'Tie knot at end of thread.', 'Cut away old strings', 'Push the needle through the garment into the button', 'Poke a hole in the fabric', 'Pull needle and thread']","['Get the item of clothing the button is to go on', 'Continue to loop the needle and thread through the button holes.']",Continue to loop the needle and thread through the button holes.,1,0, A
9,84.61538461538461,"['Get a thimble', 'Hold shirt with non-dominant hand', 'Thread needle.', 'Tie knot at end of thread.', 'Cut away old strings', 'Push the needle through the garment into the button', 'Poke a hole in the fabric', 'Pull needle and thread', 'Continue to loop the needle and thread through the button holes.']","['Cut thread from spindle', 'Align the button on the correct place on the cloth']",Cut thread from spindle,0,0, A
10,88.46153846153845,"['Get a thimble', 'Hold shirt with non-dominant hand', 'Thread needle.', 'Tie knot at end of thread.', 'Cut away old strings', 'Push the needle through the garment into the button', 'Poke a hole in the fabric', 'Pull needle and thread', 'Continue to loop the needle and thread through the button holes.', 'Cut thread from spindle']","['Get thread.', 'Put away needle and thread']",Put away needle and thread,1,0, A
0,0.0,[],"['Drive to fabric store', 'Cut off any loose threads with a scissors.']",Drive to fabric store,0,0, A
1,19.230769230769237,['Drive to fabric store'],"['Get thread', ""Repeat until it's stable""]",Get thread,0,0, A
2,26.923076923076923,"['Drive to fabric store', 'Get thread']","['Take shirt', 'Repeat until button is secure']",Take shirt,0,0, A
3,50.0,"['Drive to fabric store', 'Get thread', 'Take shirt']","['Push needle through the button hole into the fabric', 'Get a sewing needle.']",Push needle through the button hole into the fabric,0,0, A
4,61.53846153846154,"['Drive to fabric store', 'Get thread', 'Take shirt', 'Push needle through the button hole into the fabric']","['Grab thread and needle', 'Pull the needle until thread is completely on the other side of shirt']",Pull the needle until thread is completely on the other side of shirt,1,0, A
5,80.76923076923077,"['Drive to fabric store', 'Get thread', 'Take shirt', 'Push needle through the button hole into the fabric', 'Pull the needle until thread is completely on the other side of shirt']","['get needle', 'Tie the thread']",Tie the thread,1,0, A
6,84.61538461538461,"['Drive to fabric store', 'Get thread', 'Take shirt', 'Push needle through the button hole into the fabric', 'Pull the needle until thread is completely on the other side of shirt', 'Tie the thread']","['Find a button to sew.', 'cut the thread when finished']",cut the thread when finished,1,0, A
0,0.0,[],"['Get your sewing kit', 'Cut off excess thread']",Get your sewing kit,0,0, A
1,7.6923076923076925,['Get your sewing kit'],"['Cut excess thread', 'Grab a needle and thread']",Grab a needle and thread,1,0, A
2,23.07692307692308,"['Get your sewing kit', 'Grab a needle and thread']","['Find button replacement', 'tie thread at the end']",Find button replacement,0,0, A
3,30.76923076923077,"['Get your sewing kit', 'Grab a needle and thread', 'Find button replacement']","['Bring the needle up through another hole on button.', 'Position button in correct place.']",Position button in correct place.,1,0, A
4,46.15384615384615,"['Get your sewing kit', 'Grab a needle and thread', 'Find button replacement', 'Position button in correct place.']","['Find thread that matches', 'Push needle through fabric and button hole']",Push needle through fabric and button hole,1,0, A
5,61.53846153846154,"['Get your sewing kit', 'Grab a needle and thread', 'Find button replacement', 'Position button in correct place.', 'Push needle through fabric and button hole']","['Find matching thread', 'Push needle through hole']",Push needle through hole,1,0, A
6,76.92307692307693,"['Get your sewing kit', 'Grab a needle and thread', 'Find button replacement', 'Position button in correct place.', 'Push needle through fabric and button hole', 'Push needle through hole']","['Select a button', 'Continue until button is secure']",Continue until button is secure,1,0, A
7,80.76923076923077,"['Get your sewing kit', 'Grab a needle and thread', 'Find button replacement', 'Position button in correct place.', 'Push needle through fabric and button hole', 'Push needle through hole', 'Continue until button is secure']","['Hold shirt with non-dominant hand', 'Tie off finishing knot']",Tie off finishing knot,1,0, A
0,0.0,[],"['Take out sewing kit', 'Cut excess thread']",Take out sewing kit,0,0, A
1,23.07692307692308,['Take out sewing kit'],"['Cut thread', 'Get button']",Get button,1,0, A
2,26.923076923076923,"['Take out sewing kit', 'Get button']","['Continue repeating pushing up and pushing thread back down', 'carefully cut off old button if exists']",carefully cut off old button if exists,1,0, A
3,34.61538461538461,"['Take out sewing kit', 'Get button', 'carefully cut off old button if exists']","['cut thread so that need will detach', 'Thread needle.']",Thread needle.,1,0, A
4,42.30769230769231,"['Take out sewing kit', 'Get button', 'carefully cut off old button if exists', 'Thread needle.']","['Cut away any loose threads.', 'Pass the needle through the second button hole']",Cut away any loose threads.,0,0, A
5,61.53846153846154,"['Take out sewing kit', 'Get button', 'carefully cut off old button if exists', 'Thread needle.', 'Cut away any loose threads.']","['Find some thread and needle', 'Put needle into one button hole through shirt.']",Put needle into one button hole through shirt.,1,0, A
6,80.76923076923077,"['Take out sewing kit', 'Get button', 'carefully cut off old button if exists', 'Thread needle.', 'Cut away any loose threads.', 'Put needle into one button hole through shirt.']","['Take a matching button', 'Tie the thread']",Tie the thread,1,0, A
7,88.46153846153845,"['Take out sewing kit', 'Get button', 'carefully cut off old button if exists', 'Thread needle.', 'Cut away any loose threads.', 'Put needle into one button hole through shirt.', 'Tie the thread']","['Insert needle through first side of button (step 3)', 'Put the needle and thread away']",Put the needle and thread away,1,0, A
8,92.3076923076923,"['Take out sewing kit', 'Get button', 'carefully cut off old button if exists', 'Thread needle.', 'Cut away any loose threads.', 'Put needle into one button hole through shirt.', 'Tie the thread', 'Put the needle and thread away']","['Find sewing kit.', 'MAKE SURE BUTTON IS SECURE']",MAKE SURE BUTTON IS SECURE,1,0, A
0,0.0,[],"['sew the button on the garment', 'get thread, needle, button to be sewn']","get thread, needle, button to be sewn",1,0, A
1,15.384615384615383,"['get thread, needle, button to be sewn']","['Find right color string', 'Repeat for all holes to reinforce']",Find right color string,0,0, A
2,34.61538461538461,"['get thread, needle, button to be sewn', 'Find right color string']","['Cut thread', 'Thread needle']",Thread needle,1,0, A
3,53.84615384615385,"['get thread, needle, button to be sewn', 'Find right color string', 'Thread needle']","['Insert needle through other side of button on back side', 'Find a piece of clothing.']",Insert needle through other side of button on back side,0,0, A
4,84.61538461538461,"['get thread, needle, button to be sewn', 'Find right color string', 'Thread needle', 'Insert needle through other side of button on back side']","['Select thread', 'Cut off excess thread']",Cut off excess thread,1,0, A
5,88.46153846153845,"['get thread, needle, button to be sewn', 'Find right color string', 'Thread needle', 'Insert needle through other side of button on back side', 'Cut off excess thread']","['put needle and thread away', 'Get out thread']",put needle and thread away,0,0, A
6,92.3076923076923,"['get thread, needle, button to be sewn', 'Find right color string', 'Thread needle', 'Insert needle through other side of button on back side', 'Cut off excess thread', 'put needle and thread away']","['Check the button', 'Get out needle']",Check the button,0,0, A
0,0.0,[],"['use needle and thread to sew button onto shirt', 'Get sewing kit']",Get sewing kit,1,0, A
1,7.6923076923076925,['Get sewing kit'],"['Obtain needle and thread', 'Knot the end to make it stay']",Obtain needle and thread,0,0, A
2,26.923076923076923,"['Get sewing kit', 'Obtain needle and thread']","['Pick up shirt missing button.', 'Cut off any excess thread.']",Pick up shirt missing button.,0,0, A
3,50.0,"['Get sewing kit', 'Obtain needle and thread', 'Pick up shirt missing button.']","['Put needle and thread through shirt', 'taking the right button out']",Put needle and thread through shirt,0,0, A
4,53.84615384615385,"['Get sewing kit', 'Obtain needle and thread', 'Pick up shirt missing button.', 'Put needle and thread through shirt']","['Insert the needle into the button hole', 'find a button']",Insert the needle into the button hole,0,0, A
5,76.92307692307693,"['Get sewing kit', 'Obtain needle and thread', 'Pick up shirt missing button.', 'Put needle and thread through shirt', 'Insert the needle into the button hole']","['stitching the button on', 'Acquire new button']",stitching the button on,0,0, A
0,0.0,[],"['Tie a knot in the thread', 'get thread, needle, button to be sewn']","get thread, needle, button to be sewn",1,0, A
1,26.923076923076923,"['get thread, needle, button to be sewn']","['grab object the button is being sewed', 'PUT NEEDLE AND THREAD AWAY']",grab object the button is being sewed,0,0, A
2,30.76923076923077,"['get thread, needle, button to be sewn', 'grab object the button is being sewed']","['Repeat step 8 until button is sewn on', 'Place new button where I want it to go']",Place new button where I want it to go,1,0, A
3,53.84615384615385,"['get thread, needle, button to be sewn', 'grab object the button is being sewed', 'Place new button where I want it to go']","['Take a button', 'Return the needle through the fabric and through a different button hole']",Return the needle through the fabric and through a different button hole,1,0, A
4,61.53846153846154,"['get thread, needle, button to be sewn', 'grab object the button is being sewed', 'Place new button where I want it to go', 'Return the needle through the fabric and through a different button hole']","['Get the sewing kit.', 'Thread one hole with the needle']",Thread one hole with the needle,1,0, A
5,65.38461538461539,"['get thread, needle, button to be sewn', 'grab object the button is being sewed', 'Place new button where I want it to go', 'Return the needle through the fabric and through a different button hole', 'Thread one hole with the needle']","['find the needle', 'pull needle through to knot']",pull needle through to knot,1,0, A
6,69.23076923076923,"['get thread, needle, button to be sewn', 'grab object the button is being sewed', 'Place new button where I want it to go', 'Return the needle through the fabric and through a different button hole', 'Thread one hole with the needle', 'pull needle through to knot']","['Hold button in place', 'Get a needle']",Hold button in place,0,0, A
0,0.0,[],"['Get sewing basket', 'cut the thread when finished']",Get sewing basket,0,0, A
1,19.230769230769237,['Get sewing basket'],"['Tie the thread', 'Select thread']",Select thread,1,0, A
2,26.923076923076923,"['Get sewing basket', 'Select thread']","['Tie off thread', 'Get a shirt.']",Get a shirt.,1,0, A
3,30.76923076923077,"['Get sewing basket', 'Select thread', 'Get a shirt.']","['Position button on shirt', 'Get sewing kit']",Position button on shirt,0,0, A
4,46.15384615384615,"['Get sewing basket', 'Select thread', 'Get a shirt.', 'Position button on shirt']","['Stick needle through hole and secure with thread', 'Get some thread']",Stick needle through hole and secure with thread,0,0, A
0,0.0,[],"['Get the sewing kit.', 'Tie off knot with thread.']",Get the sewing kit.,0,0, A
1,7.6923076923076925,['Get the sewing kit.'],"['Get needle and thread', 'Start to sew.']",Get needle and thread,0,0, A
2,26.923076923076923,"['Get the sewing kit.', 'Get needle and thread']","['Put all the items away', 'Place item on flat surface']",Place item on flat surface,1,0, A
3,34.61538461538461,"['Get the sewing kit.', 'Get needle and thread', 'Place item on flat surface']","['attach string to needle', 'Tie thread at end']",attach string to needle,0,0, A
4,42.30769230769231,"['Get the sewing kit.', 'Get needle and thread', 'Place item on flat surface', 'attach string to needle']","['Tie off thread', 'Cut length of thread']",Cut length of thread,1,0, A
5,46.15384615384615,"['Get the sewing kit.', 'Get needle and thread', 'Place item on flat surface', 'attach string to needle', 'Cut length of thread']","['Sew in a pattern that looks like an X through the holes of the button.', 'Thread needle']",Sew in a pattern that looks like an X through the holes of the button.,0,0, A
6,76.92307692307693,"['Get the sewing kit.', 'Get needle and thread', 'Place item on flat surface', 'attach string to needle', 'Cut length of thread', 'Sew in a pattern that looks like an X through the holes of the button.']","['Position button in correct place.', ""Make 4 x's in button.""]",Make 4 x's in button.,1,0, A
7,80.76923076923077,"['Get the sewing kit.', 'Get needle and thread', 'Place item on flat surface', 'attach string to needle', 'Cut length of thread', 'Sew in a pattern that looks like an X through the holes of the button.', ""Make 4 x's in button.""]","['Get a needle and thread.', 'Tie the thread in a knot to secure it']",Tie the thread in a knot to secure it,1,0, A
8,84.61538461538461,"['Get the sewing kit.', 'Get needle and thread', 'Place item on flat surface', 'attach string to needle', 'Cut length of thread', 'Sew in a pattern that looks like an X through the holes of the button.', ""Make 4 x's in button."", 'Tie the thread in a knot to secure it']","['Cut.', 'Get button, thread, needle and scissors']",Cut.,0,0, A
9,88.46153846153845,"['Get the sewing kit.', 'Get needle and thread', 'Place item on flat surface', 'attach string to needle', 'Cut length of thread', 'Sew in a pattern that looks like an X through the holes of the button.', ""Make 4 x's in button."", 'Tie the thread in a knot to secure it', 'Cut.']","['Cut thread string to how much is needed', 'Clean up.']",Clean up.,1,0, A
10,92.3076923076923,"['Get the sewing kit.', 'Get needle and thread', 'Place item on flat surface', 'attach string to needle', 'Cut length of thread', 'Sew in a pattern that looks like an X through the holes of the button.', ""Make 4 x's in button."", 'Tie the thread in a knot to secure it', 'Cut.', 'Clean up.']","['Check new button', 'Select thread']",Check new button,0,0, A
0,0.0,[],"['Drive to fabric store', 'Take button and put it on shirt where you want it']",Drive to fabric store,0,0, A
1,19.230769230769237,['Drive to fabric store'],"['Find similar color thread to use.', 'Push needle through fabric and button hole']",Find similar color thread to use.,0,0, A
2,26.923076923076923,"['Drive to fabric store', 'Find similar color thread to use.']","['Check the button', 'Find shirt']",Find shirt,1,0, A
3,34.61538461538461,"['Drive to fabric store', 'Find similar color thread to use.', 'Find shirt']","['Thread the needle, double it up and tie a knot at the end', 'Check the button']","Thread the needle, double it up and tie a knot at the end",0,0, A
4,38.46153846153847,"['Drive to fabric store', 'Find similar color thread to use.', 'Find shirt', 'Thread the needle, double it up and tie a knot at the end']","['Tie a knot a the end of the thread', 'Cut thread']",Tie a knot a the end of the thread,0,0, A
5,46.15384615384615,"['Drive to fabric store', 'Find similar color thread to use.', 'Find shirt', 'Thread the needle, double it up and tie a knot at the end', 'Tie a knot a the end of the thread']","['moving the needle in and out of the fabric', 'Get button']",moving the needle in and out of the fabric,0,0, A
0,0.0,[],"['Drive to fabric store', 'Continue until the button is securely on the clothing']",Drive to fabric store,0,0, A
1,19.230769230769237,['Drive to fabric store'],"['sew the button on carefully', 'Find some thread']",Find some thread,1,0, A
2,26.923076923076923,"['Drive to fabric store', 'Find some thread']","['put needle and thread away', 'find shirt with missing button']",find shirt with missing button,1,0, A
3,34.61538461538461,"['Drive to fabric store', 'Find some thread', 'find shirt with missing button']","['Use scissors to cut thread', 'Thread the needle']",Thread the needle,1,0, A
4,46.15384615384615,"['Drive to fabric store', 'Find some thread', 'find shirt with missing button', 'Thread the needle']","['Sew on', 'Find a thread']",Sew on,0,0, A
5,50.0,"['Drive to fabric store', 'Find some thread', 'find shirt with missing button', 'Thread the needle', 'Sew on']","['Find sewing kit.', 'Poke a hole in the fabric']",Poke a hole in the fabric,1,0, A
6,65.38461538461539,"['Drive to fabric store', 'Find some thread', 'find shirt with missing button', 'Thread the needle', 'Sew on', 'Poke a hole in the fabric']","['Take out the needle', 'Cross over to perpendicular hole, push needle back through']","Cross over to perpendicular hole, push needle back through",1,0, A
7,69.23076923076923,"['Drive to fabric store', 'Find some thread', 'find shirt with missing button', 'Thread the needle', 'Sew on', 'Poke a hole in the fabric', 'Cross over to perpendicular hole, push needle back through']","['Thread needle.', 'put needle into adjoining hole']",put needle into adjoining hole,1,0, A
0,0.0,[],"['repeat 6 more times', 'Get out sewing kit']",Get out sewing kit,1,0, A
1,19.230769230769237,['Get out sewing kit'],"['Find thread that matches button color.', 'Cut thread from spindle']",Find thread that matches button color.,0,0, A
2,23.07692307692308,"['Get out sewing kit', 'Find thread that matches button color.']","['Cut thread.', 'find button']",find button,1,0, A
3,26.923076923076923,"['Get out sewing kit', 'Find thread that matches button color.', 'find button']","['Get item that needs a button', 'Snip excess thread off']",Get item that needs a button,0,0, A
4,34.61538461538461,"['Get out sewing kit', 'Find thread that matches button color.', 'find button', 'Get item that needs a button']","['cut loose thread', 'Put thread end through eye of needle']",Put thread end through eye of needle,1,0, A
5,53.84615384615385,"['Get out sewing kit', 'Find thread that matches button color.', 'find button', 'Get item that needs a button', 'Put thread end through eye of needle']","['Collect thread and needle.', 'Insert the needle into the button hole']",Insert the needle into the button hole,1,0, A
6,84.61538461538461,"['Get out sewing kit', 'Find thread that matches button color.', 'find button', 'Get item that needs a button', 'Put thread end through eye of needle', 'Insert the needle into the button hole']","['Cut thread from spindle', 'Get a needle']",Cut thread from spindle,0,0, A
7,88.46153846153845,"['Get out sewing kit', 'Find thread that matches button color.', 'find button', 'Get item that needs a button', 'Put thread end through eye of needle', 'Insert the needle into the button hole', 'Cut thread from spindle']","['Get the thread', 'put the supplies away']",put the supplies away,1,0, A
8,92.3076923076923,"['Get out sewing kit', 'Find thread that matches button color.', 'find button', 'Get item that needs a button', 'Put thread end through eye of needle', 'Insert the needle into the button hole', 'Cut thread from spindle', 'put the supplies away']","['Insert thread in needle', 'Check if the button is tight']",Check if the button is tight,1,0, A
0,0.0,[],"['Get a thimble', 'Thread the needle']",Get a thimble,0,0, A
1,26.923076923076923,['Get a thimble'],"['tie knot on thread', 'take the cloth to be sewed']",take the cloth to be sewed,1,0, A
2,30.76923076923077,"['Get a thimble', 'take the cloth to be sewed']","['attach button', 'Make a knot in fabric with thread behind the button']",attach button,0,0, A
3,53.84615384615385,"['Get a thimble', 'take the cloth to be sewed', 'attach button']","['Place needle through button eyelets.', 'Lay down garment']",Place needle through button eyelets.,0,0, A
4,57.692307692307686,"['Get a thimble', 'take the cloth to be sewed', 'attach button', 'Place needle through button eyelets.']","['Insert the needle back into the garment from the top of the button', 'when done tie the end properly']",Insert the needle back into the garment from the top of the button,0,0, A
5,61.53846153846154,"['Get a thimble', 'take the cloth to be sewed', 'attach button', 'Place needle through button eyelets.', 'Insert the needle back into the garment from the top of the button']","['cut thread', 'Push needle through first hole']",Push needle through first hole,1,0, A
6,76.92307692307693,"['Get a thimble', 'take the cloth to be sewed', 'attach button', 'Place needle through button eyelets.', 'Insert the needle back into the garment from the top of the button', 'Push needle through first hole']","['Get needle.', 'Repeat 4 or 5 times']",Repeat 4 or 5 times,1,0, A
0,0.0,[],"['pass needle through needle hole in button', 'Get out sewing kit.']",Get out sewing kit.,1,0, A
1,23.07692307692308,['Get out sewing kit.'],"['find button', 'Insert needle through first side of button (step 3)']",find button,0,0, A
2,26.923076923076923,"['Get out sewing kit.', 'find button']","['Get out sewing kit.', 'Remove the old button']",Remove the old button,1,0, A
3,30.76923076923077,"['Get out sewing kit.', 'find button', 'Remove the old button']","['Cut off excess thread', 'Place button on fabric and hold with thumb and index finger']",Place button on fabric and hold with thumb and index finger,1,0, A
4,61.53846153846154,"['Get out sewing kit.', 'find button', 'Remove the old button', 'Place button on fabric and hold with thumb and index finger']","['Check the button', 'Pass the needle through one of the button holes']",Pass the needle through one of the button holes,1,0, A
5,80.76923076923077,"['Get out sewing kit.', 'find button', 'Remove the old button', 'Place button on fabric and hold with thumb and index finger', 'Pass the needle through one of the button holes']","['Take needle from sewing kit', 'Tie off thread']",Tie off thread,1,0, A
0,0.0,[],"['Get sewing kit', 'get item to be sewn']",Get sewing kit,0,0, A
1,19.230769230769237,['Get sewing kit'],"['Get thread.', 'Check new button']",Get thread.,0,0, A
2,26.923076923076923,"['Get sewing kit', 'Get thread.']","['Get the garment', 'Cut excess thread']",Get the garment,0,0, A
3,30.76923076923077,"['Get sewing kit', 'Get thread.', 'Get the garment']","['cut thread', 'Place the button at right place']",Place the button at right place,1,0, A
4,61.53846153846154,"['Get sewing kit', 'Get thread.', 'Get the garment', 'Place the button at right place']","['Cut a length of thread more than double what you will need', 'Start sewing going into the back of the garment.']",Start sewing going into the back of the garment.,1,0, A
5,65.38461538461539,"['Get sewing kit', 'Get thread.', 'Get the garment', 'Place the button at right place', 'Start sewing going into the back of the garment.']","['Place item on flat surface', 'Push needle through other hole of button and through clothes']",Push needle through other hole of button and through clothes,1,0, A
6,69.23076923076923,"['Get sewing kit', 'Get thread.', 'Get the garment', 'Place the button at right place', 'Start sewing going into the back of the garment.', 'Push needle through other hole of button and through clothes']","['put needle into adjoining hole', 'Find thread that matches']",put needle into adjoining hole,0,0, A
0,0.0,[],"['pull through on the other side', 'Drive to fabric store']",Drive to fabric store,1,0, A
1,19.230769230769237,['Drive to fabric store'],"['Repeat until sewed on.', 'Cut a length of thread more than double what you will need']",Cut a length of thread more than double what you will need,1,0, A
2,30.76923076923077,"['Drive to fabric store', 'Cut a length of thread more than double what you will need']","['line it up with the hole', 'Pull needle and thread']",line it up with the hole,0,0, A
3,61.53846153846154,"['Drive to fabric store', 'Cut a length of thread more than double what you will need', 'line it up with the hole']","['Obtain needle and thread', 'Put needle into one button hole through shirt.']",Put needle into one button hole through shirt.,1,0, A
4,65.38461538461539,"['Drive to fabric store', 'Cut a length of thread more than double what you will need', 'line it up with the hole', 'Put needle into one button hole through shirt.']","['Place the thread inside the needle', 'Slide button onto needle and thread.']",Slide button onto needle and thread.,1,0, A
5,76.92307692307693,"['Drive to fabric store', 'Cut a length of thread more than double what you will need', 'line it up with the hole', 'Put needle into one button hole through shirt.', 'Slide button onto needle and thread.']","['repeat', 'Choose button that I like']",repeat,0,0, A
6,84.61538461538461,"['Drive to fabric store', 'Cut a length of thread more than double what you will need', 'line it up with the hole', 'Put needle into one button hole through shirt.', 'Slide button onto needle and thread.', 'repeat']","['Find sewing kit.', 'Cut thread']",Cut thread,1,0, A
0,0.0,[],"['Drive to fabric store', 'Push the needle through the garment into the button']",Drive to fabric store,0,0, A
1,19.230769230769237,['Drive to fabric store'],"['Sew button.', 'Find thread']",Find thread,1,0, A
2,26.923076923076923,"['Drive to fabric store', 'Find thread']","['Pick up shirt missing button.', 'put sewing kit away']",Pick up shirt missing button.,0,0, A
3,34.61538461538461,"['Drive to fabric store', 'Find thread', 'Pick up shirt missing button.']","['Thread the needle', 'Snip excess thread off']",Thread the needle,0,0, A
4,61.53846153846154,"['Drive to fabric store', 'Find thread', 'Pick up shirt missing button.', 'Thread the needle']","['Select thread of correct color', 'push the needle through the button']",push the needle through the button,1,0, A
5,65.38461538461539,"['Drive to fabric store', 'Find thread', 'Pick up shirt missing button.', 'Thread the needle', 'push the needle through the button']","['Pull needle and thread', 'find the needle']",Pull needle and thread,0,0, A
6,76.92307692307693,"['Drive to fabric store', 'Find thread', 'Pick up shirt missing button.', 'Thread the needle', 'push the needle through the button', 'Pull needle and thread']","['repeat until button is secure', 'put button where other button was located']",repeat until button is secure,0,0, A
7,80.76923076923077,"['Drive to fabric store', 'Find thread', 'Pick up shirt missing button.', 'Thread the needle', 'push the needle through the button', 'Pull needle and thread', 'repeat until button is secure']","['Get your sewing kit', 'knot thread']",knot thread,1,0, A
8,88.46153846153845,"['Drive to fabric store', 'Find thread', 'Pick up shirt missing button.', 'Thread the needle', 'push the needle through the button', 'Pull needle and thread', 'repeat until button is secure', 'knot thread']","['Get needle and thread', 'Put needle away']",Put needle away,1,0, A
9,92.3076923076923,"['Drive to fabric store', 'Find thread', 'Pick up shirt missing button.', 'Thread the needle', 'push the needle through the button', 'Pull needle and thread', 'repeat until button is secure', 'knot thread', 'Put needle away']","['Check if the button is tight', 'Put thread through buttonhole']",Check if the button is tight,0,0, A
0,0.0,[],"['Drive to fabric store', 'Continue until the button is on tight']",Drive to fabric store,0,0, A
1,19.230769230769237,['Drive to fabric store'],"['Cut the needle off of the thread.', 'Get the thread']",Get the thread,1,0, A
2,30.76923076923077,"['Drive to fabric store', 'Get the thread']","['Place the button on the cloth', 'Continue until button is secure']",Place the button on the cloth,0,0, A
3,34.61538461538461,"['Drive to fabric store', 'Get the thread', 'Place the button on the cloth']","['repeat 6 more times', 'thread the needle']",thread the needle,1,0, A
4,88.46153846153845,"['Drive to fabric store', 'Get the thread', 'Place the button on the cloth', 'thread the needle']","['Put needle away', 'Find a button']",Put needle away,0,0, A
0,0.0,[],"['Find sewing kit', 'Sew button onto garment']",Find sewing kit,0,0, A
1,34.61538461538461,['Find sewing kit'],"['Thread the needle', 'Push needle through other hole of button and through clothes']",Thread the needle,0,0, A
2,38.46153846153847,"['Find sewing kit', 'Thread the needle']","['tug to make sure it is secure', 'Tie knot at end of thread.']",Tie knot at end of thread.,1,0, A
3,50.0,"['Find sewing kit', 'Thread the needle', 'Tie knot at end of thread.']","['Insert the needle from the bottom where the button is to be sewn', 'Get out thread']",Insert the needle from the bottom where the button is to be sewn,0,0, A
4,76.92307692307693,"['Find sewing kit', 'Thread the needle', 'Tie knot at end of thread.', 'Insert the needle from the bottom where the button is to be sewn']","['Cut length of thread', 'repeat 6 more times']",repeat 6 more times,1,0, A
0,0.0,[],"['thread a needle', 'Drive to fabric store']",Drive to fabric store,1,0, A
1,19.230769230769237,['Drive to fabric store'],"['Push the needle through one button hole and back out another hole', 'Get the thread']",Get the thread,1,0, A
2,23.07692307692308,"['Drive to fabric store', 'Get the thread']","['Repeat the inserting as above for about 10 times', 'Find a button']",Find a button,1,0, A
3,26.923076923076923,"['Drive to fabric store', 'Get the thread', 'Find a button']","['carefully cut off old button if exists', 'Cut off any loose threads with a scissors.']",carefully cut off old button if exists,0,0, A
4,34.61538461538461,"['Drive to fabric store', 'Get the thread', 'Find a button', 'carefully cut off old button if exists']","['Thread the needle', 'repeat 6 more times']",Thread the needle,0,0, A
5,46.15384615384615,"['Drive to fabric store', 'Get the thread', 'Find a button', 'carefully cut off old button if exists', 'Thread the needle']","['Insert needle through button and into fabric where the button belongs.', 'Get sewing kit']",Insert needle through button and into fabric where the button belongs.,0,0, A
6,88.46153846153845,"['Drive to fabric store', 'Get the thread', 'Find a button', 'carefully cut off old button if exists', 'Thread the needle', 'Insert needle through button and into fabric where the button belongs.']","['Put away needle and thread', 'Insert the needle back into the garment from the top of the button']",Put away needle and thread,0,0, A
7,92.3076923076923,"['Drive to fabric store', 'Get the thread', 'Find a button', 'carefully cut off old button if exists', 'Thread the needle', 'Insert needle through button and into fabric where the button belongs.', 'Put away needle and thread']","['Pull needle out other side.', 'Check if the button is tight']",Check if the button is tight,1,0, A
0,0.0,[],"['Drive to fabric store', 'Tie a knot in the end of thread']",Drive to fabric store,0,0, A
1,19.230769230769237,['Drive to fabric store'],"['put the supplies away', 'Take thread from sewing kit']",Take thread from sewing kit,1,0, A
2,23.07692307692308,"['Drive to fabric store', 'Take thread from sewing kit']","['Tie another knot at the end of the thread.', 'Find a suitable button']",Find a suitable button,1,0, A
3,61.53846153846154,"['Drive to fabric store', 'Take thread from sewing kit', 'Find a suitable button']","['Insert needle through one side of button', 'Get a needle and thread.']",Insert needle through one side of button,0,0, A
4,65.38461538461539,"['Drive to fabric store', 'Take thread from sewing kit', 'Find a suitable button', 'Insert needle through one side of button']","['Pull needle out other side.', 'Align button']",Pull needle out other side.,0,0, A
5,69.23076923076923,"['Drive to fabric store', 'Take thread from sewing kit', 'Find a suitable button', 'Insert needle through one side of button', 'Pull needle out other side.']","['Sew through the diagonal hole of the button and the garment.', 'Get needle and thread']",Sew through the diagonal hole of the button and the garment.,0,0, A
6,73.07692307692307,"['Drive to fabric store', 'Take thread from sewing kit', 'Find a suitable button', 'Insert needle through one side of button', 'Pull needle out other side.', 'Sew through the diagonal hole of the button and the garment.']","['Stitch the button on', 'Get back the needle through the fourth button hole']",Get back the needle through the fourth button hole,1,0, A
7,84.61538461538461,"['Drive to fabric store', 'Take thread from sewing kit', 'Find a suitable button', 'Insert needle through one side of button', 'Pull needle out other side.', 'Sew through the diagonal hole of the button and the garment.', 'Get back the needle through the fourth button hole']","['Cut off excess thread', 'Pull the needle until thread is completely on the other side of shirt']",Cut off excess thread,0,0, A
0,0.0,[],"['Tie thread at end', 'Get sewing kit']",Get sewing kit,1,0, A
1,19.230769230769237,['Get sewing kit'],"['Repeat 4 or 5 times', 'get some thread']",get some thread,1,0, A
2,30.76923076923077,"['Get sewing kit', 'get some thread']","['Cut the thread.', 'Put button on shirt']",Put button on shirt,1,0, A
3,46.15384615384615,"['Get sewing kit', 'get some thread', 'Put button on shirt']","['Select a button', 'Sew the button on the cloth using the needle']",Sew the button on the cloth using the needle,1,0, A
4,88.46153846153845,"['Get sewing kit', 'get some thread', 'Put button on shirt', 'Sew the button on the cloth using the needle']","['Knot the end to make it stay', 'put items away when done']",put items away when done,1,0, A
0,0.0,[],"['Tie of thread on inside', 'Drive to fabric store']",Drive to fabric store,1,0, A
1,19.230769230769237,['Drive to fabric store'],"['Choose thread to sew button on with.', 'Sew button.']",Choose thread to sew button on with.,0,0, A
2,23.07692307692308,"['Drive to fabric store', 'Choose thread to sew button on with.']","['Move needle down to hole opposite first hole', 'Find button that matches others.']",Find button that matches others.,1,0, A
3,50.0,"['Drive to fabric store', 'Choose thread to sew button on with.', 'Find button that matches others.']","['Find sewing kit', 'Push the needle through the fabric']",Push the needle through the fabric,1,0, A
4,65.38461538461539,"['Drive to fabric store', 'Choose thread to sew button on with.', 'Find button that matches others.', 'Push the needle through the fabric']","['Cut thread string to how much is needed', 'pull needle through to knot']",pull needle through to knot,1,0, A
5,69.23076923076923,"['Drive to fabric store', 'Choose thread to sew button on with.', 'Find button that matches others.', 'Push the needle through the fabric', 'pull needle through to knot']","['Use the needle to go through the button holes and the fabric', 'Sew button through third hole']",Sew button through third hole,1,0, A
0,0.0,[],"['Push needle through button and fabric.', 'Get a thimble']",Get a thimble,1,0, A
1,26.923076923076923,['Get a thimble'],"['Push needle through button hole', 'Get clothing']",Get clothing,1,0, A
2,30.76923076923077,"['Get a thimble', 'Get clothing']","['Get back the needle through the fourth button hole', 'Place button where it belongs on garment']",Place button where it belongs on garment,1,0, A
3,50.0,"['Get a thimble', 'Get clothing', 'Place button where it belongs on garment']","['Push needle through back of clothes and through hole of button', 'Gather supplies']",Push needle through back of clothes and through hole of button,0,0, A
4,61.53846153846154,"['Get a thimble', 'Get clothing', 'Place button where it belongs on garment', 'Push needle through back of clothes and through hole of button']","['Find a needle', 'Holding button at appropriate location, press needle through first hole on button.']","Holding button at appropriate location, press needle through first hole on button.",1,0, A
5,76.92307692307693,"['Get a thimble', 'Get clothing', 'Place button where it belongs on garment', 'Push needle through back of clothes and through hole of button', 'Holding button at appropriate location, press needle through first hole on button.']","['Push through other holes', 'Find button to be sewn']",Push through other holes,0,0, A
0,0.0,[],"['Get supplies - shirt, new button, thread, needle', 'Thread the needle']","Get supplies - shirt, new button, thread, needle",0,0, A
1,15.384615384615383,"['Get supplies - shirt, new button, thread, needle']","['make few passes', 'Select thread of correct color']",Select thread of correct color,1,0, A
2,34.61538461538461,"['Get supplies - shirt, new button, thread, needle', 'Select thread of correct color']","['Move needle down to hole opposite first hole', 'thread the needle']",thread the needle,1,0, A
3,42.30769230769231,"['Get supplies - shirt, new button, thread, needle', 'Select thread of correct color', 'thread the needle']","['Cut length of thread', 'PUT NEEDLE AND THREAD AWAY']",Cut length of thread,0,0, A
4,61.53846153846154,"['Get supplies - shirt, new button, thread, needle', 'Select thread of correct color', 'thread the needle', 'Cut length of thread']","['Get needle and thread', 'Push needle through first hole']",Push needle through first hole,1,0, A
5,76.92307692307693,"['Get supplies - shirt, new button, thread, needle', 'Select thread of correct color', 'thread the needle', 'Cut length of thread', 'Push needle through first hole']","['Stick the head through the needle eye', 'Repeat several times until button is secure']",Repeat several times until button is secure,1,0, A
6,80.76923076923077,"['Get supplies - shirt, new button, thread, needle', 'Select thread of correct color', 'thread the needle', 'Cut length of thread', 'Push needle through first hole', 'Repeat several times until button is secure']","['Tie off the thread', 'Get needle and thread']",Tie off the thread,0,0, A
7,88.46153846153845,"['Get supplies - shirt, new button, thread, needle', 'Select thread of correct color', 'thread the needle', 'Cut length of thread', 'Push needle through first hole', 'Repeat several times until button is secure', 'Tie off the thread']","['Put supplies away', 'Push needle through button hole']",Put supplies away,0,0, A
8,92.3076923076923,"['Get supplies - shirt, new button, thread, needle', 'Select thread of correct color', 'thread the needle', 'Cut length of thread', 'Push needle through first hole', 'Repeat several times until button is secure', 'Tie off the thread', 'Put supplies away']","['Check if the button is tight', 'Find button to be sewn']",Check if the button is tight,0,0, A
0,0.0,[],"['put button where other button was located', 'Drive to fabric store']",Drive to fabric store,1,0, A
1,19.230769230769237,['Drive to fabric store'],"['push the needle through the fabric', 'Find similar color thread to use.']",Find similar color thread to use.,1,0, A
2,30.76923076923077,"['Drive to fabric store', 'Find similar color thread to use.']","['Continue to loop the needle and thread through the button holes.', 'Align the button on the correct place on the cloth']",Align the button on the correct place on the cloth,1,0, A
3,50.0,"['Drive to fabric store', 'Find similar color thread to use.', 'Align the button on the correct place on the cloth']","['Cut off excess thread', 'Push the needle through the fabric']",Push the needle through the fabric,1,0, A
4,76.92307692307693,"['Drive to fabric store', 'Find similar color thread to use.', 'Align the button on the correct place on the cloth', 'Push the needle through the fabric']","['Find a button', 'Continue until the button is on tight']",Continue until the button is on tight,1,0, A
0,0.0,[],"['Hold shirt with non-dominant hand', 'Get out sewing kit.']",Get out sewing kit.,1,0, A
1,23.07692307692308,['Get out sewing kit.'],"['Get button', 'Put the needle and thread away']",Get button,0,0, A
2,61.53846153846154,"['Get out sewing kit.', 'Get button']","['Pull out a length of thread.', 'Holding button at appropriate location, press needle through first hole on button.']","Holding button at appropriate location, press needle through first hole on button.",1,0, A
3,65.38461538461539,"['Get out sewing kit.', 'Get button', 'Holding button at appropriate location, press needle through first hole on button.']","['Get a thread and a needle', 'Put the needle thorough the back of the button hole.']",Put the needle thorough the back of the button hole.,1,0, A
4,76.92307692307693,"['Get out sewing kit.', 'Get button', 'Holding button at appropriate location, press needle through first hole on button.', 'Put the needle thorough the back of the button hole.']","['find button', 'Repeat until sewed on.']",Repeat until sewed on.,1,0, A
5,80.76923076923077,"['Get out sewing kit.', 'Get button', 'Holding button at appropriate location, press needle through first hole on button.', 'Put the needle thorough the back of the button hole.', 'Repeat until sewed on.']","['Get item that needs a button', 'Tie off thread']",Tie off thread,1,0, A
6,84.61538461538461,"['Get out sewing kit.', 'Get button', 'Holding button at appropriate location, press needle through first hole on button.', 'Put the needle thorough the back of the button hole.', 'Repeat until sewed on.', 'Tie off thread']","['Find a piece of clothing.', 'Cut thread']",Cut thread,1,0, A
0,0.0,[],"['Drive to fabric store', 'thread the needle']",Drive to fabric store,0,0, A
1,19.230769230769237,['Drive to fabric store'],"['Cut loose ends.', 'Get some thread.']",Get some thread.,1,0, A
2,30.76923076923077,"['Drive to fabric store', 'Get some thread.']","['Then push needle through material', 'Position button in correct place.']",Position button in correct place.,1,0, A
3,42.30769230769231,"['Drive to fabric store', 'Get some thread.', 'Position button in correct place.']","['Cut about 16 inches worth of thread.', 'Keep threading until the button is firmly attached']",Cut about 16 inches worth of thread.,0,0, A
4,46.15384615384615,"['Drive to fabric store', 'Get some thread.', 'Position button in correct place.', 'Cut about 16 inches worth of thread.']","['Take a needle', 'With needle and thread push needle through cloth and through button hole']",With needle and thread push needle through cloth and through button hole,1,0, A
5,53.84615384615385,"['Drive to fabric store', 'Get some thread.', 'Position button in correct place.', 'Cut about 16 inches worth of thread.', 'With needle and thread push needle through cloth and through button hole']","['Pull out a length of thread.', 'Crisscross on the button']",Crisscross on the button,1,0, A
6,61.53846153846154,"['Drive to fabric store', 'Get some thread.', 'Position button in correct place.', 'Cut about 16 inches worth of thread.', 'With needle and thread push needle through cloth and through button hole', 'Crisscross on the button']","['Push needle through first hole', 'Find thread that matches']",Push needle through first hole,0,0, A
7,65.38461538461539,"['Drive to fabric store', 'Get some thread.', 'Position button in correct place.', 'Cut about 16 inches worth of thread.', 'With needle and thread push needle through cloth and through button hole', 'Crisscross on the button', 'Push needle through first hole']","['Push needle through other hole of button and through clothes', 'Tie knot in thread']",Push needle through other hole of button and through clothes,0,0, A
8,69.23076923076923,"['Drive to fabric store', 'Get some thread.', 'Position button in correct place.', 'Cut about 16 inches worth of thread.', 'With needle and thread push needle through cloth and through button hole', 'Crisscross on the button', 'Push needle through first hole', 'Push needle through other hole of button and through clothes']","['Hold button in place', 'Stick needle through hole and secure with thread']",Hold button in place,0,0, A
9,73.07692307692307,"['Drive to fabric store', 'Get some thread.', 'Position button in correct place.', 'Cut about 16 inches worth of thread.', 'With needle and thread push needle through cloth and through button hole', 'Crisscross on the button', 'Push needle through first hole', 'Push needle through other hole of button and through clothes', 'Hold button in place']","['Get back the needle through the fourth button hole', 'Thread needle.']",Get back the needle through the fourth button hole,0,0, A
10,76.92307692307693,"['Drive to fabric store', 'Get some thread.', 'Position button in correct place.', 'Cut about 16 inches worth of thread.', 'With needle and thread push needle through cloth and through button hole', 'Crisscross on the button', 'Push needle through first hole', 'Push needle through other hole of button and through clothes', 'Hold button in place', 'Get back the needle through the fourth button hole']","['Repeat until sewed on.', 'Purchase thread']",Repeat until sewed on.,0,0, A
0,0.0,[],"['Find sewing kit.', 'Check if the button is tight']",Find sewing kit.,0,0, A
1,7.6923076923076925,['Find sewing kit.'],"['Continue repeating pushing up and pushing thread back down', 'Get needle and thread']",Get needle and thread,1,0, A
2,34.61538461538461,"['Find sewing kit.', 'Get needle and thread']","['put thread in needle', 'Tie the thread so the button will not come loose']",put thread in needle,0,0, A
3,46.15384615384615,"['Find sewing kit.', 'Get needle and thread', 'put thread in needle']","['Sew in a pattern that looks like an X through the holes of the button.', 'Find needle']",Sew in a pattern that looks like an X through the holes of the button.,0,0, A
4,50.0,"['Find sewing kit.', 'Get needle and thread', 'put thread in needle', 'Sew in a pattern that looks like an X through the holes of the button.']","['Poke hole with needle through button hole and fabric', 'Find sewing kit.']",Poke hole with needle through button hole and fabric,0,0, A
5,65.38461538461539,"['Find sewing kit.', 'Get needle and thread', 'put thread in needle', 'Sew in a pattern that looks like an X through the holes of the button.', 'Poke hole with needle through button hole and fabric']","['Thread needle', 'Slide button onto needle and thread.']",Slide button onto needle and thread.,1,0, A
6,69.23076923076923,"['Find sewing kit.', 'Get needle and thread', 'put thread in needle', 'Sew in a pattern that looks like an X through the holes of the button.', 'Poke hole with needle through button hole and fabric', 'Slide button onto needle and thread.']","['Get shirt', 'Sew button through third hole']",Sew button through third hole,1,0, A
7,73.07692307692307,"['Find sewing kit.', 'Get needle and thread', 'put thread in needle', 'Sew in a pattern that looks like an X through the holes of the button.', 'Poke hole with needle through button hole and fabric', 'Slide button onto needle and thread.', 'Sew button through third hole']","['Continue sewing in an X pattern until the button is secure.', 'Get scissors, needle, button and thread']",Continue sewing in an X pattern until the button is secure.,0,0, A
8,80.76923076923077,"['Find sewing kit.', 'Get needle and thread', 'put thread in needle', 'Sew in a pattern that looks like an X through the holes of the button.', 'Poke hole with needle through button hole and fabric', 'Slide button onto needle and thread.', 'Sew button through third hole', 'Continue sewing in an X pattern until the button is secure.']","['Tie off thread', 'Tie a knot in the thread']",Tie off thread,0,0, A
9,88.46153846153845,"['Find sewing kit.', 'Get needle and thread', 'put thread in needle', 'Sew in a pattern that looks like an X through the holes of the button.', 'Poke hole with needle through button hole and fabric', 'Slide button onto needle and thread.', 'Sew button through third hole', 'Continue sewing in an X pattern until the button is secure.', 'Tie off thread']","['Get sewing basket', 'Put needle away']",Put needle away,1,0, A
10,92.3076923076923,"['Find sewing kit.', 'Get needle and thread', 'put thread in needle', 'Sew in a pattern that looks like an X through the holes of the button.', 'Poke hole with needle through button hole and fabric', 'Slide button onto needle and thread.', 'Sew button through third hole', 'Continue sewing in an X pattern until the button is secure.', 'Tie off thread', 'Put needle away']","['pull thread forward', 'MAKE SURE BUTTON IS SECURE']",MAKE SURE BUTTON IS SECURE,1,0, A
0,0.0,[],"['Put the thread through the button and start threading', 'Drive to fabric store']",Drive to fabric store,1,0, A
1,19.230769230769237,['Drive to fabric store'],"['getting out thread', 'knot thread']",getting out thread,0,0, A
2,30.76923076923077,"['Drive to fabric store', 'getting out thread']","['Bring the needle up through another hole on button.', 'Put button on shirt.']",Put button on shirt.,1,0, A
3,46.15384615384615,"['Drive to fabric store', 'getting out thread', 'Put button on shirt.']","['Get the button.', 'sew the button on the garment']",sew the button on the garment,1,0, A
4,80.76923076923077,"['Drive to fabric store', 'getting out thread', 'Put button on shirt.', 'sew the button on the garment']","['place button on cloth where it needs to go', 'Make knot between thread and clothing.']",Make knot between thread and clothing.,1,0, A
5,84.61538461538461,"['Drive to fabric store', 'getting out thread', 'Put button on shirt.', 'sew the button on the garment', 'Make knot between thread and clothing.']","['cut remaining thread away', 'grab a needle']",cut remaining thread away,0,0, A
6,88.46153846153845,"['Drive to fabric store', 'getting out thread', 'Put button on shirt.', 'sew the button on the garment', 'Make knot between thread and clothing.', 'cut remaining thread away']","['put items away when done', 'Pull thread through and secure button']",put items away when done,0,0, A
0,0.0,[],"['Get sewing kit', 'PUT NEEDLE AND THREAD AWAY']",Get sewing kit,0,0, A
1,23.07692307692308,['Get sewing kit'],"['Tie the thread', 'find a button']",find a button,1,0, A
2,61.53846153846154,"['Get sewing kit', 'find a button']","['Holding button at appropriate location, press needle through first hole on button.', 'Find sewing kit.']","Holding button at appropriate location, press needle through first hole on button.",0,0, A
3,65.38461538461539,"['Get sewing kit', 'find a button', 'Holding button at appropriate location, press needle through first hole on button.']","['Pull needle and thread', 'putting the button on the fabric']",Pull needle and thread,0,0, A
4,69.23076923076923,"['Get sewing kit', 'find a button', 'Holding button at appropriate location, press needle through first hole on button.', 'Pull needle and thread']","['Tie knot with thread', 'Push needle under material to next hole']",Push needle under material to next hole,1,0, A
5,73.07692307692307,"['Get sewing kit', 'find a button', 'Holding button at appropriate location, press needle through first hole on button.', 'Pull needle and thread', 'Push needle under material to next hole']","['Sew button through fourth and final hole', 'Move needle in and out of button holes to secure to shirt.']",Sew button through fourth and final hole,0,0, A
6,84.61538461538461,"['Get sewing kit', 'find a button', 'Holding button at appropriate location, press needle through first hole on button.', 'Pull needle and thread', 'Push needle under material to next hole', 'Sew button through fourth and final hole']","['place botton where you want it', 'Cut the thread']",Cut the thread,1,0, A
0,0.0,[],"['Start sewing going into the back of the garment.', 'Get out sewing kit.']",Get out sewing kit.,1,0, A
1,23.07692307692308,['Get out sewing kit.'],"['Get a replacement button.', 'Repeat for remaining holes']",Get a replacement button.,0,0, A
2,26.923076923076923,"['Get out sewing kit.', 'Get a replacement button.']","['grab object the button is being sewed', 'Tie off thread']",grab object the button is being sewed,0,0, A
3,30.76923076923077,"['Get out sewing kit.', 'Get a replacement button.', 'grab object the button is being sewed']","['knot thread', 'place the button']",place the button,1,0, A
4,50.0,"['Get out sewing kit.', 'Get a replacement button.', 'grab object the button is being sewed', 'place the button']","['Obtain needle and thread', 'Push needle through back of clothes and through hole of button']",Push needle through back of clothes and through hole of button,1,0, A
5,53.84615384615385,"['Get out sewing kit.', 'Get a replacement button.', 'grab object the button is being sewed', 'place the button', 'Push needle through back of clothes and through hole of button']","['Get needle.', 'With other hand, push needle through button hole']","With other hand, push needle through button hole",1,0, A
6,80.76923076923077,"['Get out sewing kit.', 'Get a replacement button.', 'grab object the button is being sewed', 'place the button', 'Push needle through back of clothes and through hole of button', 'With other hand, push needle through button hole']","['knot thread', 'Make a knot']",Make a knot,1,0, A
0,0.0,[],"['Get sewing kit', 'Position button on shirt']",Get sewing kit,0,0, A
1,19.230769230769237,['Get sewing kit'],"['Cut thread', 'Select thread']",Select thread,1,0, A
2,34.61538461538461,"['Get sewing kit', 'Select thread']","['Cut off excess thread', 'Thread needle.']",Thread needle.,1,0, A
3,50.0,"['Get sewing kit', 'Select thread', 'Thread needle.']","['Get a thread and a needle', 'Put the thread through the button and start threading']",Put the thread through the button and start threading,1,0, A
4,53.84615384615385,"['Get sewing kit', 'Select thread', 'Thread needle.', 'Put the thread through the button and start threading']","['Use the needle to guide the thread', 'Take out thread and needle']",Use the needle to guide the thread,0,0, A
5,57.692307692307686,"['Get sewing kit', 'Select thread', 'Thread needle.', 'Put the thread through the button and start threading', 'Use the needle to guide the thread']","['Pull through', 'Purchase thread']",Pull through,0,0, A
6,61.53846153846154,"['Get sewing kit', 'Select thread', 'Thread needle.', 'Put the thread through the button and start threading', 'Use the needle to guide the thread', 'Pull through']","['Push needle through first hole', 'Obtain needle and thread']",Push needle through first hole,0,0, A
7,80.76923076923077,"['Get sewing kit', 'Select thread', 'Thread needle.', 'Put the thread through the button and start threading', 'Use the needle to guide the thread', 'Pull through', 'Push needle through first hole']","['tie off the thread', 'Tie thread to needle']",tie off the thread,0,0, A
8,88.46153846153845,"['Get sewing kit', 'Select thread', 'Thread needle.', 'Put the thread through the button and start threading', 'Use the needle to guide the thread', 'Pull through', 'Push needle through first hole', 'tie off the thread']","['Push needle through other hole of button and through clothes', 'Put needle and thread back in drawer']",Put needle and thread back in drawer,1,0, A
9,92.3076923076923,"['Get sewing kit', 'Select thread', 'Thread needle.', 'Put the thread through the button and start threading', 'Use the needle to guide the thread', 'Pull through', 'Push needle through first hole', 'tie off the thread', 'Put needle and thread back in drawer']","['Tie knot at end of thread.', 'MAKE SURE BUTTON IS SECURE']",MAKE SURE BUTTON IS SECURE,1,0, A
0,0.0,[],"['Put button in the right area', 'Drive to fabric store']",Drive to fabric store,1,0, A
1,19.230769230769237,['Drive to fabric store'],"['Find thread', 'tying a knot with thread']",Find thread,0,0, A
2,34.61538461538461,"['Drive to fabric store', 'Find thread']","['Put thread through a needle.', 'get thread, needle, button to be sewn']",Put thread through a needle.,0,0, A
3,38.46153846153847,"['Drive to fabric store', 'Find thread', 'Put thread through a needle.']","['knot thread', 'tie a knot at the end of the string']",knot thread,0,0, A
4,50.0,"['Drive to fabric store', 'Find thread', 'Put thread through a needle.', 'knot thread']","['Put thread through needle.', 'Check new button']",Put thread through needle.,0,0, A
5,80.76923076923077,"['Drive to fabric store', 'Find thread', 'Put thread through a needle.', 'knot thread', 'Put thread through needle.']","['when done tie the end properly', 'Take button and put it on shirt where you want it']",when done tie the end properly,0,0, A
6,84.61538461538461,"['Drive to fabric store', 'Find thread', 'Put thread through a needle.', 'knot thread', 'Put thread through needle.', 'when done tie the end properly']","['Cut off excess thread', 'take the button']",Cut off excess thread,0,0, A
0,0.0,[],"['taking the right button out', 'Take out sewing kit']",Take out sewing kit,1,0, A
1,34.61538461538461,['Take out sewing kit'],"['Thread a needle with thread that matches shirt that needs a new button.', 'Tie off thread']",Thread a needle with thread that matches shirt that needs a new button.,0,0, A
2,88.46153846153845,"['Take out sewing kit', 'Thread a needle with thread that matches shirt that needs a new button.']","['Clean up.', 'Take out sewing kit.']",Clean up.,0,0, A
3,92.3076923076923,"['Take out sewing kit', 'Thread a needle with thread that matches shirt that needs a new button.', 'Clean up.']","[""Insert the thread into the eye of the needle and tie a knot so it's attached."", 'Check the button']",Check the button,1,0, A
0,0.0,[],"['Pull thread through', 'Get out sewing kit.']",Get out sewing kit.,1,0, A
1,23.07692307692308,['Get out sewing kit.'],"['Find a button', 'Repeat 4 or 5 times']",Find a button,0,0, A
2,26.923076923076923,"['Get out sewing kit.', 'Find a button']","['Make a knot on last pass', 'Lay down garment']",Lay down garment,1,0, A
3,34.61538461538461,"['Get out sewing kit.', 'Find a button', 'Lay down garment']","['Thread needle', 'knot thread']",Thread needle,0,0, A
4,38.46153846153847,"['Get out sewing kit.', 'Find a button', 'Lay down garment', 'Thread needle']","['Loop thread to create knot in thread.', 'Tie a knot in the thread']",Tie a knot in the thread,1,0, A
5,46.15384615384615,"['Get out sewing kit.', 'Find a button', 'Lay down garment', 'Thread needle', 'Tie a knot in the thread']","['Sew the button on the cloth using the needle', 'Get some thread']",Sew the button on the cloth using the needle,0,0, A
6,50.0,"['Get out sewing kit.', 'Find a button', 'Lay down garment', 'Thread needle', 'Tie a knot in the thread', 'Sew the button on the cloth using the needle']","['GET SOME NEEDLE AND THREAD', 'Poke hole with needle through button hole and fabric']",Poke hole with needle through button hole and fabric,1,0, A
7,65.38461538461539,"['Get out sewing kit.', 'Find a button', 'Lay down garment', 'Thread needle', 'Tie a knot in the thread', 'Sew the button on the cloth using the needle', 'Poke hole with needle through button hole and fabric']","['Position needle with thread', 'Pass the needle through the second button hole']",Pass the needle through the second button hole,1,0, A
8,76.92307692307693,"['Get out sewing kit.', 'Find a button', 'Lay down garment', 'Thread needle', 'Tie a knot in the thread', 'Sew the button on the cloth using the needle', 'Poke hole with needle through button hole and fabric', 'Pass the needle through the second button hole']","['Find similar button', 'Continue until the button is securely on the clothing']",Continue until the button is securely on the clothing,1,0, A
0,0.0,[],"['Align the button on the correct place on the cloth', 'Drive to fabric store']",Drive to fabric store,1,0, A
1,19.230769230769237,['Drive to fabric store'],"['Find some thread', 'put items away when done']",Find some thread,0,0, A
2,30.76923076923077,"['Drive to fabric store', 'Find some thread']","['Place the button in the right spot', 'Insert the needle back into the garment from the top of the button']",Place the button in the right spot,0,0, A
3,42.30769230769231,"['Drive to fabric store', 'Find some thread', 'Place the button in the right spot']","['Repeat the inserting as above for about 10 times', 'Cut away any loose threads.']",Cut away any loose threads.,1,0, A
4,61.53846153846154,"['Drive to fabric store', 'Find some thread', 'Place the button in the right spot', 'Cut away any loose threads.']","['Get the thread', 'Put needle into one button hole through shirt.']",Put needle into one button hole through shirt.,1,0, A
5,65.38461538461539,"['Drive to fabric store', 'Find some thread', 'Place the button in the right spot', 'Cut away any loose threads.', 'Put needle into one button hole through shirt.']","['pull needle through to knot', 'Tie a knot in the end of thread']",pull needle through to knot,0,0, A
6,76.92307692307693,"['Drive to fabric store', 'Find some thread', 'Place the button in the right spot', 'Cut away any loose threads.', 'Put needle into one button hole through shirt.', 'pull needle through to knot']","['Get thread', 'Keep repeating the sewing to reinforce the strength']",Keep repeating the sewing to reinforce the strength,1,0, A
7,80.76923076923077,"['Drive to fabric store', 'Find some thread', 'Place the button in the right spot', 'Cut away any loose threads.', 'Put needle into one button hole through shirt.', 'pull needle through to knot', 'Keep repeating the sewing to reinforce the strength']","['Get button, thread, needle and scissors', 'Tie of thread on inside']",Tie of thread on inside,1,0, A
8,84.61538461538461,"['Drive to fabric store', 'Find some thread', 'Place the button in the right spot', 'Cut away any loose threads.', 'Put needle into one button hole through shirt.', 'pull needle through to knot', 'Keep repeating the sewing to reinforce the strength', 'Tie of thread on inside']","['Cut the needle off of the thread.', 'Thread needle.']",Cut the needle off of the thread.,0,0, A
0,0.0,[],"['Get the sewing kit.', 'Cut thread']",Get the sewing kit.,0,0, A
1,7.6923076923076925,['Get the sewing kit.'],"['Cut thread', 'Obtain needle and thread']",Obtain needle and thread,1,0, A
2,23.07692307692308,"['Get the sewing kit.', 'Obtain needle and thread']","['Tie the thread so the button will not come loose', 'find a button']",find a button,1,0, A
3,61.53846153846154,"['Get the sewing kit.', 'Obtain needle and thread', 'find a button']","['Holding button at appropriate location, press needle through first hole on button.', 'Find a piece of clothing.']","Holding button at appropriate location, press needle through first hole on button.",0,0, A
4,76.92307692307693,"['Get the sewing kit.', 'Obtain needle and thread', 'find a button', 'Holding button at appropriate location, press needle through first hole on button.']","['Continue sewing.', 'locate needle and thread']",Continue sewing.,0,0, A
5,84.61538461538461,"['Get the sewing kit.', 'Obtain needle and thread', 'find a button', 'Holding button at appropriate location, press needle through first hole on button.', 'Continue sewing.']","['Put needle through button and shirt', 'cut the thread when finished']",cut the thread when finished,1,0, A
0,0.0,[],"['cut thread', 'Get sewing kit']",Get sewing kit,1,0, A
1,11.538461538461538,['Get sewing kit'],"['Find a needle', 'Cut thread from spindle']",Find a needle,0,0, A
2,34.61538461538461,"['Get sewing kit', 'Find a needle']","['THREAD THE THREAD ONTO THE NEEDLE', 'tie off the thread']",THREAD THE THREAD ONTO THE NEEDLE,0,0, A
3,38.46153846153847,"['Get sewing kit', 'Find a needle', 'THREAD THE THREAD ONTO THE NEEDLE']","['Tie the end of the string so it will not unravel', 'Tie knot at end of thread.']",Tie knot at end of thread.,1,0, A
4,50.0,"['Get sewing kit', 'Find a needle', 'THREAD THE THREAD ONTO THE NEEDLE', 'Tie knot at end of thread.']","['Push needle through the button holes', 'get some thread']",Push needle through the button holes,0,0, A
5,53.84615384615385,"['Get sewing kit', 'Find a needle', 'THREAD THE THREAD ONTO THE NEEDLE', 'Tie knot at end of thread.', 'Push needle through the button holes']","['Pull the needle through a hole in the button, then back into the fabric', 'Get the thread']","Pull the needle through a hole in the button, then back into the fabric",0,0, A
6,84.61538461538461,"['Get sewing kit', 'Find a needle', 'THREAD THE THREAD ONTO THE NEEDLE', 'Tie knot at end of thread.', 'Push needle through the button holes', 'Pull the needle through a hole in the button, then back into the fabric']","['GET SOME NEEDLE AND THREAD', 'cut thread so that need will detach']",cut thread so that need will detach,1,0, A
7,88.46153846153845,"['Get sewing kit', 'Find a needle', 'THREAD THE THREAD ONTO THE NEEDLE', 'Tie knot at end of thread.', 'Push needle through the button holes', 'Pull the needle through a hole in the button, then back into the fabric', 'cut thread so that need will detach']","['Put supplies away', 'Pull til it stops at the knot, push through fabric and another button hole']",Put supplies away,0,0, A
0,0.0,[],"['get thread, needle, button to be sewn', 'Continue repeating pushing up and pushing thread back down']","get thread, needle, button to be sewn",0,0, A
1,26.923076923076923,"['get thread, needle, button to be sewn']","['pass needle through needle hole in button', 'Lay down garment']",Lay down garment,1,0, A
2,34.61538461538461,"['get thread, needle, button to be sewn', 'Lay down garment']","['Tie end in a knot', 'thread the needle']",thread the needle,1,0, A
3,42.30769230769231,"['get thread, needle, button to be sewn', 'Lay down garment', 'thread the needle']","['Cut away any loose threads.', 'Get sewing kit']",Cut away any loose threads.,0,0, A
4,46.15384615384615,"['get thread, needle, button to be sewn', 'Lay down garment', 'thread the needle', 'Cut away any loose threads.']","['sew the button on carefully', 'Find button that matches others.']",sew the button on carefully,0,0, A
5,76.92307692307693,"['get thread, needle, button to be sewn', 'Lay down garment', 'thread the needle', 'Cut away any loose threads.', 'sew the button on carefully']","['Repeat this until the button is secure', 'Find matching button, or old button.']",Repeat this until the button is secure,0,0, A
6,80.76923076923077,"['get thread, needle, button to be sewn', 'Lay down garment', 'thread the needle', 'Cut away any loose threads.', 'sew the button on carefully', 'Repeat this until the button is secure']","['Tie off thread', 'attach string to needle']",Tie off thread,0,0, A
7,88.46153846153845,"['get thread, needle, button to be sewn', 'Lay down garment', 'thread the needle', 'Cut away any loose threads.', 'sew the button on carefully', 'Repeat this until the button is secure', 'Tie off thread']","['Pull out a length of thread.', 'Put everything away.']",Put everything away.,1,0, A
8,92.3076923076923,"['get thread, needle, button to be sewn', 'Lay down garment', 'thread the needle', 'Cut away any loose threads.', 'sew the button on carefully', 'Repeat this until the button is secure', 'Tie off thread', 'Put everything away.']","['MAKE SURE BUTTON IS SECURE', 'Find a button.']",MAKE SURE BUTTON IS SECURE,0,0, A
0,0.0,[],"['Wrap the thread', 'Drive to fabric store']",Drive to fabric store,1,0, A
1,19.230769230769237,['Drive to fabric store'],"['Secure the button with a knot', 'Purchase thread']",Purchase thread,1,0, A
2,30.76923076923077,"['Drive to fabric store', 'Purchase thread']","['Tie off thread', 'Put the button up to the garment']",Put the button up to the garment,1,0, A
3,46.15384615384615,"['Drive to fabric store', 'Purchase thread', 'Put the button up to the garment']","['Sew thread on needle through hole of button.', 'Find a suitable button']",Sew thread on needle through hole of button.,0,0, A
4,61.53846153846154,"['Drive to fabric store', 'Purchase thread', 'Put the button up to the garment', 'Sew thread on needle through hole of button.']","['Take out right colored thread.', 'take needle bring up through the back of the item']",take needle bring up through the back of the item,1,0, A
5,65.38461538461539,"['Drive to fabric store', 'Purchase thread', 'Put the button up to the garment', 'Sew thread on needle through hole of button.', 'take needle bring up through the back of the item']","['Cross over to perpendicular hole, push needle back through', 'Hold button to material.']","Cross over to perpendicular hole, push needle back through",0,0, A
6,69.23076923076923,"['Drive to fabric store', 'Purchase thread', 'Put the button up to the garment', 'Sew thread on needle through hole of button.', 'take needle bring up through the back of the item', 'Cross over to perpendicular hole, push needle back through']","['put needle into adjoining hole', 'Sew through holes or shank in button.']",put needle into adjoining hole,0,0, A
7,73.07692307692307,"['Drive to fabric store', 'Purchase thread', 'Put the button up to the garment', 'Sew thread on needle through hole of button.', 'take needle bring up through the back of the item', 'Cross over to perpendicular hole, push needle back through', 'put needle into adjoining hole']","['Sew button through fourth and final hole', 'Move needle in and out of button holes to secure to shirt.']",Sew button through fourth and final hole,0,0, A
8,84.61538461538461,"['Drive to fabric store', 'Purchase thread', 'Put the button up to the garment', 'Sew thread on needle through hole of button.', 'take needle bring up through the back of the item', 'Cross over to perpendicular hole, push needle back through', 'put needle into adjoining hole', 'Sew button through fourth and final hole']","['Find a button', 'Cut the needle off of the thread.']",Cut the needle off of the thread.,1,0, A
9,88.46153846153845,"['Drive to fabric store', 'Purchase thread', 'Put the button up to the garment', 'Sew thread on needle through hole of button.', 'take needle bring up through the back of the item', 'Cross over to perpendicular hole, push needle back through', 'put needle into adjoining hole', 'Sew button through fourth and final hole', 'Cut the needle off of the thread.']","['put sewing kit away', 'Get thread.']",put sewing kit away,0,0, A
10,92.3076923076923,"['Drive to fabric store', 'Purchase thread', 'Put the button up to the garment', 'Sew thread on needle through hole of button.', 'take needle bring up through the back of the item', 'Cross over to perpendicular hole, push needle back through', 'put needle into adjoining hole', 'Sew button through fourth and final hole', 'Cut the needle off of the thread.', 'put sewing kit away']","['Get thread', 'Check if the button is tight']",Check if the button is tight,1,0, A
0,0.0,[],"['thread the needle', 'Grab the fabric and button']",Grab the fabric and button,1,0, A
1,26.923076923076923,['Grab the fabric and button'],"['Get shirt', 'Place needle through clothing.']",Get shirt,0,0, A
2,34.61538461538461,"['Grab the fabric and button', 'Get shirt']","['Insert the needle back into the garment from the top of the button', 'Place the thread inside the needle']",Place the thread inside the needle,1,0, A
3,88.46153846153845,"['Grab the fabric and button', 'Get shirt', 'Place the thread inside the needle']","['PUT NEEDLE AND THREAD AWAY', 'Crisscross on the button']",PUT NEEDLE AND THREAD AWAY,0,0, A
0,0.0,[],"['repeat', 'Take out sewing kit.']",Take out sewing kit.,1,0, A
1,11.538461538461538,['Take out sewing kit.'],"['Get the needle', 'cut thread from button']",Get the needle,0,0, A
2,34.61538461538461,"['Take out sewing kit.', 'Get the needle']","[""Make sure it's secure"", 'Thread the needle']",Thread the needle,1,0, A
3,42.30769230769231,"['Take out sewing kit.', 'Get the needle', 'Thread the needle']","['measure and cut length of thread', 'cut remaining thread away']",measure and cut length of thread,0,0, A
4,61.53846153846154,"['Take out sewing kit.', 'Get the needle', 'Thread the needle', 'measure and cut length of thread']","['Starting from the bottom, poke needle through hole in button', 'Cut off excess thread']","Starting from the bottom, poke needle through hole in button",0,0, A
5,65.38461538461539,"['Take out sewing kit.', 'Get the needle', 'Thread the needle', 'measure and cut length of thread', 'Starting from the bottom, poke needle through hole in button']","['pull needle through to knot', 'Put thread through needle hole']",pull needle through to knot,0,0, A
6,76.92307692307693,"['Take out sewing kit.', 'Get the needle', 'Thread the needle', 'measure and cut length of thread', 'Starting from the bottom, poke needle through hole in button', 'pull needle through to knot']","['Find thread that matches button color.', 'Keep threading until the button is firmly attached']",Keep threading until the button is firmly attached,1,0, A
7,84.61538461538461,"['Take out sewing kit.', 'Get the needle', 'Thread the needle', 'measure and cut length of thread', 'Starting from the bottom, poke needle through hole in button', 'pull needle through to knot', 'Keep threading until the button is firmly attached']","['Cut the thread.', 'Put needle into one button hole through shirt.']",Cut the thread.,0,0, A
0,0.0,[],"['Get a thimble', 'Knot the end to make it stay']",Get a thimble,0,0, A
1,26.923076923076923,['Get a thimble'],"['Return the needle through the fabric and through a different button hole', 'take the cloth to be sewed']",take the cloth to be sewed,1,0, A
2,50.0,"['Get a thimble', 'take the cloth to be sewed']","['Put thread through needle.', 'Get out sewing kit']",Put thread through needle.,0,0, A
3,76.92307692307693,"['Get a thimble', 'take the cloth to be sewed', 'Put thread through needle.']","['Get button', 'Keep threading until the button is firmly attached']",Keep threading until the button is firmly attached,1,0, A
4,84.61538461538461,"['Get a thimble', 'take the cloth to be sewed', 'Put thread through needle.', 'Keep threading until the button is firmly attached']","['Take button and put it on shirt where you want it', 'Use scissors to cut thread']",Use scissors to cut thread,1,0, A
0,0.0,[],"['Get a thimble', 'Put away thread and needle']",Get a thimble,0,0, A
1,15.384615384615383,['Get a thimble'],"['Sew button through third hole', 'Find matching thread']",Find matching thread,1,0, A
2,30.76923076923077,"['Get a thimble', 'Find matching thread']","['Cut off excess thread', 'Hold button in place on clothing.']",Hold button in place on clothing.,1,0, A
3,46.15384615384615,"['Get a thimble', 'Find matching thread', 'Hold button in place on clothing.']","['Sew the button through the button holes onto the shirt', 'Find some thread and needle']",Sew the button through the button holes onto the shirt,0,0, A
4,84.61538461538461,"['Get a thimble', 'Find matching thread', 'Hold button in place on clothing.', 'Sew the button through the button holes onto the shirt']","['Thread needle', 'cut thread so that need will detach']",cut thread so that need will detach,1,0, A
5,88.46153846153845,"['Get a thimble', 'Find matching thread', 'Hold button in place on clothing.', 'Sew the button through the button holes onto the shirt', 'cut thread so that need will detach']","['Put all the items away', 'Get the piece of apparel that needs to sew the button on.']",Put all the items away,0,0, A
6,92.3076923076923,"['Get a thimble', 'Find matching thread', 'Hold button in place on clothing.', 'Sew the button through the button holes onto the shirt', 'cut thread so that need will detach', 'Put all the items away']","['Choose thread to sew button on with.', 'Check the button']",Check the button,1,0, A
0,0.0,[],"['Get scissors, needle, button and thread', 'Cut thread.']","Get scissors, needle, button and thread",0,0, A
1,7.6923076923076925,"['Get scissors, needle, button and thread']","['cut remaining thread away', 'find needle and thread']",find needle and thread,1,0, A
2,30.76923076923077,"['Get scissors, needle, button and thread', 'find needle and thread']","['Position button in correct place.', 'Cut off any excess thread.']",Position button in correct place.,0,0, A
3,46.15384615384615,"['Get scissors, needle, button and thread', 'find needle and thread', 'Position button in correct place.']","['Sew button', 'Get thread and needle']",Sew button,0,0, A
4,76.92307692307693,"['Get scissors, needle, button and thread', 'find needle and thread', 'Position button in correct place.', 'Sew button']","['Prepare needle and thread.', 'Keep sewing until the button is secure.']",Keep sewing until the button is secure.,1,0, A
0,0.0,[],"['Take out sewing kit', 'repeat steps 4-5 until button is secured to shirt']",Take out sewing kit,0,0, A
1,7.6923076923076925,['Take out sewing kit'],"['Prepare needle and thread.', 'Sew thread on needle through hole of button.']",Prepare needle and thread.,0,0, A
2,11.538461538461538,"['Take out sewing kit', 'Prepare needle and thread.']","['Place needle through clothing.', 'Get needle']",Get needle,1,0, A
3,19.230769230769237,"['Take out sewing kit', 'Prepare needle and thread.', 'Get needle']","['Choose thread to sew button on with.', 'Pass the needle in and out of holes on button']",Choose thread to sew button on with.,0,0, A
4,23.07692307692308,"['Take out sewing kit', 'Prepare needle and thread.', 'Get needle', 'Choose thread to sew button on with.']","['Get extra button', 'Repeat procedure until button is secure']",Get extra button,0,0, A
5,38.46153846153847,"['Take out sewing kit', 'Prepare needle and thread.', 'Get needle', 'Choose thread to sew button on with.', 'Get extra button']","['tie a knot in thread', 'Get needle']",tie a knot in thread,0,0, A
6,42.30769230769231,"['Take out sewing kit', 'Prepare needle and thread.', 'Get needle', 'Choose thread to sew button on with.', 'Get extra button', 'tie a knot in thread']","['measure and cut length of thread', 'Tie the thread at the bottom of the button']",measure and cut length of thread,0,0, A
7,61.53846153846154,"['Take out sewing kit', 'Prepare needle and thread.', 'Get needle', 'Choose thread to sew button on with.', 'Get extra button', 'tie a knot in thread', 'measure and cut length of thread']","['Put the needle and thread away', 'take needle bring up through the back of the item']",take needle bring up through the back of the item,1,0, A
8,76.92307692307693,"['Take out sewing kit', 'Prepare needle and thread.', 'Get needle', 'Choose thread to sew button on with.', 'Get extra button', 'tie a knot in thread', 'measure and cut length of thread', 'take needle bring up through the back of the item']","['Continue until button is secure', 'Find a button that matches the others on your garment']",Continue until button is secure,0,0, A
0,0.0,[],"['Get your sewing kit', 'ATTACH BUTTON USING NEEDLE AND THREAD']",Get your sewing kit,0,0, A
1,19.230769230769237,['Get your sewing kit'],"['Continue to push and pull needle through button holes until button is secure', 'Get some thread']",Get some thread,1,0, A
2,30.76923076923077,"['Get your sewing kit', 'Get some thread']","['place the button', 'Pull needle and thread']",place the button,0,0, A
3,34.61538461538461,"['Get your sewing kit', 'Get some thread', 'place the button']","['threading the needle', 'Cut off remaining thread']",threading the needle,0,0, A
4,88.46153846153845,"['Get your sewing kit', 'Get some thread', 'place the button', 'threading the needle']","['gather needle and thread', 'put items away when done']",put items away when done,1,0, A
0,0.0,[],"['get thread, needle, button to be sewn', 'Pull the needle through a hole in the button, then back into the fabric']","get thread, needle, button to be sewn",0,0, A
1,15.384615384615383,"['get thread, needle, button to be sewn']","['Find matching thread', 'Keep repeating the sewing to reinforce the strength']",Find matching thread,0,0, A
2,23.07692307692308,"['get thread, needle, button to be sewn', 'Find matching thread']","['Get a button to match', 'Tie off thread']",Get a button to match,0,0, A
3,26.923076923076923,"['get thread, needle, button to be sewn', 'Find matching thread', 'Get a button to match']","['Cut loose ends.', 'carefully cut off old button if exists']",carefully cut off old button if exists,1,0, A
4,34.61538461538461,"['get thread, needle, button to be sewn', 'Find matching thread', 'Get a button to match', 'carefully cut off old button if exists']","['tie the thread to the sewing needle', 'Repeat for all holes to reinforce']",tie the thread to the sewing needle,0,0, A
5,88.46153846153845,"['get thread, needle, button to be sewn', 'Find matching thread', 'Get a button to match', 'carefully cut off old button if exists', 'tie the thread to the sewing needle']","['Put away needle and thread', 'Find matching thread']",Put away needle and thread,0,0, A
6,92.3076923076923,"['get thread, needle, button to be sewn', 'Find matching thread', 'Get a button to match', 'carefully cut off old button if exists', 'tie the thread to the sewing needle', 'Put away needle and thread']","['Check if the button is tight', 'Pull thread through and secure button']",Check if the button is tight,0,0, A
0,0.0,[],"['pull needle through to knot', 'Get a thimble']",Get a thimble,1,0, A
1,30.76923076923077,['Get a thimble'],"['Line the button up in the place where the old one would have been', 'tie knot on thread']",Line the button up in the place where the old one would have been,0,0, A
2,34.61538461538461,"['Get a thimble', 'Line the button up in the place where the old one would have been']","['Continue to loop the needle and thread through the button holes.', 'Thread a needle']",Thread a needle,1,0, A
3,53.84615384615385,"['Get a thimble', 'Line the button up in the place where the old one would have been', 'Thread a needle']","['Crisscross on the button', 'Cut a length of thread more than double what you will need']",Crisscross on the button,0,0, A
4,61.53846153846154,"['Get a thimble', 'Line the button up in the place where the old one would have been', 'Thread a needle', 'Crisscross on the button']","['Start sewing going into the back of the garment.', 'Get thread']",Start sewing going into the back of the garment.,0,0, A
5,65.38461538461539,"['Get a thimble', 'Line the button up in the place where the old one would have been', 'Thread a needle', 'Crisscross on the button', 'Start sewing going into the back of the garment.']","['Pull needle and thread', 'put sewing kit away']",Pull needle and thread,0,0, A
6,76.92307692307693,"['Get a thimble', 'Line the button up in the place where the old one would have been', 'Thread a needle', 'Crisscross on the button', 'Start sewing going into the back of the garment.', 'Pull needle and thread']","['Continue until the button is on tight', 'Thread needle.']",Continue until the button is on tight,0,0, A
7,80.76923076923077,"['Get a thimble', 'Line the button up in the place where the old one would have been', 'Thread a needle', 'Crisscross on the button', 'Start sewing going into the back of the garment.', 'Pull needle and thread', 'Continue until the button is on tight']","['Tie off thread', 'Thread the needle']",Tie off thread,0,0, A
0,0.0,[],"['Get button, thread, needle and scissors', 'Put needle through one hole']","Get button, thread, needle and scissors",0,0, A
1,7.6923076923076925,"['Get button, thread, needle and scissors']","['Sew button onto garment', 'Remove thread and needle from kit']",Remove thread and needle from kit,1,0, A
2,30.76923076923077,"['Get button, thread, needle and scissors', 'Remove thread and needle from kit']","['place button where you want it', 'Tie off knot with thread.']",place button where you want it,0,0, A
3,34.61538461538461,"['Get button, thread, needle and scissors', 'Remove thread and needle from kit', 'place button where you want it']","['Put thread end through eye of needle', 'cut the thread']",Put thread end through eye of needle,0,0, A
4,38.46153846153847,"['Get button, thread, needle and scissors', 'Remove thread and needle from kit', 'place button where you want it', 'Put thread end through eye of needle']","['Tie knot in thread', 'Cut thread']",Tie knot in thread,0,0, A
5,42.30769230769231,"['Get button, thread, needle and scissors', 'Remove thread and needle from kit', 'place button where you want it', 'Put thread end through eye of needle', 'Tie knot in thread']","['Cut away old strings', 'Repeat step 8 until button is sewn on']",Cut away old strings,0,0, A
6,61.53846153846154,"['Get button, thread, needle and scissors', 'Remove thread and needle from kit', 'place button where you want it', 'Put thread end through eye of needle', 'Tie knot in thread', 'Cut away old strings']","['Put needle into one button hole through shirt.', 'Take out sewing kit.']",Put needle into one button hole through shirt.,0,0, A
7,65.38461538461539,"['Get button, thread, needle and scissors', 'Remove thread and needle from kit', 'place button where you want it', 'Put thread end through eye of needle', 'Tie knot in thread', 'Cut away old strings', 'Put needle into one button hole through shirt.']","['Put the needle thorough the back of the button hole.', 'Put thread in needle']",Put the needle thorough the back of the button hole.,0,0, A
8,69.23076923076923,"['Get button, thread, needle and scissors', 'Remove thread and needle from kit', 'place button where you want it', 'Put thread end through eye of needle', 'Tie knot in thread', 'Cut away old strings', 'Put needle into one button hole through shirt.', 'Put the needle thorough the back of the button hole.']","['Tie thread to needle', 'Put needle in other button hole.']",Put needle in other button hole.,1,0, A
9,73.07692307692307,"['Get button, thread, needle and scissors', 'Remove thread and needle from kit', 'place button where you want it', 'Put thread end through eye of needle', 'Tie knot in thread', 'Cut away old strings', 'Put needle into one button hole through shirt.', 'Put the needle thorough the back of the button hole.', 'Put needle in other button hole.']","['Put button on shirt', 'Pull through other side.']",Pull through other side.,1,0, A
10,84.61538461538461,"['Get button, thread, needle and scissors', 'Remove thread and needle from kit', 'place button where you want it', 'Put thread end through eye of needle', 'Tie knot in thread', 'Cut away old strings', 'Put needle into one button hole through shirt.', 'Put the needle thorough the back of the button hole.', 'Put needle in other button hole.', 'Pull through other side.']","['Cut thread.', 'carefully cut off old button if exists']",Cut thread.,0,0, A
0,0.0,[],"['Pull through', 'Gather supplies']",Gather supplies,1,0, A
1,30.76923076923077,['Gather supplies'],"['Place button on fabric', 'Cut thread close to knot.']",Place button on fabric,0,0, A
2,53.84615384615385,"['Gather supplies', 'Place button on fabric']","['Insert the needle into the button hole', 'getting out thread']",Insert the needle into the button hole,0,0, A
3,80.76923076923077,"['Gather supplies', 'Place button on fabric', 'Insert the needle into the button hole']","['Find needle and thread', 'When done knot end.']",When done knot end.,1,0, A
4,88.46153846153845,"['Gather supplies', 'Place button on fabric', 'Insert the needle into the button hole', 'When done knot end.']","['Thread the opposite diagonal hole with the needle and tighten the string', 'Put the needle and thread away']",Put the needle and thread away,1,0, A
0,0.0,[],"['ATTACH BUTTON USING NEEDLE AND THREAD', 'Grab the fabric and button']",Grab the fabric and button,1,0, A
1,15.384615384615383,['Grab the fabric and button'],"['Select thread of correct color', 'Repeat this until the button is secure']",Select thread of correct color,0,0, A
2,30.76923076923077,"['Grab the fabric and button', 'Select thread of correct color']","['Put away needle and thread', 'line it up with the hole']",line it up with the hole,1,0, A
3,42.30769230769231,"['Grab the fabric and button', 'Select thread of correct color', 'line it up with the hole']","['Cut excess thread', 'Find thread']",Cut excess thread,0,0, A
4,46.15384615384615,"['Grab the fabric and button', 'Select thread of correct color', 'line it up with the hole', 'Cut excess thread']","['Get scissors, needle, button and thread', 'Use needle and thread to sew button']",Use needle and thread to sew button,1,0, A
5,50.0,"['Grab the fabric and button', 'Select thread of correct color', 'line it up with the hole', 'Cut excess thread', 'Use needle and thread to sew button']","['Put needle through button and shirt', 'put items away when done']",Put needle through button and shirt,0,0, A
6,76.92307692307693,"['Grab the fabric and button', 'Select thread of correct color', 'line it up with the hole', 'Cut excess thread', 'Use needle and thread to sew button', 'Put needle through button and shirt']","['place button on cloth where it needs to go', 'Continue sewing.']",Continue sewing.,1,0, A
7,80.76923076923077,"['Grab the fabric and button', 'Select thread of correct color', 'line it up with the hole', 'Cut excess thread', 'Use needle and thread to sew button', 'Put needle through button and shirt', 'Continue sewing.']","['Thread needle', 'tug to make sure it is secure']",tug to make sure it is secure,1,0, A
8,84.61538461538461,"['Grab the fabric and button', 'Select thread of correct color', 'line it up with the hole', 'Cut excess thread', 'Use needle and thread to sew button', 'Put needle through button and shirt', 'Continue sewing.', 'tug to make sure it is secure']","['Cut loose ends.', 'Cut away any loose threads.']",Cut loose ends.,0,0, A
9,88.46153846153845,"['Grab the fabric and button', 'Select thread of correct color', 'line it up with the hole', 'Cut excess thread', 'Use needle and thread to sew button', 'Put needle through button and shirt', 'Continue sewing.', 'tug to make sure it is secure', 'Cut loose ends.']","['Insert needle through first side of button (step 3)', 'put back all the materials']",put back all the materials,1,0, A
0,0.0,[],"['Drive to fabric store', 'Place button on shirt']",Drive to fabric store,0,0, A
1,19.230769230769237,['Drive to fabric store'],"['Sow the thread through the button holes quite a few times', 'Find thread']",Find thread,1,0, A
2,26.923076923076923,"['Drive to fabric store', 'Find thread']","['put the supplies away', 'Get the item of clothing the button is to go on']",Get the item of clothing the button is to go on,1,0, A
3,30.76923076923077,"['Drive to fabric store', 'Find thread', 'Get the item of clothing the button is to go on']","['line new button up with corresponding button hole', 'Pull til it stops at the knot, push through fabric and another button hole']",line new button up with corresponding button hole,0,0, A
4,53.84615384615385,"['Drive to fabric store', 'Find thread', 'Get the item of clothing the button is to go on', 'line new button up with corresponding button hole']","['Check the button', 'Pull thread through and secure button']",Pull thread through and secure button,1,0, A
5,61.53846153846154,"['Drive to fabric store', 'Find thread', 'Get the item of clothing the button is to go on', 'line new button up with corresponding button hole', 'Pull thread through and secure button']","['take the needle and matching thread', 'Push needle through hole']",Push needle through hole,1,0, A
6,65.38461538461539,"['Drive to fabric store', 'Find thread', 'Get the item of clothing the button is to go on', 'line new button up with corresponding button hole', 'Pull thread through and secure button', 'Push needle through hole']","['Put the needle thorough the back of the button hole.', 'Get needle and thread']",Put the needle thorough the back of the button hole.,0,0, A
7,69.23076923076923,"['Drive to fabric store', 'Find thread', 'Get the item of clothing the button is to go on', 'line new button up with corresponding button hole', 'Pull thread through and secure button', 'Push needle through hole', 'Put the needle thorough the back of the button hole.']","['put needle into adjoining hole', 'Find a needle and thread']",put needle into adjoining hole,0,0, A
8,73.07692307692307,"['Drive to fabric store', 'Find thread', 'Get the item of clothing the button is to go on', 'line new button up with corresponding button hole', 'Pull thread through and secure button', 'Push needle through hole', 'Put the needle thorough the back of the button hole.', 'put needle into adjoining hole']","['Pull needle and thread', 'Sew the button onto the garment by passing the needle through all 4 button holes.']",Pull needle and thread,0,0, A
9,76.92307692307693,"['Drive to fabric store', 'Find thread', 'Get the item of clothing the button is to go on', 'line new button up with corresponding button hole', 'Pull thread through and secure button', 'Push needle through hole', 'Put the needle thorough the back of the button hole.', 'put needle into adjoining hole', 'Pull needle and thread']","['Repeat this until the button is secure', 'Get thread.']",Repeat this until the button is secure,0,0, A
0,0.0,[],"['Thread needle.', 'Get scissors, needle, button and thread']","Get scissors, needle, button and thread",1,0, A
1,30.76923076923077,"['Get scissors, needle, button and thread']","['Repeat 4 or 5 times', 'Take button and put it on shirt where you want it']",Take button and put it on shirt where you want it,1,0, A
2,46.15384615384615,"['Get scissors, needle, button and thread', 'Take button and put it on shirt where you want it']","['Get button', 'Sew the button on the cloth using the needle']",Sew the button on the cloth using the needle,1,0, A
3,50.0,"['Get scissors, needle, button and thread', 'Take button and put it on shirt where you want it', 'Sew the button on the cloth using the needle']","['insert needle through cloth', 'Find a thread']",insert needle through cloth,0,0, A
4,80.76923076923077,"['Get scissors, needle, button and thread', 'Take button and put it on shirt where you want it', 'Sew the button on the cloth using the needle', 'insert needle through cloth']","['when done tie the end properly', 'Thread needle']",when done tie the end properly,0,0, A
0,0.0,[],"['Drive to fabric store', 'Place button on fabric']",Drive to fabric store,0,0, A
1,19.230769230769237,['Drive to fabric store'],"['Continue sewing.', 'Get thread.']",Get thread.,1,0, A
2,30.76923076923077,"['Drive to fabric store', 'Get thread.']","['Cut off any loose threads with a scissors.', 'Place button on desired spot on shirt.']",Place button on desired spot on shirt.,1,0, A
3,34.61538461538461,"['Drive to fabric store', 'Get thread.', 'Place button on desired spot on shirt.']","['Get button, thread, needle and scissors', 'put thread through needle']",put thread through needle,1,0, A
4,61.53846153846154,"['Drive to fabric store', 'Get thread.', 'Place button on desired spot on shirt.', 'put thread through needle']","['Get garment which you would like to sew button on to.', 'Thread one hole with the needle']",Thread one hole with the needle,1,0, A
5,65.38461538461539,"['Drive to fabric store', 'Get thread.', 'Place button on desired spot on shirt.', 'put thread through needle', 'Thread one hole with the needle']","['gather garment for buttoning', 'Sew button through second hole']",Sew button through second hole,1,0, A
6,69.23076923076923,"['Drive to fabric store', 'Get thread.', 'Place button on desired spot on shirt.', 'put thread through needle', 'Thread one hole with the needle', 'Sew button through second hole']","['Get back the needle through the third button hole', 'Get a sewing needle.']",Get back the needle through the third button hole,0,0, A
7,73.07692307692307,"['Drive to fabric store', 'Get thread.', 'Place button on desired spot on shirt.', 'put thread through needle', 'Thread one hole with the needle', 'Sew button through second hole', 'Get back the needle through the third button hole']","['Get back the needle through the fourth button hole', 'Mark on clothing where button is to go']",Get back the needle through the fourth button hole,0,0, A
8,84.61538461538461,"['Drive to fabric store', 'Get thread.', 'Place button on desired spot on shirt.', 'put thread through needle', 'Thread one hole with the needle', 'Sew button through second hole', 'Get back the needle through the third button hole', 'Get back the needle through the fourth button hole']","['cut thread so that need will detach', 'Tie knot in end of thread']",cut thread so that need will detach,0,0, A
0,0.0,[],"['Cut off any loose threads with a scissors.', 'Drive to fabric store']",Drive to fabric store,1,0, A
1,19.230769230769237,['Drive to fabric store'],"['Get the proper colored thread', 'Make a knot on last pass']",Get the proper colored thread,0,0, A
2,26.923076923076923,"['Drive to fabric store', 'Get the proper colored thread']","['When done knot end.', 'Get item that needs a button']",Get item that needs a button,1,0, A
3,30.76923076923077,"['Drive to fabric store', 'Get the proper colored thread', 'Get item that needs a button']","['Align the button on the correct place on the cloth', 'Clean up.']",Align the button on the correct place on the cloth,0,0, A
4,34.61538461538461,"['Drive to fabric store', 'Get the proper colored thread', 'Get item that needs a button', 'Align the button on the correct place on the cloth']","['Insert needle through first side of button (step 3)', 'Thread the needle']",Thread the needle,1,0, A
5,42.30769230769231,"['Drive to fabric store', 'Get the proper colored thread', 'Get item that needs a button', 'Align the button on the correct place on the cloth', 'Thread the needle']","['Cut away old strings', 'Check the button']",Cut away old strings,0,0, A
6,61.53846153846154,"['Drive to fabric store', 'Get the proper colored thread', 'Get item that needs a button', 'Align the button on the correct place on the cloth', 'Thread the needle', 'Cut away old strings']","['Cut a length of thread more than double what you will need', 'Insert needle through one side of button']",Insert needle through one side of button,1,0, A
7,76.92307692307693,"['Drive to fabric store', 'Get the proper colored thread', 'Get item that needs a button', 'Align the button on the correct place on the cloth', 'Thread the needle', 'Cut away old strings', 'Insert needle through one side of button']","['repeat steps 4-5 until button is secured to shirt', 'Purchase thread']",repeat steps 4-5 until button is secured to shirt,0,0, A
0,0.0,[],"['Ending again in the back of the garment cut off the thread.', 'Drive to fabric store']",Drive to fabric store,1,0, A
1,19.230769230769237,['Drive to fabric store'],"['Get thread', 'Pull through']",Get thread,0,0, A
2,34.61538461538461,"['Drive to fabric store', 'Get thread']","['Check new button', 'Thread a needle']",Thread a needle,1,0, A
3,42.30769230769231,"['Drive to fabric store', 'Get thread', 'Thread a needle']","['Obtain needle and thread', 'Cut away any loose threads.']",Cut away any loose threads.,1,0, A
4,46.15384615384615,"['Drive to fabric store', 'Get thread', 'Thread a needle', 'Cut away any loose threads.']","['sew the button with criss-cross movement of needle', 'Get some thread.']",sew the button with criss-cross movement of needle,0,0, A
5,61.53846153846154,"['Drive to fabric store', 'Get thread', 'Thread a needle', 'Cut away any loose threads.', 'sew the button with criss-cross movement of needle']","['Starting from the bottom, poke needle through hole in button', 'Take a needle']","Starting from the bottom, poke needle through hole in button",0,0, A
6,80.76923076923077,"['Drive to fabric store', 'Get thread', 'Thread a needle', 'Cut away any loose threads.', 'sew the button with criss-cross movement of needle', 'Starting from the bottom, poke needle through hole in button']","['tying a knot with thread', 'Find thread color to match button or item requiring the button']",tying a knot with thread,0,0, A
0,0.0,[],"['Drive to fabric store', 'Pull it back out the other hole']",Drive to fabric store,0,0, A
1,19.230769230769237,['Drive to fabric store'],"['Push the needle through one button hole and back out another hole', 'Get thread']",Get thread,1,0, A
2,34.61538461538461,"['Drive to fabric store', 'Get thread']","['Get back the needle through the fourth button hole', 'thread the needle']",thread the needle,1,0, A
3,53.84615384615385,"['Drive to fabric store', 'Get thread', 'thread the needle']","['Place needle through button eyelets.', 'find shirt with missing button']",Place needle through button eyelets.,0,0, A
0,0.0,[],"['Drive to fabric store', 'Push the needle through the garment into the button']",Drive to fabric store,0,0, A
1,19.230769230769237,['Drive to fabric store'],"['Put needle in other button hole.', 'Take out right colored thread.']",Take out right colored thread.,1,0, A
2,34.61538461538461,"['Drive to fabric store', 'Take out right colored thread.']","['Repeat until button is secure', 'Stick the head through the needle eye']",Stick the head through the needle eye,1,0, A
3,42.30769230769231,"['Drive to fabric store', 'Take out right colored thread.', 'Stick the head through the needle eye']","['Cut excess thread', 'Knot thread']",Cut excess thread,0,0, A
4,61.53846153846154,"['Drive to fabric store', 'Take out right colored thread.', 'Stick the head through the needle eye', 'Cut excess thread']","['Start sewing going into the back of the garment.', 'Cut thread close to knot.']",Start sewing going into the back of the garment.,0,0, A
5,76.92307692307693,"['Drive to fabric store', 'Take out right colored thread.', 'Stick the head through the needle eye', 'Cut excess thread', 'Start sewing going into the back of the garment.']","['Remove the old button', 'Keep repeating the sewing to reinforce the strength']",Keep repeating the sewing to reinforce the strength,1,0, A
6,84.61538461538461,"['Drive to fabric store', 'Take out right colored thread.', 'Stick the head through the needle eye', 'Cut excess thread', 'Start sewing going into the back of the garment.', 'Keep repeating the sewing to reinforce the strength']","['Get proper button', 'Cut away any extra string']",Cut away any extra string,1,0, A
0,0.0,[],"['Place button on shirt', 'Drive to fabric store']",Drive to fabric store,1,0, A
1,19.230769230769237,['Drive to fabric store'],"['Find similar color thread to use.', 'pull through on the other side']",Find similar color thread to use.,0,0, A
2,30.76923076923077,"['Drive to fabric store', 'Find similar color thread to use.']","['cut the thread', 'Place the button at right place']",Place the button at right place,1,0, A
3,34.61538461538461,"['Drive to fabric store', 'Find similar color thread to use.', 'Place the button at right place']","['Repeat for all holes to reinforce', 'Thread the needle']",Thread the needle,1,0, A
4,50.0,"['Drive to fabric store', 'Find similar color thread to use.', 'Place the button at right place', 'Thread the needle']","['Check if the button is tight', 'put the needle into the fabric']",put the needle into the fabric,1,0, A
5,61.53846153846154,"['Drive to fabric store', 'Find similar color thread to use.', 'Place the button at right place', 'Thread the needle', 'put the needle into the fabric']","['Get out thread', 'Pass the needle through one of the button holes']",Pass the needle through one of the button holes,1,0, A
6,76.92307692307693,"['Drive to fabric store', 'Find similar color thread to use.', 'Place the button at right place', 'Thread the needle', 'put the needle into the fabric', 'Pass the needle through one of the button holes']","['Knot the end to make it stay', 'Do this through all holes of button']",Do this through all holes of button,1,0, A
0,0.0,[],"['Thread the needle and tie a knot at end of thread.', 'Drive to fabric store']",Drive to fabric store,1,0, A
1,19.230769230769237,['Drive to fabric store'],"['put sewing kit away', 'get thread']",get thread,1,0, A
2,30.76923076923077,"['Drive to fabric store', 'get thread']","['Hold button in place on clothing.', 'tie knot on thread']",Hold button in place on clothing.,0,0, A
3,42.30769230769231,"['Drive to fabric store', 'get thread', 'Hold button in place on clothing.']","['Pull out a length of thread.', 'Cut away old strings']",Cut away old strings,1,0, A
4,61.53846153846154,"['Drive to fabric store', 'get thread', 'Hold button in place on clothing.', 'Cut away old strings']","['gathering thread', 'Thread one hole with the needle']",Thread one hole with the needle,1,0, A
5,76.92307692307693,"['Drive to fabric store', 'get thread', 'Hold button in place on clothing.', 'Cut away old strings', 'Thread one hole with the needle']","['Get shirt', 'Repeat 4 or 5 times']",Repeat 4 or 5 times,1,0, A
0,0.0,[],"['sew the button on the garment', 'Gather supplies']",Gather supplies,1,0, A
1,30.76923076923077,['Gather supplies'],"['Position button in correct place.', 'Tie off knot with thread.']",Position button in correct place.,0,0, A
2,53.84615384615385,"['Gather supplies', 'Position button in correct place.']","['Pull it back out the other hole', 'Get the garment']",Pull it back out the other hole,0,0, A
3,57.692307692307686,"['Gather supplies', 'Position button in correct place.', 'Pull it back out the other hole']","['make sure button is secure', 'Insert the needle back into the garment from the top of the button']",Insert the needle back into the garment from the top of the button,1,0, A
4,76.92307692307693,"['Gather supplies', 'Position button in correct place.', 'Pull it back out the other hole', 'Insert the needle back into the garment from the top of the button']","['Get button', 'Repeat step 8 until button is sewn on']",Repeat step 8 until button is sewn on,1,0, A
0,0.0,[],"['Get out sewing kit', 'Start sewing']",Get out sewing kit,0,0, A
1,7.6923076923076925,['Get out sewing kit'],"['Tie ends.', 'gather needle and thread']",gather needle and thread,1,0, A
2,11.538461538461538,"['Get out sewing kit', 'gather needle and thread']","['Get needle', 'use the string to make it stay in place']",Get needle,0,0, A
3,23.07692307692308,"['Get out sewing kit', 'gather needle and thread', 'Get needle']","['Cut off the extra thread', 'Find a button']",Find a button,1,0, A
4,26.923076923076923,"['Get out sewing kit', 'gather needle and thread', 'Get needle', 'Find a button']","['Tie knot on thread.', 'Remove the old button']",Remove the old button,1,0, A
5,34.61538461538461,"['Get out sewing kit', 'gather needle and thread', 'Get needle', 'Find a button', 'Remove the old button']","['Thread needle', 'Knot thread']",Thread needle,0,0, A
6,88.46153846153845,"['Get out sewing kit', 'gather needle and thread', 'Get needle', 'Find a button', 'Remove the old button', 'Thread needle']","['put back all the materials', 'line new button up with corresponding button hole']",put back all the materials,0,0, A
7,92.3076923076923,"['Get out sewing kit', 'gather needle and thread', 'Get needle', 'Find a button', 'Remove the old button', 'Thread needle', 'put back all the materials']","['line it up with the hole', 'Check new button']",Check new button,1,0, A
0,0.0,[],"['Drive to fabric store', 'Repeat 4 or 5 times']",Drive to fabric store,0,0, A
1,19.230769230769237,['Drive to fabric store'],"['getting out thread', 'Cut the needle off of the thread.']",getting out thread,0,0, A
2,30.76923076923077,"['Drive to fabric store', 'getting out thread']","['Mark on clothing where button is to go', 'Tie off finishing knot']",Mark on clothing where button is to go,0,0, A
3,46.15384615384615,"['Drive to fabric store', 'getting out thread', 'Mark on clothing where button is to go']","['Insert needle through button and into fabric where the button belongs.', 'Find a button.']",Insert needle through button and into fabric where the button belongs.,0,0, A
4,88.46153846153845,"['Drive to fabric store', 'getting out thread', 'Mark on clothing where button is to go', 'Insert needle through button and into fabric where the button belongs.']","['Get a needle and thread', 'Take out the needle']",Take out the needle,1,0, A
5,92.3076923076923,"['Drive to fabric store', 'getting out thread', 'Mark on clothing where button is to go', 'Insert needle through button and into fabric where the button belongs.', 'Take out the needle']","['Check new button', 'Select thread of correct color']",Check new button,0,0, A
0,0.0,[],"['Drive to fabric store', 'Cut the thread near the needle to finish']",Drive to fabric store,0,0, A
1,19.230769230769237,['Drive to fabric store'],"['Insert needle through button and into fabric where the button belongs.', 'Pick thread to use']",Pick thread to use,1,0, A
2,34.61538461538461,"['Drive to fabric store', 'Pick thread to use']","['Make a knot', 'Thread sewing needle with chosen thread.']",Thread sewing needle with chosen thread.,1,0, A
3,46.15384615384615,"['Drive to fabric store', 'Pick thread to use', 'Thread sewing needle with chosen thread.']","['Take thread from sewing kit', 'Push the needle through one button hole and back out another hole']",Push the needle through one button hole and back out another hole,1,0, A
4,88.46153846153845,"['Drive to fabric store', 'Pick thread to use', 'Thread sewing needle with chosen thread.', 'Push the needle through one button hole and back out another hole']","['Put away needle and thread', 'Find a button']",Put away needle and thread,0,0, A
0,0.0,[],"['Take out sewing kit', 'Find the location where button needs to be sewn.']",Take out sewing kit,0,0, A
1,23.07692307692308,['Take out sewing kit'],"['Sew the button onto the garment by passing the needle through all 4 button holes.', 'Find a matching button']",Find a matching button,1,0, A
2,38.46153846153847,"['Take out sewing kit', 'Find a matching button']","['Take a needle and required thread', 'Tie a knot at the end of thread']",Tie a knot at the end of thread,1,0, A
3,42.30769230769231,"['Take out sewing kit', 'Find a matching button', 'Tie a knot at the end of thread']","['Cut away any loose threads.', 'Get scissors, needle, button and thread']",Cut away any loose threads.,0,0, A
4,46.15384615384615,"['Take out sewing kit', 'Find a matching button', 'Tie a knot at the end of thread', 'Cut away any loose threads.']","['Find thread and needle.', 'Stick needle through hole and secure with thread']",Stick needle through hole and secure with thread,1,0, A
5,76.92307692307693,"['Take out sewing kit', 'Find a matching button', 'Tie a knot at the end of thread', 'Cut away any loose threads.', 'Stick needle through hole and secure with thread']","['Continue sewing.', 'Get sewing kit']",Continue sewing.,0,0, A
6,84.61538461538461,"['Take out sewing kit', 'Find a matching button', 'Tie a knot at the end of thread', 'Cut away any loose threads.', 'Stick needle through hole and secure with thread', 'Continue sewing.']","['Cut off the extra thread', 'Put thread through needle.']",Cut off the extra thread,0,0, A
7,88.46153846153845,"['Take out sewing kit', 'Find a matching button', 'Tie a knot at the end of thread', 'Cut away any loose threads.', 'Stick needle through hole and secure with thread', 'Continue sewing.', 'Cut off the extra thread']","['Get sewing kit', 'put sewing kit away']",put sewing kit away,1,0, A
0,0.0,[],"['Push the needle through one button hole and back out another hole', 'Drive to fabric store']",Drive to fabric store,1,0, A
1,19.230769230769237,['Drive to fabric store'],"['insert needle through cloth', 'Get thread']",Get thread,1,0, A
2,26.923076923076923,"['Drive to fabric store', 'Get thread']","['Take the cloth to be sewed', 'Pull the needle until thread is completely on the other side of shirt']",Take the cloth to be sewed,0,0, A
3,46.15384615384615,"['Drive to fabric store', 'Get thread', 'Take the cloth to be sewed']","['Take a needle and required thread', 'Sew the button in place with the needle and thread']",Sew the button in place with the needle and thread,1,0, A
4,50.0,"['Drive to fabric store', 'Get thread', 'Take the cloth to be sewed', 'Sew the button in place with the needle and thread']","['Cut off excess thread', 'Push needle through back of clothes and through hole of button']",Push needle through back of clothes and through hole of button,1,0, A
5,61.53846153846154,"['Drive to fabric store', 'Get thread', 'Take the cloth to be sewed', 'Sew the button in place with the needle and thread', 'Push needle through back of clothes and through hole of button']","['Use scissors to cut thread', 'push the needle through the button']",push the needle through the button,1,0, A
6,76.92307692307693,"['Drive to fabric store', 'Get thread', 'Take the cloth to be sewed', 'Sew the button in place with the needle and thread', 'Push needle through back of clothes and through hole of button', 'push the needle through the button']","['threading a needle with thread', 'Repeat until sewed on.']",Repeat until sewed on.,1,0, A
7,84.61538461538461,"['Drive to fabric store', 'Get thread', 'Take the cloth to be sewed', 'Sew the button in place with the needle and thread', 'Push needle through back of clothes and through hole of button', 'push the needle through the button', 'Repeat until sewed on.']","['Find a needle', 'Cut off excess thread']",Cut off excess thread,1,0, A
0,0.0,[],"['Get out needle, thread, button, and clothing item.', 'Bring the needle up through another hole on button.']","Get out needle, thread, button, and clothing item.",0,0, A
1,15.384615384615383,"['Get out needle, thread, button, and clothing item.']","['Choose thread color', 'put sewing kit away']",Choose thread color,0,0, A
2,34.61538461538461,"['Get out needle, thread, button, and clothing item.', 'Choose thread color']","['Put thread through a needle.', 'Pull through other side.']",Put thread through a needle.,0,0, A
3,46.15384615384615,"['Get out needle, thread, button, and clothing item.', 'Choose thread color', 'Put thread through a needle.']","['Get a needle and thread.', 'Start sewing']",Start sewing,1,0, A
4,88.46153846153845,"['Get out needle, thread, button, and clothing item.', 'Choose thread color', 'Put thread through a needle.', 'Start sewing']","['Pull needle and thread', 'Put needle away']",Put needle away,1,0, A
5,92.3076923076923,"['Get out needle, thread, button, and clothing item.', 'Choose thread color', 'Put thread through a needle.', 'Start sewing', 'Put needle away']","['Check new button', 'Get item that needs button sewing on']",Check new button,0,0, A
0,0.0,[],"['Get scissors, needle, button and thread', 'Repeat this until the button is secure']","Get scissors, needle, button and thread",0,0, A
1,7.6923076923076925,"['Get scissors, needle, button and thread']","['Insert needle through button and into fabric where the button belongs.', 'Get a thread and a needle']",Get a thread and a needle,1,0, A
2,30.76923076923077,"['Get scissors, needle, button and thread', 'Get a thread and a needle']","['Take button and put it on shirt where you want it', 'put the supplies away']",Take button and put it on shirt where you want it,0,0, A
3,53.84615384615385,"['Get scissors, needle, button and thread', 'Get a thread and a needle', 'Take button and put it on shirt where you want it']","['get some thread', 'Use the needle to guide the thread']",Use the needle to guide the thread,1,0, A
4,80.76923076923077,"['Get scissors, needle, button and thread', 'Get a thread and a needle', 'Take button and put it on shirt where you want it', 'Use the needle to guide the thread']","['make sure button is secure', 'Put the button up to the garment']",make sure button is secure,0,0, A
0,0.0,[],"['Get button, thread, needle and scissors', 'Tie knot in thread.']","Get button, thread, needle and scissors",0,0, A
1,26.923076923076923,"['Get button, thread, needle and scissors']","['Get the item of clothing the button is to go on', 'knot thread']",Get the item of clothing the button is to go on,0,0, A
2,34.61538461538461,"['Get button, thread, needle and scissors', 'Get the item of clothing the button is to go on']","['cut the thread when finished', 'Thread the needle.']",Thread the needle.,1,0, A
3,50.0,"['Get button, thread, needle and scissors', 'Get the item of clothing the button is to go on', 'Thread the needle.']","['gather needle', 'put the needle into the fabric']",put the needle into the fabric,1,0, A
4,61.53846153846154,"['Get button, thread, needle and scissors', 'Get the item of clothing the button is to go on', 'Thread the needle.', 'put the needle into the fabric']","['Put all the items away', 'Starting from the bottom, poke needle through hole in button']","Starting from the bottom, poke needle through hole in button",1,0, A
5,80.76923076923077,"['Get button, thread, needle and scissors', 'Get the item of clothing the button is to go on', 'Thread the needle.', 'put the needle into the fabric', 'Starting from the bottom, poke needle through hole in button']","['knot thread', 'Pick a needle']",knot thread,0,0, A
0,0.0,[],"['Get out sewing kit.', 'Put all the items away']",Get out sewing kit.,0,0, A
1,11.538461538461538,['Get out sewing kit.'],"['find the needle', 'Sow the thread through the button holes quite a few times']",find the needle,0,0, A
2,34.61538461538461,"['Get out sewing kit.', 'find the needle']","['Tie ends.', 'Thread the needle']",Thread the needle,1,0, A
3,38.46153846153847,"['Get out sewing kit.', 'find the needle', 'Thread the needle']","['getting out needle', 'Tie knot']",Tie knot,1,0, A
4,50.0,"['Get out sewing kit.', 'find the needle', 'Thread the needle', 'Tie knot']","['cut loose thread', 'Push needle through button and fabric.']",Push needle through button and fabric.,1,0, A
5,53.84615384615385,"['Get out sewing kit.', 'find the needle', 'Thread the needle', 'Tie knot', 'Push needle through button and fabric.']","['Find a thread', 'Pull through other end']",Pull through other end,1,0, A
6,57.692307692307686,"['Get out sewing kit.', 'find the needle', 'Thread the needle', 'Tie knot', 'Push needle through button and fabric.', 'Pull through other end']","['Cut thread', 'Pull through']",Pull through,1,0, A
7,61.53846153846154,"['Get out sewing kit.', 'find the needle', 'Thread the needle', 'Tie knot', 'Push needle through button and fabric.', 'Pull through other end', 'Pull through']","['Pull the needle until thread is completely on the other side of shirt', 'Select needle']",Pull the needle until thread is completely on the other side of shirt,0,0, A
8,65.38461538461539,"['Get out sewing kit.', 'find the needle', 'Thread the needle', 'Tie knot', 'Push needle through button and fabric.', 'Pull through other end', 'Pull through', 'Pull the needle until thread is completely on the other side of shirt']","['Put an end of the thread through the eye of the needle', 'Bring the needle up through another hole on button.']",Bring the needle up through another hole on button.,1,0, A
9,76.92307692307693,"['Get out sewing kit.', 'find the needle', 'Thread the needle', 'Tie knot', 'Push needle through button and fabric.', 'Pull through other end', 'Pull through', 'Pull the needle until thread is completely on the other side of shirt', 'Bring the needle up through another hole on button.']","['Take needle from sewing kit', ""Make 4 x's in button.""]",Make 4 x's in button.,1,0, A
10,80.76923076923077,"['Get out sewing kit.', 'find the needle', 'Thread the needle', 'Tie knot', 'Push needle through button and fabric.', 'Pull through other end', 'Pull through', 'Pull the needle until thread is completely on the other side of shirt', 'Bring the needle up through another hole on button.', ""Make 4 x's in button.""]","['Thread sewing needle with chosen thread.', 'Tie knot in thread']",Tie knot in thread,1,0, A
0,0.0,[],"['Drive to fabric store', 'Repeat procedure until button is secure']",Drive to fabric store,0,0, A
1,19.230769230769237,['Drive to fabric store'],"['Get out thread', 'When button is securely in place tie knot in thread at back of garment']",Get out thread,0,0, A
2,34.61538461538461,"['Drive to fabric store', 'Get out thread']","['Thread needle.', 'knot thread']",Thread needle.,0,0, A
3,46.15384615384615,"['Drive to fabric store', 'Get out thread', 'Thread needle.']","['Pull out a length of thread.', 'Sew thread on needle through hole of button.']",Sew thread on needle through hole of button.,1,0, A
4,88.46153846153845,"['Drive to fabric store', 'Get out thread', 'Thread needle.', 'Sew thread on needle through hole of button.']","['Get thread and needle', 'Put away thread and needle']",Put away thread and needle,1,0, A
0,0.0,[],"['Drive to fabric store', 'Insert needle through first side of button (step 3)']",Drive to fabric store,0,0, A
1,19.230769230769237,['Drive to fabric store'],"['Find thread that matches button color.', 'Sew button through third hole']",Find thread that matches button color.,0,0, A
2,26.923076923076923,"['Drive to fabric store', 'Find thread that matches button color.']","['Make knot between thread and clothing.', 'Get a shirt.']",Get a shirt.,1,0, A
3,50.0,"['Drive to fabric store', 'Find thread that matches button color.', 'Get a shirt.']","['Stick the needle through', 'put needle and thread away']",Stick the needle through,0,0, A
4,61.53846153846154,"['Drive to fabric store', 'Find thread that matches button color.', 'Get a shirt.', 'Stick the needle through']","['Push needle through hole', 'Cut thread']",Push needle through hole,0,0, A
5,80.76923076923077,"['Drive to fabric store', 'Find thread that matches button color.', 'Get a shirt.', 'Stick the needle through', 'Push needle through hole']","['Place the button in the right spot', 'tug to make sure it is secure']",tug to make sure it is secure,1,0, A
6,84.61538461538461,"['Drive to fabric store', 'Find thread that matches button color.', 'Get a shirt.', 'Stick the needle through', 'Push needle through hole', 'tug to make sure it is secure']","['Take a needle', 'cut the thread']",cut the thread,1,0, A
0,0.0,[],"['Find sewing kit.', 'put items away when done']",Find sewing kit.,0,0, A
1,7.6923076923076925,['Find sewing kit.'],"['Snip excess thread off', 'Take out thread and needle']",Take out thread and needle,1,0, A
2,23.07692307692308,"['Find sewing kit.', 'Take out thread and needle']","['pull the needle through', 'Find button']",Find button,1,0, A
3,38.46153846153847,"['Find sewing kit.', 'Take out thread and needle', 'Find button']","['tie knot at end of thread', 'Cut off excess thread']",tie knot at end of thread,0,0, A
4,61.53846153846154,"['Find sewing kit.', 'Take out thread and needle', 'Find button', 'tie knot at end of thread']","['Find a needle and thread', 'push the needle through the button']",push the needle through the button,1,0, A
5,76.92307692307693,"['Find sewing kit.', 'Take out thread and needle', 'Find button', 'tie knot at end of thread', 'push the needle through the button']","[""Pull a thread of a matching color through the needle's eye"", 'Repeat several times until button is secure']",Repeat several times until button is secure,1,0, A
6,84.61538461538461,"['Find sewing kit.', 'Take out thread and needle', 'Find button', 'tie knot at end of thread', 'push the needle through the button', 'Repeat several times until button is secure']","['Cut thread', 'Drive to fabric store']",Cut thread,0,0, A
7,88.46153846153845,"['Find sewing kit.', 'Take out thread and needle', 'Find button', 'tie knot at end of thread', 'push the needle through the button', 'Repeat several times until button is secure', 'Cut thread']","['Take out the needle', 'Get your button']",Take out the needle,0,0, A
8,92.3076923076923,"['Find sewing kit.', 'Take out thread and needle', 'Find button', 'tie knot at end of thread', 'push the needle through the button', 'Repeat several times until button is secure', 'Cut thread', 'Take out the needle']","['Check the button', 'Place new button where I want it to go']",Check the button,0,0, A
0,0.0,[],"['repeat until button is secure', 'Gather supplies']",Gather supplies,1,0, A
1,26.923076923076923,['Gather supplies'],"['Cut off end from needle', 'Get shirt']",Get shirt,1,0, A
2,50.0,"['Gather supplies', 'Get shirt']","['Find sewing kit.', 'Put needle through button and shirt']",Put needle through button and shirt,1,0, A
3,53.84615384615385,"['Gather supplies', 'Get shirt', 'Put needle through button and shirt']","['Find some thread', 'Place needle through button eyelets.']",Place needle through button eyelets.,1,0, A
0,0.0,[],"['Repeat procedure until button is secure', 'Get sewing basket']",Get sewing basket,1,0, A
1,34.61538461538461,['Get sewing basket'],"['thread needle with thread', 'Repeat procedure until button is secure']",thread needle with thread,0,0, A
2,42.30769230769231,"['Get sewing basket', 'thread needle with thread']","['Cut excess thread', 'Select needle']",Cut excess thread,0,0, A
3,61.53846153846154,"['Get sewing basket', 'thread needle with thread', 'Cut excess thread']","['Pass the needle through one of the button holes', 'Find a needle and thread']",Pass the needle through one of the button holes,0,0, A
4,76.92307692307693,"['Get sewing basket', 'thread needle with thread', 'Cut excess thread', 'Pass the needle through one of the button holes']","['Determine proper placement for button', 'Repeat several times until button is secure']",Repeat several times until button is secure,1,0, A
5,80.76923076923077,"['Get sewing basket', 'thread needle with thread', 'Cut excess thread', 'Pass the needle through one of the button holes', 'Repeat several times until button is secure']","['knot thread', 'Thread needle']",knot thread,0,0, A
6,88.46153846153845,"['Get sewing basket', 'thread needle with thread', 'Cut excess thread', 'Pass the needle through one of the button holes', 'Repeat several times until button is secure', 'knot thread']","['Grab the garment that you would like to sew the button to.', 'Put all the items away']",Put all the items away,1,0, A
7,92.3076923076923,"['Get sewing basket', 'thread needle with thread', 'Cut excess thread', 'Pass the needle through one of the button holes', 'Repeat several times until button is secure', 'knot thread', 'Put all the items away']","['Get needle', 'MAKE SURE BUTTON IS SECURE']",MAKE SURE BUTTON IS SECURE,1,0, A
0,0.0,[],"['Place button where desired', 'Get out sewing kit.']",Get out sewing kit.,1,0, A
1,23.07692307692308,['Get out sewing kit.'],"['push needle to back of the item', 'gather button']",gather button,1,0, A
2,38.46153846153847,"['Get out sewing kit.', 'gather button']","['Pull needle and thread', 'Make a knot at end']",Make a knot at end,1,0, A
3,50.0,"['Get out sewing kit.', 'gather button', 'Make a knot at end']","['Clean up.', 'push needle through button and shirt']",push needle through button and shirt,1,0, A
4,80.76923076923077,"['Get out sewing kit.', 'gather button', 'Make a knot at end', 'push needle through button and shirt']","['Loop thread to create knot in thread.', 'Get a thread and a needle']",Loop thread to create knot in thread.,0,0, A
5,84.61538461538461,"['Get out sewing kit.', 'gather button', 'Make a knot at end', 'push needle through button and shirt', 'Loop thread to create knot in thread.']","['Thread the needle', 'Snip excess thread off']",Snip excess thread off,1,0, A
0,0.0,[],"['Insert the thread through the button', 'Gather supplies']",Gather supplies,1,0, A
1,15.384615384615383,['Gather supplies'],"['Stick the needle through', 'Choose thread color']",Choose thread color,1,0, A
2,23.07692307692308,"['Gather supplies', 'Choose thread color']","['Grab button', 'Tie off the end of the thread']",Grab button,0,0, A
3,38.46153846153847,"['Gather supplies', 'Choose thread color', 'Grab button']","['Grab the fabric and button', 'Tie a knot in the end of thread']",Tie a knot in the end of thread,1,0, A
4,42.30769230769231,"['Gather supplies', 'Choose thread color', 'Grab button', 'Tie a knot in the end of thread']","['Cut about 16 inches worth of thread.', 'Cut off excess thread']",Cut about 16 inches worth of thread.,0,0, A
5,61.53846153846154,"['Gather supplies', 'Choose thread color', 'Grab button', 'Tie a knot in the end of thread', 'Cut about 16 inches worth of thread.']","['push the needle through the button', 'get thread and needle']",push the needle through the button,0,0, A
6,80.76923076923077,"['Gather supplies', 'Choose thread color', 'Grab button', 'Tie a knot in the end of thread', 'Cut about 16 inches worth of thread.', 'push the needle through the button']","['Get needle and thread', 'Secure the button with a knot']",Secure the button with a knot,1,0, A
7,88.46153846153845,"['Gather supplies', 'Choose thread color', 'Grab button', 'Tie a knot in the end of thread', 'Cut about 16 inches worth of thread.', 'push the needle through the button', 'Secure the button with a knot']","['Put all the items away', 'Get needle']",Put all the items away,0,0, A
8,92.3076923076923,"['Gather supplies', 'Choose thread color', 'Grab button', 'Tie a knot in the end of thread', 'Cut about 16 inches worth of thread.', 'push the needle through the button', 'Secure the button with a knot', 'Put all the items away']","['Remove thread and needle from kit', 'Check if the button is tight']",Check if the button is tight,1,0, A
0,0.0,[],"['Start sewing going into the back of the garment.', 'Drive to fabric store']",Drive to fabric store,1,0, A
1,19.230769230769237,['Drive to fabric store'],"['Get back the needle through the fourth button hole', 'get some thread']",get some thread,1,0, A
2,26.923076923076923,"['Drive to fabric store', 'get some thread']","['Get garment which you would like to sew button on to.', 'Tie knot to secure thread and button to clothes']",Get garment which you would like to sew button on to.,0,0, A
3,34.61538461538461,"['Drive to fabric store', 'get some thread', 'Get garment which you would like to sew button on to.']","['Thread needle', 'Tie the end of the string']",Thread needle,0,0, A
4,46.15384615384615,"['Drive to fabric store', 'get some thread', 'Get garment which you would like to sew button on to.', 'Thread needle']","['Start to sew on button', 'Get thread.']",Start to sew on button,0,0, A
5,84.61538461538461,"['Drive to fabric store', 'get some thread', 'Get garment which you would like to sew button on to.', 'Thread needle', 'Start to sew on button']","['cut loose thread', 'Find thread']",cut loose thread,0,0, A
6,88.46153846153845,"['Drive to fabric store', 'get some thread', 'Get garment which you would like to sew button on to.', 'Thread needle', 'Start to sew on button', 'cut loose thread']","['Put needle away', 'Find a button']",Put needle away,0,0, A
0,0.0,[],"['put button where other button was located', 'Drive to fabric store']",Drive to fabric store,1,0, A
1,19.230769230769237,['Drive to fabric store'],"['Tie the thread in a knot to secure it', 'Get thread.']",Get thread.,1,0, A
2,26.923076923076923,"['Drive to fabric store', 'Get thread.']","['take needle bring up through the back of the item', 'Pick up shirt missing button.']",Pick up shirt missing button.,1,0, A
3,34.61538461538461,"['Drive to fabric store', 'Get thread.', 'Pick up shirt missing button.']","['THREAD THE THREAD ONTO THE NEEDLE', 'Cut the needle off of the thread.']",THREAD THE THREAD ONTO THE NEEDLE,0,0, A
4,50.0,"['Drive to fabric store', 'Get thread.', 'Pick up shirt missing button.', 'THREAD THE THREAD ONTO THE NEEDLE']","['Cut thread from spindle', 'push needle through button and shirt']",push needle through button and shirt,1,0, A
5,61.53846153846154,"['Drive to fabric store', 'Get thread.', 'Pick up shirt missing button.', 'THREAD THE THREAD ONTO THE NEEDLE', 'push needle through button and shirt']","['cut thread so that need will detach', 'Starting from the bottom, poke needle through hole in button']","Starting from the bottom, poke needle through hole in button",1,0, A
6,65.38461538461539,"['Drive to fabric store', 'Get thread.', 'Pick up shirt missing button.', 'THREAD THE THREAD ONTO THE NEEDLE', 'push needle through button and shirt', 'Starting from the bottom, poke needle through hole in button']","['thread needle with thread', 'Pass the needle through the second button hole']",Pass the needle through the second button hole,1,0, A
7,76.92307692307693,"['Drive to fabric store', 'Get thread.', 'Pick up shirt missing button.', 'THREAD THE THREAD ONTO THE NEEDLE', 'push needle through button and shirt', 'Starting from the bottom, poke needle through hole in button', 'Pass the needle through the second button hole']","[""Repeat until it's stable"", 'Tie knot in thread.']",Repeat until it's stable,0,0, A
0,0.0,[],"['Do this several times until the button is secure', 'Find sewing kit.']",Find sewing kit.,1,0, A
1,23.07692307692308,['Find sewing kit.'],"['Grab button', 'Sew button into place']",Grab button,0,0, A
2,30.76923076923077,"['Find sewing kit.', 'Grab button']","['Place button where it is to be sewed', 'Cut the excess thread']",Place button where it is to be sewed,0,0, A
3,46.15384615384615,"['Find sewing kit.', 'Grab button', 'Place button where it is to be sewed']","['With needle and thread push needle through cloth and through button hole', 'Find a needle and thread']",With needle and thread push needle through cloth and through button hole,0,0, A
0,0.0,[],"['Put all the items away', 'Grab the fabric and button']",Grab the fabric and button,1,0, A
1,15.384615384615383,['Grab the fabric and button'],"['Find right color string', 'When done knot end.']",Find right color string,0,0, A
2,30.76923076923077,"['Grab the fabric and button', 'Find right color string']","['line it up with the hole', 'Tie off the thread on the underside of the garment']",line it up with the hole,0,0, A
3,42.30769230769231,"['Grab the fabric and button', 'Find right color string', 'line it up with the hole']","['Tie another knot at the end of the thread.', 'Cut excess thread']",Cut excess thread,1,0, A
4,61.53846153846154,"['Grab the fabric and button', 'Find right color string', 'line it up with the hole', 'Cut excess thread']","['Cut the excess thread', 'push the needle through the button']",push the needle through the button,1,0, A
5,80.76923076923077,"['Grab the fabric and button', 'Find right color string', 'line it up with the hole', 'Cut excess thread', 'push the needle through the button']","[""TIE A KNOT IN THE END OF THE THREAD SO THE BUTTON DOESN'T COME OFF"", 'Thread the needle']",TIE A KNOT IN THE END OF THE THREAD SO THE BUTTON DOESN'T COME OFF,0,0, A
6,88.46153846153845,"['Grab the fabric and button', 'Find right color string', 'line it up with the hole', 'Cut excess thread', 'push the needle through the button', ""TIE A KNOT IN THE END OF THE THREAD SO THE BUTTON DOESN'T COME OFF""]","['Get button', 'Take out the needle']",Take out the needle,1,0, A
7,92.3076923076923,"['Grab the fabric and button', 'Find right color string', 'line it up with the hole', 'Cut excess thread', 'push the needle through the button', ""TIE A KNOT IN THE END OF THE THREAD SO THE BUTTON DOESN'T COME OFF"", 'Take out the needle']","['Check the button', 'Insert the needle from the bottom where the button is to be sewn']",Check the button,0,0, A
0,0.0,[],"['Gather supplies', 'Thread the needle']",Gather supplies,0,0, A
1,15.384615384615383,['Gather supplies'],"['Use needle and thread to sew button', 'Choose thread color']",Choose thread color,1,0, A
2,19.230769230769237,"['Gather supplies', 'Choose thread color']","['Get the proper colored thread', 'Cut off excess thread']",Get the proper colored thread,0,0, A
3,23.07692307692308,"['Gather supplies', 'Choose thread color', 'Get the proper colored thread']","['Find similar button', 'stitching the button on']",Find similar button,0,0, A
4,38.46153846153847,"['Gather supplies', 'Choose thread color', 'Get the proper colored thread', 'Find similar button']","['Tie a knot in the end of thread', 'Get needle']",Tie a knot in the end of thread,0,0, A
5,42.30769230769231,"['Gather supplies', 'Choose thread color', 'Get the proper colored thread', 'Find similar button', 'Tie a knot in the end of thread']","['Find some thread and needle', 'Cut away old strings']",Cut away old strings,1,0, A
6,46.15384615384615,"['Gather supplies', 'Choose thread color', 'Get the proper colored thread', 'Find similar button', 'Tie a knot in the end of thread', 'Cut away old strings']","['Find button replacement', 'Put thread through button']",Put thread through button,1,0, A
7,88.46153846153845,"['Gather supplies', 'Choose thread color', 'Get the proper colored thread', 'Find similar button', 'Tie a knot in the end of thread', 'Cut away old strings', 'Put thread through button']","['Put everything away.', 'Find sewing kit.']",Put everything away.,0,0, A
8,92.3076923076923,"['Gather supplies', 'Choose thread color', 'Get the proper colored thread', 'Find similar button', 'Tie a knot in the end of thread', 'Cut away old strings', 'Put thread through button', 'Put everything away.']","['Check new button', 'Choose thread to sew button on with.']",Check new button,0,0, A
0,0.0,[],"['Drive to fabric store', 'Get back the needle through the third button hole']",Drive to fabric store,0,0, A
1,19.230769230769237,['Drive to fabric store'],"['Then push needle through material', 'Get the thread']",Get the thread,1,0, A
2,30.76923076923077,"['Drive to fabric store', 'Get the thread']","['Position button in correct place.', 'push needle to back of the item']",Position button in correct place.,0,0, A
3,53.84615384615385,"['Drive to fabric store', 'Get the thread', 'Position button in correct place.']","['take the button', 'Pull thread through and secure button']",Pull thread through and secure button,1,0, A
4,84.61538461538461,"['Drive to fabric store', 'Get the thread', 'Position button in correct place.', 'Pull thread through and secure button']","['Get needle', 'Cut thread.']",Cut thread.,1,0, A
0,0.0,[],"['tie knot at end of thread', 'Get a thimble']",Get a thimble,1,0, A
1,30.76923076923077,['Get a thimble'],"['Cut the thread', 'line new button up with corresponding button hole']",line new button up with corresponding button hole,1,0, A
2,34.61538461538461,"['Get a thimble', 'line new button up with corresponding button hole']","['thread needle', 'Repeat until button is tight']",thread needle,0,0, A
3,88.46153846153845,"['Get a thimble', 'line new button up with corresponding button hole', 'thread needle']","['Put needle away', 'Find a button']",Put needle away,0,0, A
4,92.3076923076923,"['Get a thimble', 'line new button up with corresponding button hole', 'thread needle', 'Put needle away']","['Check new button', 'Poke needle through opposite hole']",Check new button,0,0, A
0,0.0,[],"['Cut thread from spindle', 'Get out sewing kit']",Get out sewing kit,1,0, A
1,11.538461538461538,['Get out sewing kit'],"['Repeat until button is tight', 'Get needle']",Get needle,1,0, A
2,19.230769230769237,"['Get out sewing kit', 'Get needle']","['Repeat steps 4 through 6 about 30 times', 'Choose thread to sew button on with.']",Choose thread to sew button on with.,1,0, A
3,23.07692307692308,"['Get out sewing kit', 'Get needle', 'Choose thread to sew button on with.']","['Get button', 'Cut thread']",Get button,0,0, A
4,30.76923076923077,"['Get out sewing kit', 'Get needle', 'Choose thread to sew button on with.', 'Get button']","['Tie end in a knot', 'Place button on item']",Place button on item,1,0, A
5,46.15384615384615,"['Get out sewing kit', 'Get needle', 'Choose thread to sew button on with.', 'Get button', 'Place button on item']","['Insert the needle with thread in button hole and shirt', 'Find similar button']",Insert the needle with thread in button hole and shirt,0,0, A
6,84.61538461538461,"['Get out sewing kit', 'Get needle', 'Choose thread to sew button on with.', 'Get button', 'Place button on item', 'Insert the needle with thread in button hole and shirt']","['Get needle and thread', 'Cut the thread']",Cut the thread,1,0, A
7,88.46153846153845,"['Get out sewing kit', 'Get needle', 'Choose thread to sew button on with.', 'Get button', 'Place button on item', 'Insert the needle with thread in button hole and shirt', 'Cut the thread']","['Find right color string', 'Clean up.']",Clean up.,1,0, A
0,0.0,[],"['Push needle through button hole', 'Drive to fabric store']",Drive to fabric store,1,0, A
1,19.230769230769237,['Drive to fabric store'],"[""Make 4 x's in button."", 'Pick thread to use']",Pick thread to use,1,0, A
2,23.07692307692308,"['Drive to fabric store', 'Pick thread to use']","['put needle into adjoining hole', 'Get the button.']",Get the button.,1,0, A
3,61.53846153846154,"['Drive to fabric store', 'Pick thread to use', 'Get the button.']","['Get a needle and thread.', 'Sew button onto fabric through the first hole']",Sew button onto fabric through the first hole,1,0, A
4,76.92307692307693,"['Drive to fabric store', 'Pick thread to use', 'Get the button.', 'Sew button onto fabric through the first hole']","['Thread needle.', 'Repeat through each button hole']",Repeat through each button hole,1,0, A
0,0.0,[],"['Get sewing basket', 'Sew button']",Get sewing basket,0,0, A
1,23.07692307692308,['Get sewing basket'],"['FIND THE REPLACEMENT BUTTON', 'Tie the end with a knot.']",FIND THE REPLACEMENT BUTTON,0,0, A
2,26.923076923076923,"['Get sewing basket', 'FIND THE REPLACEMENT BUTTON']","['carefully cut off old button if exists', 'take needle bring up through the back of the item']",carefully cut off old button if exists,0,0, A
3,30.76923076923077,"['Get sewing basket', 'FIND THE REPLACEMENT BUTTON', 'carefully cut off old button if exists']","['place button where you want it', 'Cut excess thread']",place button where you want it,0,0, A
4,42.30769230769231,"['Get sewing basket', 'FIND THE REPLACEMENT BUTTON', 'carefully cut off old button if exists', 'place button where you want it']","['Cut away any loose threads.', 'Pull needle and thread']",Cut away any loose threads.,0,0, A
5,46.15384615384615,"['Get sewing basket', 'FIND THE REPLACEMENT BUTTON', 'carefully cut off old button if exists', 'place button where you want it', 'Cut away any loose threads.']","['Get out sewing kit.', 'Insert the needle with thread in button hole and shirt']",Insert the needle with thread in button hole and shirt,1,0, A
6,61.53846153846154,"['Get sewing basket', 'FIND THE REPLACEMENT BUTTON', 'carefully cut off old button if exists', 'place button where you want it', 'Cut away any loose threads.', 'Insert the needle with thread in button hole and shirt']","['Pull the needle until thread is completely on the other side of shirt', 'Get a needle and thread.']",Pull the needle until thread is completely on the other side of shirt,0,0, A
7,65.38461538461539,"['Get sewing basket', 'FIND THE REPLACEMENT BUTTON', 'carefully cut off old button if exists', 'place button where you want it', 'Cut away any loose threads.', 'Insert the needle with thread in button hole and shirt', 'Pull the needle until thread is completely on the other side of shirt']","['Pull needle and thread', 'take the needle and matching thread']",Pull needle and thread,0,0, A
8,69.23076923076923,"['Get sewing basket', 'FIND THE REPLACEMENT BUTTON', 'carefully cut off old button if exists', 'place button where you want it', 'Cut away any loose threads.', 'Insert the needle with thread in button hole and shirt', 'Pull the needle until thread is completely on the other side of shirt', 'Pull needle and thread']","['Hold button in place', 'Purchase thread']",Hold button in place,0,0, A
9,73.07692307692307,"['Get sewing basket', 'FIND THE REPLACEMENT BUTTON', 'carefully cut off old button if exists', 'place button where you want it', 'Cut away any loose threads.', 'Insert the needle with thread in button hole and shirt', 'Pull the needle until thread is completely on the other side of shirt', 'Pull needle and thread', 'Hold button in place']","['Line the button up in the place where the old one would have been', 'Repeat for remaining holes']",Repeat for remaining holes,1,0, A
10,80.76923076923077,"['Get sewing basket', 'FIND THE REPLACEMENT BUTTON', 'carefully cut off old button if exists', 'place button where you want it', 'Cut away any loose threads.', 'Insert the needle with thread in button hole and shirt', 'Pull the needle until thread is completely on the other side of shirt', 'Pull needle and thread', 'Hold button in place', 'Repeat for remaining holes']","['gather needle and thread', 'Repeat to make loop and knot it.']",Repeat to make loop and knot it.,1,0, A
0,0.0,[],"['Get supplies - shirt, new button, thread, needle', 'Apply button by driving needle through button']","Get supplies - shirt, new button, thread, needle",0,0, A
1,30.76923076923077,"['Get supplies - shirt, new button, thread, needle']","['Line the button up in the place where the old one would have been', 'Repeat until sewed on.']",Line the button up in the place where the old one would have been,0,0, A
2,46.15384615384615,"['Get supplies - shirt, new button, thread, needle', 'Line the button up in the place where the old one would have been']","['Using threaded needle, sew button on to garment.', 'Get button']","Using threaded needle, sew button on to garment.",0,0, A
0,0.0,[],"['Get out sewing kit', 'carefully cut off old button if exists']",Get out sewing kit,0,0, A
1,34.61538461538461,['Get out sewing kit'],"['Thread needle.', 'Cut the needle off of the thread.']",Thread needle.,0,0, A
2,38.46153846153847,"['Get out sewing kit', 'Thread needle.']","['Tie knot in end of thread', 'Continue until button is secure']",Tie knot in end of thread,0,0, A
3,46.15384615384615,"['Get out sewing kit', 'Thread needle.', 'Tie knot in end of thread']","['Push the needle through the garment into the button', 'Get needle and thread']",Push the needle through the garment into the button,0,0, A
4,76.92307692307693,"['Get out sewing kit', 'Thread needle.', 'Tie knot in end of thread', 'Push the needle through the garment into the button']","['Thread needle.', 'Repeat step 8 until button is sewn on']",Repeat step 8 until button is sewn on,1,0, A
0,0.0,[],"['Get sewing kit', 'Line the button back into place']",Get sewing kit,0,0, A
1,19.230769230769237,['Get sewing kit'],"['Tie the thread in a knot to secure it', 'Get some thread']",Get some thread,1,0, A
2,30.76923076923077,"['Get sewing kit', 'Get some thread']","['Tie the end of the string', 'Put the button in the correct spot.']",Put the button in the correct spot.,1,0, A
3,61.53846153846154,"['Get sewing kit', 'Get some thread', 'Put the button in the correct spot.']","['Find a needle and thread', 'Pull thread through']",Pull thread through,1,0, A
4,76.92307692307693,"['Get sewing kit', 'Get some thread', 'Put the button in the correct spot.', 'Pull thread through']","['Determine proper placement for button', 'Keep threading until the button is firmly attached']",Keep threading until the button is firmly attached,1,0, A
0,0.0,[],"['Repeat', 'Get sewing kit']",Get sewing kit,1,0, A
1,7.6923076923076925,['Get sewing kit'],"['Push needle through back of clothes and through hole of button', 'Find a needle and thread']",Find a needle and thread,1,0, A
2,34.61538461538461,"['Get sewing kit', 'Find a needle and thread']","['Thread needle with matching thread', 'Tie the thread so the button will not come loose']",Thread needle with matching thread,0,0, A
3,61.53846153846154,"['Get sewing kit', 'Find a needle and thread', 'Thread needle with matching thread']","['Start sewing going into the back of the garment.', 'Get the garment']",Start sewing going into the back of the garment.,0,0, A
4,76.92307692307693,"['Get sewing kit', 'Find a needle and thread', 'Thread needle with matching thread', 'Start sewing going into the back of the garment.']","['Push through other holes', 'Thread needle']",Push through other holes,0,0, A
5,80.76923076923077,"['Get sewing kit', 'Find a needle and thread', 'Thread needle with matching thread', 'Start sewing going into the back of the garment.', 'Push through other holes']","['Secure the button with a knot', 'Take shirt']",Secure the button with a knot,0,0, A
6,84.61538461538461,"['Get sewing kit', 'Find a needle and thread', 'Thread needle with matching thread', 'Start sewing going into the back of the garment.', 'Push through other holes', 'Secure the button with a knot']","['Cut excess thread', 'find button']",Cut excess thread,0,0, A
7,88.46153846153845,"['Get sewing kit', 'Find a needle and thread', 'Thread needle with matching thread', 'Start sewing going into the back of the garment.', 'Push through other holes', 'Secure the button with a knot', 'Cut excess thread']","['Get the button', 'Clean up.']",Clean up.,1,0, A
0,0.0,[],"['Drive to fabric store', 'Tie off thread']",Drive to fabric store,0,0, A
1,19.230769230769237,['Drive to fabric store'],"['get some thread', 'Repeat for all holes to reinforce']",get some thread,0,0, A
2,30.76923076923077,"['Drive to fabric store', 'get some thread']","['Put button in the right area', 'Put away needle and thread']",Put button in the right area,0,0, A
3,50.0,"['Drive to fabric store', 'get some thread', 'Put button in the right area']","['Push the needle through the fabric', 'Remove thread and needle from kit']",Push the needle through the fabric,0,0, A
4,80.76923076923077,"['Drive to fabric store', 'get some thread', 'Put button in the right area', 'Push the needle through the fabric']","['Get sewing kit', 'knot thread']",knot thread,1,0, A
0,0.0,[],"['Sew button.', 'Drive to fabric store']",Drive to fabric store,1,0, A
1,19.230769230769237,['Drive to fabric store'],"['Pull til it stops at the knot, push through fabric and another button hole', 'Get out thread']",Get out thread,1,0, A
2,34.61538461538461,"['Drive to fabric store', 'Get out thread']","['thread needle', 'Check new button']",thread needle,0,0, A
3,46.15384615384615,"['Drive to fabric store', 'Get out thread', 'thread needle']","['Sew on the button.', 'Purchase thread']",Sew on the button.,0,0, A
4,88.46153846153845,"['Drive to fabric store', 'Get out thread', 'thread needle', 'Sew on the button.']","['Place button on clothing', 'Put everything away.']",Put everything away.,1,0, A
5,92.3076923076923,"['Drive to fabric store', 'Get out thread', 'thread needle', 'Sew on the button.', 'Put everything away.']","['tie knot at end of thread', 'MAKE SURE BUTTON IS SECURE']",MAKE SURE BUTTON IS SECURE,1,0, A
0,0.0,[],"['Find sewing kit.', 'Start to sew.']",Find sewing kit.,0,0, A
1,7.6923076923076925,['Find sewing kit.'],"['Obtain needle and thread', 'Push needle under material to next hole']",Obtain needle and thread,0,0, A
2,34.61538461538461,"['Find sewing kit.', 'Obtain needle and thread']","['Thread a needle', 'Make a knot']",Thread a needle,0,0, A
3,50.0,"['Find sewing kit.', 'Obtain needle and thread', 'Thread a needle']","['Push needle through the button holes', 'Get needle']",Push needle through the button holes,0,0, A
4,80.76923076923077,"['Find sewing kit.', 'Obtain needle and thread', 'Thread a needle', 'Push needle through the button holes']","['tie thread at the end', 'place button on cloth where it needs to go']",tie thread at the end,0,0, A
5,84.61538461538461,"['Find sewing kit.', 'Obtain needle and thread', 'Thread a needle', 'Push needle through the button holes', 'tie thread at the end']","['Find needle', 'cut the thread when finished']",cut the thread when finished,1,0, A
6,88.46153846153845,"['Find sewing kit.', 'Obtain needle and thread', 'Thread a needle', 'Push needle through the button holes', 'tie thread at the end', 'cut the thread when finished']","['Put supplies away', 'Lay down garment']",Put supplies away,0,0, A
0,0.0,[],"['Repeat several times, going through a different hole each time.', 'Drive to fabric store']",Drive to fabric store,1,0, A
1,19.230769230769237,['Drive to fabric store'],"['Cross over to perpendicular hole, push needle back through', 'Pull out a length of thread.']",Pull out a length of thread.,1,0, A
2,23.07692307692308,"['Drive to fabric store', 'Pull out a length of thread.']","['Get button', 'Continue until the button is securely on the clothing']",Get button,0,0, A
3,30.76923076923077,"['Drive to fabric store', 'Pull out a length of thread.', 'Get button']","['put needle and thread away', 'Line the button back into place']",Line the button back into place,1,0, A
4,46.15384615384615,"['Drive to fabric store', 'Pull out a length of thread.', 'Get button', 'Line the button back into place']","['Get needle', 'put needle with thread into clothes']",put needle with thread into clothes,1,0, A
5,50.0,"['Drive to fabric store', 'Pull out a length of thread.', 'Get button', 'Line the button back into place', 'put needle with thread into clothes']","['Poke a hole in the fabric', 'Take needle from sewing kit']",Poke a hole in the fabric,0,0, A
6,53.84615384615385,"['Drive to fabric store', 'Pull out a length of thread.', 'Get button', 'Line the button back into place', 'put needle with thread into clothes', 'Poke a hole in the fabric']","['Sew needle through other holes in an X formation', 'Find a needle and thread']",Sew needle through other holes in an X formation,0,0, A
7,76.92307692307693,"['Drive to fabric store', 'Pull out a length of thread.', 'Get button', 'Line the button back into place', 'put needle with thread into clothes', 'Poke a hole in the fabric', 'Sew needle through other holes in an X formation']","['Get the piece of apparel that needs to sew the button on.', 'repeat 5-8 several times until button is secure']",repeat 5-8 several times until button is secure,1,0, A
8,80.76923076923077,"['Drive to fabric store', 'Pull out a length of thread.', 'Get button', 'Line the button back into place', 'put needle with thread into clothes', 'Poke a hole in the fabric', 'Sew needle through other holes in an X formation', 'repeat 5-8 several times until button is secure']","['Place the button at right place', 'Tie off thread']",Tie off thread,1,0, A
9,84.61538461538461,"['Drive to fabric store', 'Pull out a length of thread.', 'Get button', 'Line the button back into place', 'put needle with thread into clothes', 'Poke a hole in the fabric', 'Sew needle through other holes in an X formation', 'repeat 5-8 several times until button is secure', 'Tie off thread']","['cut thread from button', 'Get proper button']",cut thread from button,0,0, A
10,88.46153846153845,"['Drive to fabric store', 'Pull out a length of thread.', 'Get button', 'Line the button back into place', 'put needle with thread into clothes', 'Poke a hole in the fabric', 'Sew needle through other holes in an X formation', 'repeat 5-8 several times until button is secure', 'Tie off thread', 'cut thread from button']","['Place needle through button eyelets.', 'Put away thread and needle']",Put away thread and needle,1,0, A
11,92.3076923076923,"['Drive to fabric store', 'Pull out a length of thread.', 'Get button', 'Line the button back into place', 'put needle with thread into clothes', 'Poke a hole in the fabric', 'Sew needle through other holes in an X formation', 'repeat 5-8 several times until button is secure', 'Tie off thread', 'cut thread from button', 'Put away thread and needle']","['Get out sewing kit', 'Check new button']",Check new button,1,0, A
0,0.0,[],"['Get button, thread, needle and scissors', 'put needle and thread away']","Get button, thread, needle and scissors",0,0, A
1,26.923076923076923,"['Get button, thread, needle and scissors']","['Get the item of clothing the button is to go on', 'Continue until the button is securely on the clothing']",Get the item of clothing the button is to go on,0,0, A
2,46.15384615384615,"['Get button, thread, needle and scissors', 'Get the item of clothing the button is to go on']","['Get needle', 'Sew the button through the button holes onto the shirt']",Sew the button through the button holes onto the shirt,1,0, A
3,88.46153846153845,"['Get button, thread, needle and scissors', 'Get the item of clothing the button is to go on', 'Sew the button through the button holes onto the shirt']","['Put away thread and needle', 'Position button in correct place.']",Put away thread and needle,0,0, A
4,92.3076923076923,"['Get button, thread, needle and scissors', 'Get the item of clothing the button is to go on', 'Sew the button through the button holes onto the shirt', 'Put away thread and needle']","['Thread needle', 'Check if the button is tight']",Check if the button is tight,1,0, A
0,0.0,[],"['Tie knot.', 'Get out needle, thread, button, and clothing item.']","Get out needle, thread, button, and clothing item.",1,0, A
1,26.923076923076923,"['Get out needle, thread, button, and clothing item.']","['Cut the needle off of the thread.', 'Prepare garment for sewing']",Prepare garment for sewing,1,0, A
2,50.0,"['Get out needle, thread, button, and clothing item.', 'Prepare garment for sewing']","['Poke a hole in the fabric', 'cut remaining thread away']",Poke a hole in the fabric,0,0, A
3,80.76923076923077,"['Get out needle, thread, button, and clothing item.', 'Prepare garment for sewing', 'Poke a hole in the fabric']","['Tie the end of the string so it will not unravel', 'Place button on desired spot on shirt.']",Tie the end of the string so it will not unravel,0,0, A
4,84.61538461538461,"['Get out needle, thread, button, and clothing item.', 'Prepare garment for sewing', 'Poke a hole in the fabric', 'Tie the end of the string so it will not unravel']","['Put one end of thread through the eye of the needle.', 'Cut off remaining thread']",Cut off remaining thread,1,0, A
0,0.0,[],"['Keep threading until the button is firmly attached', 'Find sewing kit.']",Find sewing kit.,1,0, A
1,19.230769230769237,['Find sewing kit.'],"['Get thread', 'Stick needle through hole and secure with thread']",Get thread,0,0, A
2,34.61538461538461,"['Find sewing kit.', 'Get thread']","['thread needle', 'Insert needle through first side of button (step 3)']",thread needle,0,0, A
3,42.30769230769231,"['Find sewing kit.', 'Get thread', 'thread needle']","['Cut length of thread', 'Push through other holes']",Cut length of thread,0,0, A
4,46.15384615384615,"['Find sewing kit.', 'Get thread', 'thread needle', 'Cut length of thread']","['Push the needle through the garment into the button', 'push needle to back of the item']",Push the needle through the garment into the button,0,0, A
5,50.0,"['Find sewing kit.', 'Get thread', 'thread needle', 'Cut length of thread', 'Push the needle through the garment into the button']","['Push needle through back of clothes and through hole of button', 'Get thread']",Push needle through back of clothes and through hole of button,0,0, A
6,65.38461538461539,"['Find sewing kit.', 'Get thread', 'thread needle', 'Cut length of thread', 'Push the needle through the garment into the button', 'Push needle through back of clothes and through hole of button']","[""Insert the thread into the eye of the needle and tie a knot so it's attached."", 'Pull needle out other side.']",Pull needle out other side.,1,0, A
7,76.92307692307693,"['Find sewing kit.', 'Get thread', 'thread needle', 'Cut length of thread', 'Push the needle through the garment into the button', 'Push needle through back of clothes and through hole of button', 'Pull needle out other side.']","['Thread needle', 'Repeat until sewed on.']",Repeat until sewed on.,1,0, A
8,80.76923076923077,"['Find sewing kit.', 'Get thread', 'thread needle', 'Cut length of thread', 'Push the needle through the garment into the button', 'Push needle through back of clothes and through hole of button', 'Pull needle out other side.', 'Repeat until sewed on.']","['Tie off thread', 'get a new button']",Tie off thread,0,0, A
9,84.61538461538461,"['Find sewing kit.', 'Get thread', 'thread needle', 'Cut length of thread', 'Push the needle through the garment into the button', 'Push needle through back of clothes and through hole of button', 'Pull needle out other side.', 'Repeat until sewed on.', 'Tie off thread']","['Cut the thread.', 'Cut about 16 inches worth of thread.']",Cut the thread.,0,0, A
0,0.0,[],"['Drive to fabric store', 'Make a knot in fabric with thread behind the button']",Drive to fabric store,0,0, A
1,19.230769230769237,['Drive to fabric store'],"['Continue to push and pull needle through button holes until button is secure', 'Get the proper colored thread']",Get the proper colored thread,1,0, A
2,23.07692307692308,"['Drive to fabric store', 'Get the proper colored thread']","['Get the button', 'Tie knot in thread']",Get the button,0,0, A
3,50.0,"['Drive to fabric store', 'Get the proper colored thread', 'Get the button']","['Take a needle', 'Starting on inside of garment, push through with needle.']","Starting on inside of garment, push through with needle.",1,0, A
4,76.92307692307693,"['Drive to fabric store', 'Get the proper colored thread', 'Get the button', 'Starting on inside of garment, push through with needle.']","['Continue until button is secure', 'Find a spare button that matches the other buttons']",Continue until button is secure,0,0, A
5,80.76923076923077,"['Drive to fabric store', 'Get the proper colored thread', 'Get the button', 'Starting on inside of garment, push through with needle.', 'Continue until button is secure']","['Find button that matches lost button.', 'Tie off the thread on the underside of the garment']",Tie off the thread on the underside of the garment,1,0, A
0,0.0,[],"['Get supplies - shirt, new button, thread, needle', 'Pull needle and thread']","Get supplies - shirt, new button, thread, needle",0,0, A
1,26.923076923076923,"['Get supplies - shirt, new button, thread, needle']","['Cut thread close to knot.', 'Place item on flat surface']",Place item on flat surface,1,0, A
2,34.61538461538461,"['Get supplies - shirt, new button, thread, needle', 'Place item on flat surface']","['pull the thread through the eye of needle', 'Cut thread']",pull the thread through the eye of needle,0,0, A
3,88.46153846153845,"['Get supplies - shirt, new button, thread, needle', 'Place item on flat surface', 'pull the thread through the eye of needle']","['Take needle from sewing kit', 'Put needle and thread back in drawer']",Put needle and thread back in drawer,1,0, A
0,0.0,[],"['Place the button on the cloth', 'Drive to fabric store']",Drive to fabric store,1,0, A
1,19.230769230769237,['Drive to fabric store'],"['Insert needle through button and into fabric where the button belongs.', 'Find similar color thread to use.']",Find similar color thread to use.,1,0, A
2,23.07692307692308,"['Drive to fabric store', 'Find similar color thread to use.']","['Insert needle through other side of button on back side', 'Acquire new button']",Acquire new button,1,0, A
3,34.61538461538461,"['Drive to fabric store', 'Find similar color thread to use.', 'Acquire new button']","['Continue until the button is securely on the clothing', 'Put thread end through eye of needle']",Put thread end through eye of needle,1,0, A
4,53.84615384615385,"['Drive to fabric store', 'Find similar color thread to use.', 'Acquire new button', 'Put thread end through eye of needle']","['Find right color string', 'Pull thread through and secure button']",Pull thread through and secure button,1,0, A
0,0.0,[],"['Sew on button', 'Drive to fabric store']",Drive to fabric store,1,0, A
1,19.230769230769237,['Drive to fabric store'],"['Place needle through clothing.', 'Select thread']",Select thread,1,0, A
2,23.07692307692308,"['Drive to fabric store', 'Select thread']","['tie a knot in the thread', 'Find a button']",Find a button,1,0, A
3,26.923076923076923,"['Drive to fabric store', 'Select thread', 'Find a button']","['Move needle down to hole opposite first hole', 'take the cloth to be sewed']",take the cloth to be sewed,1,0, A
4,50.0,"['Drive to fabric store', 'Select thread', 'Find a button', 'take the cloth to be sewed']","['Get needle and thread', 'Starting on inside of garment, push through with needle.']","Starting on inside of garment, push through with needle.",1,0, A
5,65.38461538461539,"['Drive to fabric store', 'Select thread', 'Find a button', 'take the cloth to be sewed', 'Starting on inside of garment, push through with needle.']","['Get needle.', 'Pass the needle through the second button hole']",Pass the needle through the second button hole,1,0, A
6,69.23076923076923,"['Drive to fabric store', 'Select thread', 'Find a button', 'take the cloth to be sewed', 'Starting on inside of garment, push through with needle.', 'Pass the needle through the second button hole']","['Poke needle through opposite hole', 'Take needle from sewing kit']",Poke needle through opposite hole,0,0, A
7,73.07692307692307,"['Drive to fabric store', 'Select thread', 'Find a button', 'take the cloth to be sewed', 'Starting on inside of garment, push through with needle.', 'Pass the needle through the second button hole', 'Poke needle through opposite hole']","['Repeat for remaining holes', 'tie the thread to the sewing needle']",Repeat for remaining holes,0,0, A
8,80.76923076923077,"['Drive to fabric store', 'Select thread', 'Find a button', 'take the cloth to be sewed', 'Starting on inside of garment, push through with needle.', 'Pass the needle through the second button hole', 'Poke needle through opposite hole', 'Repeat for remaining holes']","['tie knot on thread', 'Get needle.']",tie knot on thread,0,0, A
9,88.46153846153845,"['Drive to fabric store', 'Select thread', 'Find a button', 'take the cloth to be sewed', 'Starting on inside of garment, push through with needle.', 'Pass the needle through the second button hole', 'Poke needle through opposite hole', 'Repeat for remaining holes', 'tie knot on thread']","['taking the right button out', 'Put away needle and thread']",Put away needle and thread,1,0, A
10,92.3076923076923,"['Drive to fabric store', 'Select thread', 'Find a button', 'take the cloth to be sewed', 'Starting on inside of garment, push through with needle.', 'Pass the needle through the second button hole', 'Poke needle through opposite hole', 'Repeat for remaining holes', 'tie knot on thread', 'Put away needle and thread']","['Find a needle and thread', 'Check the button']",Check the button,1,0, A
0,0.0,[],"['Repeat this until the button is secure', 'Get button, thread, needle and scissors']","Get button, thread, needle and scissors",1,0, A
1,26.923076923076923,"['Get button, thread, needle and scissors']","['grab object the button is being sewed', 'Make a knot on last pass']",grab object the button is being sewed,0,0, A
2,34.61538461538461,"['Get button, thread, needle and scissors', 'grab object the button is being sewed']","['Push needle under material to next hole', 'Thread a needle']",Thread a needle,1,0, A
3,53.84615384615385,"['Get button, thread, needle and scissors', 'grab object the button is being sewed', 'Thread a needle']","['Pick thread to use', 'Crisscross on the button']",Crisscross on the button,1,0, A
4,61.53846153846154,"['Get button, thread, needle and scissors', 'grab object the button is being sewed', 'Thread a needle', 'Crisscross on the button']","['Find a thread', 'Holding button at appropriate location, press needle through first hole on button.']","Holding button at appropriate location, press needle through first hole on button.",1,0, A
5,65.38461538461539,"['Get button, thread, needle and scissors', 'grab object the button is being sewed', 'Thread a needle', 'Crisscross on the button', 'Holding button at appropriate location, press needle through first hole on button.']","['Cross over to perpendicular hole, push needle back through', 'Position button in correct place.']","Cross over to perpendicular hole, push needle back through",0,0, A
6,69.23076923076923,"['Get button, thread, needle and scissors', 'grab object the button is being sewed', 'Thread a needle', 'Crisscross on the button', 'Holding button at appropriate location, press needle through first hole on button.', 'Cross over to perpendicular hole, push needle back through']","['Move needle down to hole opposite first hole', 'Put thread through needle']",Move needle down to hole opposite first hole,0,0, A
7,73.07692307692307,"['Get button, thread, needle and scissors', 'grab object the button is being sewed', 'Thread a needle', 'Crisscross on the button', 'Holding button at appropriate location, press needle through first hole on button.', 'Cross over to perpendicular hole, push needle back through', 'Move needle down to hole opposite first hole']","['Continue sewing in an X pattern until the button is secure.', 'Find right color string']",Continue sewing in an X pattern until the button is secure.,0,0, A
8,76.92307692307693,"['Get button, thread, needle and scissors', 'grab object the button is being sewed', 'Thread a needle', 'Crisscross on the button', 'Holding button at appropriate location, press needle through first hole on button.', 'Cross over to perpendicular hole, push needle back through', 'Move needle down to hole opposite first hole', 'Continue sewing in an X pattern until the button is secure.']","['stitching the button on', 'Remove thread and needle from kit']",stitching the button on,0,0, A
9,84.61538461538461,"['Get button, thread, needle and scissors', 'grab object the button is being sewed', 'Thread a needle', 'Crisscross on the button', 'Holding button at appropriate location, press needle through first hole on button.', 'Cross over to perpendicular hole, push needle back through', 'Move needle down to hole opposite first hole', 'Continue sewing in an X pattern until the button is secure.', 'stitching the button on']","['Find a thread', 'Cut loose ends']",Cut loose ends,1,0, A
0,0.0,[],"['Drive to fabric store', 'Thread the needle']",Drive to fabric store,0,0, A
1,19.230769230769237,['Drive to fabric store'],"['repeat 5-8 several times until button is secure', 'Get out thread']",Get out thread,1,0, A
2,26.923076923076923,"['Drive to fabric store', 'Get out thread']","['tie a knot at the end of the string', 'find shirt with missing button']",find shirt with missing button,1,0, A
3,50.0,"['Drive to fabric store', 'Get out thread', 'find shirt with missing button']","['push needle through button and shirt', 'Find sewing kit']",push needle through button and shirt,0,0, A
4,80.76923076923077,"['Drive to fabric store', 'Get out thread', 'find shirt with missing button', 'push needle through button and shirt']","['Get thread and needle', 'knot thread']",knot thread,1,0, A
5,84.61538461538461,"['Drive to fabric store', 'Get out thread', 'find shirt with missing button', 'push needle through button and shirt', 'knot thread']","['Cut loose ends.', 'place button on cloth where it needs to go']",Cut loose ends.,0,0, A
6,88.46153846153845,"['Drive to fabric store', 'Get out thread', 'find shirt with missing button', 'push needle through button and shirt', 'knot thread', 'Cut loose ends.']","['Thread needle', 'Clean up.']",Clean up.,1,0, A
0,0.0,[],"['Grab the fabric and button', 'Pull through']",Grab the fabric and button,0,0, A
1,15.384615384615383,['Grab the fabric and button'],"['Select thread of correct color', 'Pull til it stops at the knot, push through fabric and another button hole']",Select thread of correct color,0,0, A
2,30.76923076923077,"['Grab the fabric and button', 'Select thread of correct color']","['Bring the needle up through another hole on button.', 'Place button where desired']",Place button where desired,1,0, A
3,34.61538461538461,"['Grab the fabric and button', 'Select thread of correct color', 'Place button where desired']","['Pull needle out other side.', 'Thread needle']",Thread needle,1,0, A
4,88.46153846153845,"['Grab the fabric and button', 'Select thread of correct color', 'Place button where desired', 'Thread needle']","['Place button onto item of clothing', 'Put away thread and needle']",Put away thread and needle,1,0, A
0,0.0,[],"['cut the thread when finished', 'Grab the fabric and button']",Grab the fabric and button,1,0, A
1,7.6923076923076925,['Grab the fabric and button'],"['Push needle through hole', 'Collect thread and needle.']",Collect thread and needle.,1,0, A
2,26.923076923076923,"['Grab the fabric and button', 'Collect thread and needle.']","['Get garment which you would like to sew button on to.', 'Get back the needle through the fourth button hole']",Get garment which you would like to sew button on to.,0,0, A
3,46.15384615384615,"['Grab the fabric and button', 'Collect thread and needle.', 'Get garment which you would like to sew button on to.']","['Take needle from sewing kit', 'With needle and thread push needle through cloth and through button hole']",With needle and thread push needle through cloth and through button hole,1,0, A
4,61.53846153846154,"['Grab the fabric and button', 'Collect thread and needle.', 'Get garment which you would like to sew button on to.', 'With needle and thread push needle through cloth and through button hole']","['Get the needle', 'take needle bring up through the back of the item']",take needle bring up through the back of the item,1,0, A
5,80.76923076923077,"['Grab the fabric and button', 'Collect thread and needle.', 'Get garment which you would like to sew button on to.', 'With needle and thread push needle through cloth and through button hole', 'take needle bring up through the back of the item']","['Find a needle', 'Repeat to make loop and knot it.']",Repeat to make loop and knot it.,1,0, A
6,84.61538461538461,"['Grab the fabric and button', 'Collect thread and needle.', 'Get garment which you would like to sew button on to.', 'With needle and thread push needle through cloth and through button hole', 'take needle bring up through the back of the item', 'Repeat to make loop and knot it.']","['Get button', 'cut loose thread']",cut loose thread,1,0, A
0,0.0,[],"['Get scissors, needle, button and thread', 'repeat steps 4-5 until button is secured to shirt']","Get scissors, needle, button and thread",0,0, A
1,26.923076923076923,"['Get scissors, needle, button and thread']","['Insert needle through one side of button', 'Get a shirt.']",Get a shirt.,1,0, A
2,30.76923076923077,"['Get scissors, needle, button and thread', 'Get a shirt.']","['Continue crisscrossing thread between holes of button until button is tight.', 'Place button on shirt']",Place button on shirt,1,0, A
3,46.15384615384615,"['Get scissors, needle, button and thread', 'Get a shirt.', 'Place button on shirt']","['sew the button on the garment', 'Select thread']",sew the button on the garment,0,0, A
4,53.84615384615385,"['Get scissors, needle, button and thread', 'Get a shirt.', 'Place button on shirt', 'sew the button on the garment']","['Use the needle to guide the thread', 'Check new button']",Use the needle to guide the thread,0,0, A
5,61.53846153846154,"['Get scissors, needle, button and thread', 'Get a shirt.', 'Place button on shirt', 'sew the button on the garment', 'Use the needle to guide the thread']","['Starting from the bottom, poke needle through hole in button', 'Find shirt']","Starting from the bottom, poke needle through hole in button",0,0, A
6,76.92307692307693,"['Get scissors, needle, button and thread', 'Get a shirt.', 'Place button on shirt', 'sew the button on the garment', 'Use the needle to guide the thread', 'Starting from the bottom, poke needle through hole in button']","['Repeat until sewed on.', 'find button']",Repeat until sewed on.,0,0, A
0,0.0,[],"['Get the sewing kit.', 'Place the button at right place']",Get the sewing kit.,0,0, A
1,34.61538461538461,['Get the sewing kit.'],"['thread needle', 'Drive to fabric store']",thread needle,0,0, A
2,42.30769230769231,"['Get the sewing kit.', 'thread needle']","['Cut about 16 inches worth of thread.', 'Put supplies away']",Cut about 16 inches worth of thread.,0,0, A
3,46.15384615384615,"['Get the sewing kit.', 'thread needle', 'Cut about 16 inches worth of thread.']","['Pass needle through shirt and button holes', 'Get thread']",Pass needle through shirt and button holes,0,0, A
4,88.46153846153845,"['Get the sewing kit.', 'thread needle', 'Cut about 16 inches worth of thread.', 'Pass needle through shirt and button holes']","['Put away needle and thread', 'grab a needle and string']",Put away needle and thread,0,0, A
0,0.0,[],"['Take out sewing kit', 'Start sewing']",Take out sewing kit,0,0, A
1,7.6923076923076925,['Take out sewing kit'],"['Tie the end with a knot.', 'Get needle and thread']",Get needle and thread,1,0, A
2,23.07692307692308,"['Take out sewing kit', 'Get needle and thread']","['Find a matching button', 'Clean up.']",Find a matching button,0,0, A
3,50.0,"['Take out sewing kit', 'Get needle and thread', 'Find a matching button']","['Poke hole with needle through button hole and fabric', 'Lay down garment']",Poke hole with needle through button hole and fabric,0,0, A
4,61.53846153846154,"['Take out sewing kit', 'Get needle and thread', 'Find a matching button', 'Poke hole with needle through button hole and fabric']","['grab a needle and string', 'take needle bring up through the back of the item']",take needle bring up through the back of the item,1,0, A
5,65.38461538461539,"['Take out sewing kit', 'Get needle and thread', 'Find a matching button', 'Poke hole with needle through button hole and fabric', 'take needle bring up through the back of the item']","['Pass the needle through the second button hole', 'Find a button that matches']",Pass the needle through the second button hole,0,0, A
6,76.92307692307693,"['Take out sewing kit', 'Get needle and thread', 'Find a matching button', 'Poke hole with needle through button hole and fabric', 'take needle bring up through the back of the item', 'Pass the needle through the second button hole']","['Get needle and thread', 'Repeat 5 times with other two button holes']",Repeat 5 times with other two button holes,1,0, A
0,0.0,[],"['Drive to fabric store', 'Tie knot to secure thread and button to clothes']",Drive to fabric store,0,0, A
1,19.230769230769237,['Drive to fabric store'],"['Take out right colored thread.', ""Repeat until it's stable""]",Take out right colored thread.,0,0, A
2,23.07692307692308,"['Drive to fabric store', 'Take out right colored thread.']","['Find a suitable button', 'Sew button into place']",Find a suitable button,0,0, A
3,26.923076923076923,"['Drive to fabric store', 'Take out right colored thread.', 'Find a suitable button']","['carefully cut off old button if exists', 'Put the needle thorough the back of the button hole.']",carefully cut off old button if exists,0,0, A
4,30.76923076923077,"['Drive to fabric store', 'Take out right colored thread.', 'Find a suitable button', 'carefully cut off old button if exists']","['Hold button in place on clothing.', 'Cut loose ends.']",Hold button in place on clothing.,0,0, A
5,42.30769230769231,"['Drive to fabric store', 'Take out right colored thread.', 'Find a suitable button', 'carefully cut off old button if exists', 'Hold button in place on clothing.']","['repeat steps 4-5 until button is secured to shirt', 'Cut away any loose threads.']",Cut away any loose threads.,1,0, A
6,46.15384615384615,"['Drive to fabric store', 'Take out right colored thread.', 'Find a suitable button', 'carefully cut off old button if exists', 'Hold button in place on clothing.', 'Cut away any loose threads.']","['Find thread that matches', 'Put thread through buttonhole']",Put thread through buttonhole,1,0, A
7,84.61538461538461,"['Drive to fabric store', 'Take out right colored thread.', 'Find a suitable button', 'carefully cut off old button if exists', 'Hold button in place on clothing.', 'Cut away any loose threads.', 'Put thread through buttonhole']","['Cut thread string to how much is needed', 'Cut thread']",Cut thread,1,0, A
0,0.0,[],"['Get the garment', 'Drive to fabric store']",Drive to fabric store,1,0, A
1,19.230769230769237,['Drive to fabric store'],"['Get thread.', 'Repeat procedure until button is secure']",Get thread.,0,0, A
2,34.61538461538461,"['Drive to fabric store', 'Get thread.']","['Cut the thread near the needle to finish', 'Thread the needle']",Thread the needle,1,0, A
3,50.0,"['Drive to fabric store', 'Get thread.', 'Thread the needle']","['Put needle through one hole', 'Pull through other side.']",Put needle through one hole,0,0, A
4,61.53846153846154,"['Drive to fabric store', 'Get thread.', 'Thread the needle', 'Put needle through one hole']","['Pull thread through', 'Cut the needle off of the thread.']",Pull thread through,0,0, A
5,80.76923076923077,"['Drive to fabric store', 'Get thread.', 'Thread the needle', 'Put needle through one hole', 'Pull thread through']","['Gather supplies', 'Repeat to make loop and knot it.']",Repeat to make loop and knot it.,1,0, A
6,84.61538461538461,"['Drive to fabric store', 'Get thread.', 'Thread the needle', 'Put needle through one hole', 'Pull thread through', 'Repeat to make loop and knot it.']","['Grab a needle and thread', 'Cut the thread near the needle to finish']",Cut the thread near the needle to finish,1,0, A
0,0.0,[],"['Keep repeating the sewing to reinforce the strength', 'Drive to fabric store']",Drive to fabric store,1,0, A
1,19.230769230769237,['Drive to fabric store'],"['Get out thread', 'sew the button on the garment']",Get out thread,0,0, A
2,30.76923076923077,"['Drive to fabric store', 'Get out thread']","['Place button where you want it.', 'Cut off remaining thread']",Place button where you want it.,0,0, A
3,46.15384615384615,"['Drive to fabric store', 'Get out thread', 'Place button where you want it.']","['Get thread', 'put needle with thread into clothes']",put needle with thread into clothes,1,0, A
4,84.61538461538461,"['Drive to fabric store', 'Get out thread', 'Place button where you want it.', 'put needle with thread into clothes']","['Cut the needle off of the thread.', 'line it up with the hole']",Cut the needle off of the thread.,0,0, A
0,0.0,[],"['Knot the ends of the thread together.', 'Get a thimble']",Get a thimble,1,0, A
1,15.384615384615383,['Get a thimble'],"['Find right color string', 'Pass the needle through the second button hole']",Find right color string,0,0, A
2,19.230769230769237,"['Get a thimble', 'Find right color string']","['Push through other holes', 'Find some thread']",Find some thread,1,0, A
3,34.61538461538461,"['Get a thimble', 'Find right color string', 'Find some thread']","['MAKE SURE BUTTON IS SECURE', ""Insert the thread into the eye of the needle and tie a knot so it's attached.""]",Insert the thread into the eye of the needle and tie a knot so it's attached.,1,0, A
4,88.46153846153845,"['Get a thimble', 'Find right color string', 'Find some thread', ""Insert the thread into the eye of the needle and tie a knot so it's attached.""]","['Take out the needle', 'Bring the needle up through another hole on button.']",Take out the needle,0,0, A
0,0.0,[],"['when done tie the end properly', 'Drive to fabric store']",Drive to fabric store,1,0, A
1,19.230769230769237,['Drive to fabric store'],"['Make a knot in fabric with thread behind the button', 'gathering thread']",gathering thread,1,0, A
2,34.61538461538461,"['Drive to fabric store', 'gathering thread']","['Ending again in the back of the garment cut off the thread.', 'Thread the needle']",Thread the needle,1,0, A
3,88.46153846153845,"['Drive to fabric store', 'gathering thread', 'Thread the needle']","['Put away needle and thread', 'Hold shirt with non-dominant hand']",Put away needle and thread,0,0, A
0,0.0,[],"['Get a thimble', 'Thread the needle.']",Get a thimble,0,0, A
1,15.384615384615383,['Get a thimble'],"[""Make 4 x's in button."", 'Choose thread color']",Choose thread color,1,0, A
2,19.230769230769237,"['Get a thimble', 'Choose thread color']","['Sew the button onto the garment by passing the needle through all 4 button holes.', 'Find thread']",Find thread,1,0, A
3,34.61538461538461,"['Get a thimble', 'Choose thread color', 'Find thread']","['Tie the thread in a knot to secure it', 'attach string to needle']",attach string to needle,1,0, A
4,46.15384615384615,"['Get a thimble', 'Choose thread color', 'Find thread', 'attach string to needle']","['grab a needle and string', 'Sew the button in place with the needle and thread']",Sew the button in place with the needle and thread,1,0, A
5,88.46153846153845,"['Get a thimble', 'Choose thread color', 'Find thread', 'attach string to needle', 'Sew the button in place with the needle and thread']","['Put the needle and thread away', 'Get supplies - shirt, new button, thread, needle']",Put the needle and thread away,0,0, A
0,0.0,[],"['Drive to fabric store', 'Cut excess thread']",Drive to fabric store,0,0, A
1,19.230769230769237,['Drive to fabric store'],"['Find thread', 'Make a knot']",Find thread,0,0, A
2,30.76923076923077,"['Drive to fabric store', 'Find thread']","['put needle and thread away', 'line it up with the hole']",line it up with the hole,1,0, A
3,61.53846153846154,"['Drive to fabric store', 'Find thread', 'line it up with the hole']","['Thread one hole with the needle', 'Drive to fabric store']",Thread one hole with the needle,0,0, A
4,76.92307692307693,"['Drive to fabric store', 'Find thread', 'line it up with the hole', 'Thread one hole with the needle']","['Hold button to material.', 'Repeat several times, going through a different hole each time.']","Repeat several times, going through a different hole each time.",1,0, A
5,84.61538461538461,"['Drive to fabric store', 'Find thread', 'line it up with the hole', 'Thread one hole with the needle', 'Repeat several times, going through a different hole each time.']","['Use scissors to cut thread', 'Get the sewing kit.']",Use scissors to cut thread,0,0, A
0,0.0,[],"['Gather supplies', 'put needle and thread away']",Gather supplies,0,0, A
1,26.923076923076923,['Gather supplies'],"['Tie thread at end', 'Hold shirt with non-dominant hand']",Hold shirt with non-dominant hand,1,0, A
2,30.76923076923077,"['Gather supplies', 'Hold shirt with non-dominant hand']","['repeat', 'Mark on clothing where button is to go']",Mark on clothing where button is to go,1,0, A
3,61.53846153846154,"['Gather supplies', 'Hold shirt with non-dominant hand', 'Mark on clothing where button is to go']","['Get needle and thread', 'take needle bring up through the back of the item']",take needle bring up through the back of the item,1,0, A
4,80.76923076923077,"['Gather supplies', 'Hold shirt with non-dominant hand', 'Mark on clothing where button is to go', 'take needle bring up through the back of the item']","['Thread needle', 'Tie end in a knot']",Tie end in a knot,1,0, A
0,0.0,[],"['Drive to fabric store', 'Repeat 5 times with other two button holes']",Drive to fabric store,0,0, A
1,19.230769230769237,['Drive to fabric store'],"['Take out right colored thread.', 'Push the needle through the garment into the button']",Take out right colored thread.,0,0, A
2,34.61538461538461,"['Drive to fabric store', 'Take out right colored thread.']","['Cut thread from spindle', 'Put thread through a needle.']",Put thread through a needle.,1,0, A
3,53.84615384615385,"['Drive to fabric store', 'Take out right colored thread.', 'Put thread through a needle.']","['Take a needle', 'Continue to push and pull needle through button holes until button is secure']",Continue to push and pull needle through button holes until button is secure,1,0, A
4,84.61538461538461,"['Drive to fabric store', 'Take out right colored thread.', 'Put thread through a needle.', 'Continue to push and pull needle through button holes until button is secure']","['thread the needle', 'Cut thread from spindle']",Cut thread from spindle,1,0, A
5,88.46153846153845,"['Drive to fabric store', 'Take out right colored thread.', 'Put thread through a needle.', 'Continue to push and pull needle through button holes until button is secure', 'Cut thread from spindle']","['Put button in proper place', 'put back all the materials']",put back all the materials,1,0, A
0,0.0,[],"['Sew button into place', 'Take out sewing kit']",Take out sewing kit,1,0, A
1,7.6923076923076925,['Take out sewing kit'],"['Pull through', 'Get needle and thread']",Get needle and thread,1,0, A
2,23.07692307692308,"['Take out sewing kit', 'Get needle and thread']","['take the button', 'Pull thread through opposite button hole']",take the button,0,0, A
3,30.76923076923077,"['Take out sewing kit', 'Get needle and thread', 'take the button']","[""Make 4 x's in button."", 'Place the button at right place']",Place the button at right place,1,0, A
4,34.61538461538461,"['Take out sewing kit', 'Get needle and thread', 'take the button', 'Place the button at right place']","['Thread a needle', 'tie off thread']",Thread a needle,0,0, A
5,61.53846153846154,"['Take out sewing kit', 'Get needle and thread', 'take the button', 'Place the button at right place', 'Thread a needle']","['Purchase thread', 'Holding button at appropriate location, press needle through first hole on button.']","Holding button at appropriate location, press needle through first hole on button.",1,0, A
6,76.92307692307693,"['Take out sewing kit', 'Get needle and thread', 'take the button', 'Place the button at right place', 'Thread a needle', 'Holding button at appropriate location, press needle through first hole on button.']","['Repeat the inserting as above for about 10 times', 'Get clothing']",Repeat the inserting as above for about 10 times,0,0, A
0,0.0,[],"['Grab the fabric and button', 'Thread needle.']",Grab the fabric and button,0,0, A
1,26.923076923076923,['Grab the fabric and button'],"['Get a shirt.', 'Run needle and thread through button hole and fabric hole']",Get a shirt.,0,0, A
2,50.0,"['Grab the fabric and button', 'Get a shirt.']","['Insert the needle from the bottom where the button is to be sewn', 'Cut the thread.']",Insert the needle from the bottom where the button is to be sewn,0,0, A
3,80.76923076923077,"['Grab the fabric and button', 'Get a shirt.', 'Insert the needle from the bottom where the button is to be sewn']","[""Make sure it's secure"", 'Put thread through needle hole']",Make sure it's secure,0,0, A
0,0.0,[],"['Tie a knot.', 'Get the sewing kit.']",Get the sewing kit.,1,0, A
1,11.538461538461538,['Get the sewing kit.'],"['Use the needle to sew the broken button', 'Get needle.']",Get needle.,1,0, A
2,34.61538461538461,"['Get the sewing kit.', 'Get needle.']","['Thread needle', 'Tie off the thread']",Thread needle,0,0, A
3,46.15384615384615,"['Get the sewing kit.', 'Get needle.', 'Thread needle']","['Push the needle through one button hole and back out another hole', 'Hold button in place']",Push the needle through one button hole and back out another hole,0,0, A
4,80.76923076923077,"['Get the sewing kit.', 'Get needle.', 'Thread needle', 'Push the needle through one button hole and back out another hole']","['Get thread', 'Tie the end of the string']",Tie the end of the string,1,0, A
5,88.46153846153845,"['Get the sewing kit.', 'Get needle.', 'Thread needle', 'Push the needle through one button hole and back out another hole', 'Tie the end of the string']","['Insert the needle back into the garment from the top of the button', 'Put needle away']",Put needle away,1,0, A
0,0.0,[],"['Push needle through first hole', 'Get sewing kit']",Get sewing kit,1,0, A
1,11.538461538461538,['Get sewing kit'],"['Get a needle', 'Use needle to go through button holes']",Get a needle,0,0, A
2,34.61538461538461,"['Get sewing kit', 'Get a needle']","['when done tie the end properly', 'thread a needle']",thread a needle,1,0, A
3,50.0,"['Get sewing kit', 'Get a needle', 'thread a needle']","['pull through on the other side', 'Get the needle']",pull through on the other side,0,0, A
4,80.76923076923077,"['Get sewing kit', 'Get a needle', 'thread a needle', 'pull through on the other side']","['Put needle through button and clothing.', 'Tie off thread']",Tie off thread,1,0, A
5,84.61538461538461,"['Get sewing kit', 'Get a needle', 'thread a needle', 'pull through on the other side', 'Tie off thread']","['Prepare garment for sewing', 'Cut off remaining thread']",Cut off remaining thread,1,0, A
0,0.0,[],"['Thread needle', 'Drive to fabric store']",Drive to fabric store,1,0, A
1,19.230769230769237,['Drive to fabric store'],"['Continue repeating pushing up and pushing thread back down', 'Find some thread']",Find some thread,1,0, A
2,26.923076923076923,"['Drive to fabric store', 'Find some thread']","['cut remaining thread away', 'find shirt with missing button']",find shirt with missing button,1,0, A
3,34.61538461538461,"['Drive to fabric store', 'Find some thread', 'find shirt with missing button']","['Repeat until button is tight', 'Thread needle.']",Thread needle.,1,0, A
4,38.46153846153847,"['Drive to fabric store', 'Find some thread', 'find shirt with missing button', 'Thread needle.']","['Tie off thread', 'Tie knot in end of thread']",Tie knot in end of thread,1,0, A
5,46.15384615384615,"['Drive to fabric store', 'Find some thread', 'find shirt with missing button', 'Thread needle.', 'Tie knot in end of thread']","['Apply button by driving needle through button', 'get sewing kit']",Apply button by driving needle through button,0,0, A
6,76.92307692307693,"['Drive to fabric store', 'Find some thread', 'find shirt with missing button', 'Thread needle.', 'Tie knot in end of thread', 'Apply button by driving needle through button']","['Get needle', 'Continue crisscrossing thread between holes of button until button is tight.']",Continue crisscrossing thread between holes of button until button is tight.,1,0, A
0,0.0,[],"['Tie off thread', 'Drive to fabric store']",Drive to fabric store,1,0, A
1,19.230769230769237,['Drive to fabric store'],"['Get thread.', 'Do this several times until the button is secure']",Get thread.,0,0, A
2,23.07692307692308,"['Drive to fabric store', 'Get thread.']","['Get a button.', 'Put away thread and needle']",Get a button.,0,0, A
3,61.53846153846154,"['Drive to fabric store', 'Get thread.', 'Get a button.']","['Thread one hole with the needle', 'Find a needle']",Thread one hole with the needle,0,0, A
4,76.92307692307693,"['Drive to fabric store', 'Get thread.', 'Get a button.', 'Thread one hole with the needle']","['Acquire new button', 'repeat until button is secure']",repeat until button is secure,1,0, A
5,84.61538461538461,"['Drive to fabric store', 'Get thread.', 'Get a button.', 'Thread one hole with the needle', 'repeat until button is secure']","['Cut off remaining thread', 'Take shirt']",Cut off remaining thread,0,0, A
0,0.0,[],"['Tie the end of the string', 'Drive to fabric store']",Drive to fabric store,1,0, A
1,19.230769230769237,['Drive to fabric store'],"['Pull through other side.', 'Get some thread']",Get some thread,1,0, A
2,23.07692307692308,"['Drive to fabric store', 'Get some thread']","['Find a button', 'sew the button on carefully']",Find a button,0,0, A
3,30.76923076923077,"['Drive to fabric store', 'Get some thread', 'Find a button']","[""Repeat until it's stable"", 'Take button and put it on shirt where you want it']",Take button and put it on shirt where you want it,1,0, A
4,42.30769230769231,"['Drive to fabric store', 'Get some thread', 'Find a button', 'Take button and put it on shirt where you want it']","['Cut away any loose threads.', 'Repeat for all holes to reinforce']",Cut away any loose threads.,0,0, A
5,46.15384615384615,"['Drive to fabric store', 'Get some thread', 'Find a button', 'Take button and put it on shirt where you want it', 'Cut away any loose threads.']","['Get a needle', 'Use needle to go through button holes']",Use needle to go through button holes,1,0, A
6,50.0,"['Drive to fabric store', 'Get some thread', 'Find a button', 'Take button and put it on shirt where you want it', 'Cut away any loose threads.', 'Use needle to go through button holes']","['Push needle through the button hole into the fabric', 'get thread, needle, button to be sewn']",Push needle through the button hole into the fabric,0,0, A
7,65.38461538461539,"['Drive to fabric store', 'Get some thread', 'Find a button', 'Take button and put it on shirt where you want it', 'Cut away any loose threads.', 'Use needle to go through button holes', 'Push needle through the button hole into the fabric']","['Sew button through second hole', 'Thread the needle']",Sew button through second hole,0,0, A
8,69.23076923076923,"['Drive to fabric store', 'Get some thread', 'Find a button', 'Take button and put it on shirt where you want it', 'Cut away any loose threads.', 'Use needle to go through button holes', 'Push needle through the button hole into the fabric', 'Sew button through second hole']","['Get back the needle through the third button hole', 'Hold shirt with non-dominant hand']",Get back the needle through the third button hole,0,0, A
0,0.0,[],"['Thread needle', 'Get scissors, needle, button and thread']","Get scissors, needle, button and thread",1,0, A
1,15.384615384615383,"['Get scissors, needle, button and thread']","['Select thread of correct color', ""Make sure it's secure""]",Select thread of correct color,0,0, A
2,19.230769230769237,"['Get scissors, needle, button and thread', 'Select thread of correct color']","['Purchase thread', 'push the needle through the button']",Purchase thread,0,0, A
3,34.61538461538461,"['Get scissors, needle, button and thread', 'Select thread of correct color', 'Purchase thread']","['Thread the needle', 'when done tie the end properly']",Thread the needle,0,0, A
4,50.0,"['Get scissors, needle, button and thread', 'Select thread of correct color', 'Purchase thread', 'Thread the needle']","['Cut loose ends', 'Poke a hole in the fabric']",Poke a hole in the fabric,1,0, A
5,61.53846153846154,"['Get scissors, needle, button and thread', 'Select thread of correct color', 'Purchase thread', 'Thread the needle', 'Poke a hole in the fabric']","['Push needle through first hole', 'Find needle and thread']",Push needle through first hole,0,0, A
6,65.38461538461539,"['Get scissors, needle, button and thread', 'Select thread of correct color', 'Purchase thread', 'Thread the needle', 'Poke a hole in the fabric', 'Push needle through first hole']","['Find matching thread', 'Sew button through second hole']",Sew button through second hole,1,0, A
7,69.23076923076923,"['Get scissors, needle, button and thread', 'Select thread of correct color', 'Purchase thread', 'Thread the needle', 'Poke a hole in the fabric', 'Push needle through first hole', 'Sew button through second hole']","['put needle into adjoining hole', 'Get garment which you would like to sew button on to.']",put needle into adjoining hole,0,0, A
8,73.07692307692307,"['Get scissors, needle, button and thread', 'Select thread of correct color', 'Purchase thread', 'Thread the needle', 'Poke a hole in the fabric', 'Push needle through first hole', 'Sew button through second hole', 'put needle into adjoining hole']","['Continue sewing in an X pattern until the button is secure.', 'thread the needle']",Continue sewing in an X pattern until the button is secure.,0,0, A
9,84.61538461538461,"['Get scissors, needle, button and thread', 'Select thread of correct color', 'Purchase thread', 'Thread the needle', 'Poke a hole in the fabric', 'Push needle through first hole', 'Sew button through second hole', 'put needle into adjoining hole', 'Continue sewing in an X pattern until the button is secure.']","['cut thread so that need will detach', 'Select needle']",cut thread so that need will detach,0,0, A
10,88.46153846153845,"['Get scissors, needle, button and thread', 'Select thread of correct color', 'Purchase thread', 'Thread the needle', 'Poke a hole in the fabric', 'Push needle through first hole', 'Sew button through second hole', 'put needle into adjoining hole', 'Continue sewing in an X pattern until the button is secure.', 'cut thread so that need will detach']","['Clean up.', 'Use the needle to guide the thread']",Clean up.,0,0, A
0,0.0,[],"['Drive to fabric store', 'Cut the needle off of the thread.']",Drive to fabric store,0,0, A
1,19.230769230769237,['Drive to fabric store'],"['Find thread that matches', 'Repeat to make loop and knot it.']",Find thread that matches,0,0, A
2,30.76923076923077,"['Drive to fabric store', 'Find thread that matches']","['repeat', 'Place button in desired position']",Place button in desired position,1,0, A
3,53.84615384615385,"['Drive to fabric store', 'Find thread that matches', 'Place button in desired position']","['Thread the opposite diagonal hole with the needle and tighten the string', 'locate needle and thread']",Thread the opposite diagonal hole with the needle and tighten the string,0,0, A
0,0.0,[],"['Take out sewing kit.', 'Cut excess thread']",Take out sewing kit.,0,0, A
1,7.6923076923076925,['Take out sewing kit.'],"['Collect thread and needle.', 'Pull thread through and secure button']",Collect thread and needle.,0,0, A
2,11.538461538461538,"['Take out sewing kit.', 'Collect thread and needle.']","['Get needle.', 'Check if the button is tight']",Get needle.,0,0, A
3,15.384615384615383,"['Take out sewing kit.', 'Collect thread and needle.', 'Get needle.']","['Continue sewing in an X pattern until the button is secure.', 'Choose thread color']",Choose thread color,1,0, A
4,19.230769230769237,"['Take out sewing kit.', 'Collect thread and needle.', 'Get needle.', 'Choose thread color']","['Get thread', 'sew button into fabric making sure stitches are secure']",Get thread,0,0, A
5,30.76923076923077,"['Take out sewing kit.', 'Collect thread and needle.', 'Get needle.', 'Choose thread color', 'Get thread']","['put button where other button was located', ""Make 4 x's in button.""]",put button where other button was located,0,0, A
6,34.61538461538461,"['Take out sewing kit.', 'Collect thread and needle.', 'Get needle.', 'Choose thread color', 'Get thread', 'put button where other button was located']","['Repeat for all holes to reinforce', 'Thread the needle']",Thread the needle,1,0, A
7,46.15384615384615,"['Take out sewing kit.', 'Collect thread and needle.', 'Get needle.', 'Choose thread color', 'Get thread', 'put button where other button was located', 'Thread the needle']","['Using threaded needle, sew button on to garment.', 'Find sewing kit']","Using threaded needle, sew button on to garment.",0,0, A
8,84.61538461538461,"['Take out sewing kit.', 'Collect thread and needle.', 'Get needle.', 'Choose thread color', 'Get thread', 'put button where other button was located', 'Thread the needle', 'Using threaded needle, sew button on to garment.']","['Ending again in the back of the garment cut off the thread.', 'Find a suitable button']",Ending again in the back of the garment cut off the thread.,0,0, A
9,88.46153846153845,"['Take out sewing kit.', 'Collect thread and needle.', 'Get needle.', 'Choose thread color', 'Get thread', 'put button where other button was located', 'Thread the needle', 'Using threaded needle, sew button on to garment.', 'Ending again in the back of the garment cut off the thread.']","['Get shirt', 'PUT NEEDLE AND THREAD AWAY']",PUT NEEDLE AND THREAD AWAY,1,0, A
0,0.0,[],"['Cut thread', 'Grab the fabric and button']",Grab the fabric and button,1,0, A
1,7.6923076923076925,['Grab the fabric and button'],"['Find thread and needle.', 'ATTACH BUTTON USING NEEDLE AND THREAD']",Find thread and needle.,0,0, A
2,11.538461538461538,"['Grab the fabric and button', 'Find thread and needle.']","['Thread button onto clothing', 'Pick a needle']",Pick a needle,1,0, A
3,19.230769230769237,"['Grab the fabric and button', 'Find thread and needle.', 'Pick a needle']","['Push needle down through other button on hole', 'Purchase thread']",Purchase thread,1,0, A
4,26.923076923076923,"['Grab the fabric and button', 'Find thread and needle.', 'Pick a needle', 'Purchase thread']","['gather garment for buttoning', 'Insert needle through first side of button (step 3)']",gather garment for buttoning,0,0, A
5,30.76923076923077,"['Grab the fabric and button', 'Find thread and needle.', 'Pick a needle', 'Purchase thread', 'gather garment for buttoning']","['Place button onto item of clothing', 'Push needle through other hole of button and through clothes']",Place button onto item of clothing,0,0, A
6,46.15384615384615,"['Grab the fabric and button', 'Find thread and needle.', 'Pick a needle', 'Purchase thread', 'gather garment for buttoning', 'Place button onto item of clothing']","['make few passes', 'Take thread from sewing kit']",make few passes,0,0, A
0,0.0,[],"['Push needle through the button hole into the fabric', 'Get sewing kit']",Get sewing kit,1,0, A
1,7.6923076923076925,['Get sewing kit'],"['Do this several times until the button is secure', 'Get a needle and thread.']",Get a needle and thread.,1,0, A
2,30.76923076923077,"['Get sewing kit', 'Get a needle and thread.']","['place botton where you want it', 'Put away needle and thread']",place botton where you want it,0,0, A
3,34.61538461538461,"['Get sewing kit', 'Get a needle and thread.', 'place botton where you want it']","['threading the needle', 'Cut the thread']",threading the needle,0,0, A
4,50.0,"['Get sewing kit', 'Get a needle and thread.', 'place botton where you want it', 'threading the needle']","['push the needle through the fabric', 'Get back the needle through the fourth button hole']",push the needle through the fabric,0,0, A
5,76.92307692307693,"['Get sewing kit', 'Get a needle and thread.', 'place botton where you want it', 'threading the needle', 'push the needle through the fabric']","['Continue repeating pushing up and pushing thread back down', 'thread the needle']",Continue repeating pushing up and pushing thread back down,0,0, A
6,84.61538461538461,"['Get sewing kit', 'Get a needle and thread.', 'place botton where you want it', 'threading the needle', 'push the needle through the fabric', 'Continue repeating pushing up and pushing thread back down']","['Put needle through button and clothing.', 'cut the thread when finished']",cut the thread when finished,1,0, A
7,88.46153846153845,"['Get sewing kit', 'Get a needle and thread.', 'place botton where you want it', 'threading the needle', 'push the needle through the fabric', 'Continue repeating pushing up and pushing thread back down', 'cut the thread when finished']","['Put away needle and thread', 'Get scissors, needle, button and thread']",Put away needle and thread,0,0, A
0,0.0,[],"['Sew button.', 'Get a thimble']",Get a thimble,1,0, A
1,26.923076923076923,['Get a thimble'],"['Place item on flat surface', 'Cut excess thread']",Place item on flat surface,0,0, A
2,34.61538461538461,"['Get a thimble', 'Place item on flat surface']","['Thread needle.', 'Secure the button with a knot']",Thread needle.,0,0, A
3,38.46153846153847,"['Get a thimble', 'Place item on flat surface', 'Thread needle.']","['Get the sewing kit.', 'Knot the ends of the thread together.']",Knot the ends of the thread together.,1,0, A
4,50.0,"['Get a thimble', 'Place item on flat surface', 'Thread needle.', 'Knot the ends of the thread together.']","['Find needle and thread', 'pull through on the other side']",pull through on the other side,1,0, A
5,80.76923076923077,"['Get a thimble', 'Place item on flat surface', 'Thread needle.', 'Knot the ends of the thread together.', 'pull through on the other side']","['Tie end in a knot', 'Find placement for new button.']",Tie end in a knot,0,0, A
6,88.46153846153845,"['Get a thimble', 'Place item on flat surface', 'Thread needle.', 'Knot the ends of the thread together.', 'pull through on the other side', 'Tie end in a knot']","['Return the needle through the fabric and through a different button hole', 'Put all the items away']",Put all the items away,1,0, A
7,92.3076923076923,"['Get a thimble', 'Place item on flat surface', 'Thread needle.', 'Knot the ends of the thread together.', 'pull through on the other side', 'Tie end in a knot', 'Put all the items away']","['Find a button.', 'Check new button']",Check new button,1,0, A
0,0.0,[],"['Get out needle, thread, button, and clothing item.', 'Check if the button is tight']","Get out needle, thread, button, and clothing item.",0,0, A
1,26.923076923076923,"['Get out needle, thread, button, and clothing item.']","['Pull the needle through a hole in the button, then back into the fabric', 'Get garment which you would like to sew button on to.']",Get garment which you would like to sew button on to.,1,0, A
2,46.15384615384615,"['Get out needle, thread, button, and clothing item.', 'Get garment which you would like to sew button on to.']","['Sew thread on needle through hole of button.', 'Sew through the diagonal hole of the button and the garment.']",Sew thread on needle through hole of button.,0,0, A
3,50.0,"['Get out needle, thread, button, and clothing item.', 'Get garment which you would like to sew button on to.', 'Sew thread on needle through hole of button.']","['Remove the old button', 'Push the needle through the fabric']",Push the needle through the fabric,1,0, A
4,76.92307692307693,"['Get out needle, thread, button, and clothing item.', 'Get garment which you would like to sew button on to.', 'Sew thread on needle through hole of button.', 'Push the needle through the fabric']","['Do this through all holes of button', 'Place button in desired position']",Do this through all holes of button,0,0, A
5,84.61538461538461,"['Get out needle, thread, button, and clothing item.', 'Get garment which you would like to sew button on to.', 'Sew thread on needle through hole of button.', 'Push the needle through the fabric', 'Do this through all holes of button']","['Cut away any extra string', 'Push the needle through the fabric']",Cut away any extra string,0,0, A
6,88.46153846153845,"['Get out needle, thread, button, and clothing item.', 'Get garment which you would like to sew button on to.', 'Sew thread on needle through hole of button.', 'Push the needle through the fabric', 'Do this through all holes of button', 'Cut away any extra string']","['Obtain needle and thread', 'put the supplies away']",put the supplies away,1,0, A
0,0.0,[],"['Get button, thread, needle and scissors', 'Push needle through fabric and button hole']","Get button, thread, needle and scissors",0,0, A
1,15.384615384615383,"['Get button, thread, needle and scissors']","['Start to sew the button onto the fabric.', 'Find right color string']",Find right color string,1,0, A
2,19.230769230769237,"['Get button, thread, needle and scissors', 'Find right color string']","['Repeat until sewed on.', 'get some thread']",get some thread,1,0, A
3,34.61538461538461,"['Get button, thread, needle and scissors', 'Find right color string', 'get some thread']","['Thread needle.', 'Get supplies - shirt, new button, thread, needle']",Thread needle.,0,0, A
4,53.84615384615385,"['Get button, thread, needle and scissors', 'Find right color string', 'get some thread', 'Thread needle.']","['Crisscross on the button', 'Get a needle']",Crisscross on the button,0,0, A
5,84.61538461538461,"['Get button, thread, needle and scissors', 'Find right color string', 'get some thread', 'Thread needle.', 'Crisscross on the button']","['Cut thread', 'place the button']",Cut thread,0,0, A
0,0.0,[],"['Get button, thread, needle and scissors', 'thread the needle']","Get button, thread, needle and scissors",0,0, A
1,15.384615384615383,"['Get button, thread, needle and scissors']","['Find right color string', 'Cut thread']",Find right color string,0,0, A
2,19.230769230769237,"['Get button, thread, needle and scissors', 'Find right color string']","['put items away when done', 'Get thread']",Get thread,1,0, A
3,30.76923076923077,"['Get button, thread, needle and scissors', 'Find right color string', 'Get thread']","['Mark on clothing where button is to go', 'Tie the thread in a knot to secure it']",Mark on clothing where button is to go,0,0, A
4,50.0,"['Get button, thread, needle and scissors', 'Find right color string', 'Get thread', 'Mark on clothing where button is to go']","['Get needle.', 'Push the needle through the fabric']",Push the needle through the fabric,1,0, A
5,76.92307692307693,"['Get button, thread, needle and scissors', 'Find right color string', 'Get thread', 'Mark on clothing where button is to go', 'Push the needle through the fabric']","['Do this through all holes of button', 'Find button that matches lost button.']",Do this through all holes of button,0,0, A
6,80.76923076923077,"['Get button, thread, needle and scissors', 'Find right color string', 'Get thread', 'Mark on clothing where button is to go', 'Push the needle through the fabric', 'Do this through all holes of button']","['Tie the thread', 'Hook thread through needle']",Tie the thread,0,0, A
0,0.0,[],"['Cut thread string to how much is needed', 'Drive to fabric store']",Drive to fabric store,1,0, A
1,19.230769230769237,['Drive to fabric store'],"['Get the proper colored thread', 'cut thread from button']",Get the proper colored thread,0,0, A
2,26.923076923076923,"['Drive to fabric store', 'Get the proper colored thread']","['Snip excess thread off', 'Get the piece of apparel that needs to sew the button on.']",Get the piece of apparel that needs to sew the button on.,1,0, A
3,46.15384615384615,"['Drive to fabric store', 'Get the proper colored thread', 'Get the piece of apparel that needs to sew the button on.']","['Push the needle through the garment into the button', 'Get needle.']",Push the needle through the garment into the button,0,0, A
4,61.53846153846154,"['Drive to fabric store', 'Get the proper colored thread', 'Get the piece of apparel that needs to sew the button on.', 'Push the needle through the garment into the button']","['Check the button', 'take needle bring up through the back of the item']",take needle bring up through the back of the item,1,0, A
5,76.92307692307693,"['Drive to fabric store', 'Get the proper colored thread', 'Get the piece of apparel that needs to sew the button on.', 'Push the needle through the garment into the button', 'take needle bring up through the back of the item']","['Repeat several times, going through a different hole each time.', 'Choose thread to sew button on with.']","Repeat several times, going through a different hole each time.",0,0, A
6,84.61538461538461,"['Drive to fabric store', 'Get the proper colored thread', 'Get the piece of apparel that needs to sew the button on.', 'Push the needle through the garment into the button', 'take needle bring up through the back of the item', 'Repeat several times, going through a different hole each time.']","['cut the thread', 'Find some thread']",cut the thread,0,0, A
0,0.0,[],"['Drive to fabric store', 'Thread needle.']",Drive to fabric store,0,0, A
1,19.230769230769237,['Drive to fabric store'],"['Get thread.', 'cut the thread']",Get thread.,0,0, A
2,26.923076923076923,"['Drive to fabric store', 'Get thread.']","['Get sewing kit', 'Get item that needs button sewing on']",Get item that needs button sewing on,1,0, A
3,34.61538461538461,"['Drive to fabric store', 'Get thread.', 'Get item that needs button sewing on']","['Put thread through a needle.', 'Use scissors to cut thread']",Put thread through a needle.,0,0, A
4,88.46153846153845,"['Drive to fabric store', 'Get thread.', 'Get item that needs button sewing on', 'Put thread through a needle.']","['put items away when done', 'take the button']",put items away when done,0,0, A
0,0.0,[],"['Get the sewing kit.', 'Place button on shirt']",Get the sewing kit.,0,0, A
1,19.230769230769237,['Get the sewing kit.'],"['Find thread that matches', 'Using threaded needle, sew button on to garment.']",Find thread that matches,0,0, A
2,30.76923076923077,"['Get the sewing kit.', 'Find thread that matches']","['Tie off thread', 'Take button and put it on shirt where you want it']",Take button and put it on shirt where you want it,1,0, A
3,61.53846153846154,"['Get the sewing kit.', 'Find thread that matches', 'Take button and put it on shirt where you want it']","['Sew button onto fabric through the first hole', 'grab object the button is being sewed']",Sew button onto fabric through the first hole,0,0, A
4,65.38461538461539,"['Get the sewing kit.', 'Find thread that matches', 'Take button and put it on shirt where you want it', 'Sew button onto fabric through the first hole']","['Push needle through other hole of button and through clothes', 'Choose a button.']",Push needle through other hole of button and through clothes,0,0, A
5,69.23076923076923,"['Get the sewing kit.', 'Find thread that matches', 'Take button and put it on shirt where you want it', 'Sew button onto fabric through the first hole', 'Push needle through other hole of button and through clothes']","['Poke needle through opposite hole', 'Grab thread and needle']",Poke needle through opposite hole,0,0, A
0,0.0,[],"['Drive to fabric store', 'Cut length of thread']",Drive to fabric store,0,0, A
1,19.230769230769237,['Drive to fabric store'],"['Take out right colored thread.', 'Loop thread to create knot in thread.']",Take out right colored thread.,0,0, A
2,23.07692307692308,"['Drive to fabric store', 'Take out right colored thread.']","['Get button', 'Tie the end of the string']",Get button,0,0, A
3,61.53846153846154,"['Drive to fabric store', 'Take out right colored thread.', 'Get button']","['Thread needle', 'Pull thread through']",Pull thread through,1,0, A
4,65.38461538461539,"['Drive to fabric store', 'Take out right colored thread.', 'Get button', 'Pull thread through']","['Get a button to match', 'Slide button onto needle and thread.']",Slide button onto needle and thread.,1,0, A
5,69.23076923076923,"['Drive to fabric store', 'Take out right colored thread.', 'Get button', 'Pull thread through', 'Slide button onto needle and thread.']","['Put needle in other button hole.', 'gather needle and thread']",Put needle in other button hole.,0,0, A
0,0.0,[],"['Get a thimble', 'cut loose thread']",Get a thimble,0,0, A
1,30.76923076923077,['Get a thimble'],"['put button where other button was located', 'Tie the end of the string']",put button where other button was located,0,0, A
2,46.15384615384615,"['Get a thimble', 'put button where other button was located']","['Get thread and needle', 'Pass the needle in and out of holes on button']",Pass the needle in and out of holes on button,1,0, A
3,53.84615384615385,"['Get a thimble', 'put button where other button was located', 'Pass the needle in and out of holes on button']","['get needle', 'pass needle through needle hole in button']",pass needle through needle hole in button,1,0, A
4,84.61538461538461,"['Get a thimble', 'put button where other button was located', 'Pass the needle in and out of holes on button', 'pass needle through needle hole in button']","['Cut off excess thread', 'Get needle and thread']",Cut off excess thread,0,0, A
0,0.0,[],"['get thread, needle, button to be sewn', 'Tie the thread round in between the garment and button']","get thread, needle, button to be sewn",0,0, A
1,7.6923076923076925,"['get thread, needle, button to be sewn']","['Repeat several times until button is secure', 'Grab thread and needle']",Grab thread and needle,1,0, A
2,26.923076923076923,"['get thread, needle, button to be sewn', 'Grab thread and needle']","[""pass needle and thread back through another of the button's needle holes"", 'Place item on flat surface']",Place item on flat surface,1,0, A
3,30.76923076923077,"['get thread, needle, button to be sewn', 'Grab thread and needle', 'Place item on flat surface']","['place botton where you want it', 'knot thread']",place botton where you want it,0,0, A
4,53.84615384615385,"['get thread, needle, button to be sewn', 'Grab thread and needle', 'Place item on flat surface', 'place botton where you want it']","['Place needle through button eyelets.', 'Find similar button']",Place needle through button eyelets.,0,0, A
5,84.61538461538461,"['get thread, needle, button to be sewn', 'Grab thread and needle', 'Place item on flat surface', 'place botton where you want it', 'Place needle through button eyelets.']","['Ending again in the back of the garment cut off the thread.', 'Take shirt']",Ending again in the back of the garment cut off the thread.,0,0, A
6,88.46153846153845,"['get thread, needle, button to be sewn', 'Grab thread and needle', 'Place item on flat surface', 'place botton where you want it', 'Place needle through button eyelets.', 'Ending again in the back of the garment cut off the thread.']","['Place button where desired', 'Take out the needle']",Take out the needle,1,0, A
7,92.3076923076923,"['get thread, needle, button to be sewn', 'Grab thread and needle', 'Place item on flat surface', 'place botton where you want it', 'Place needle through button eyelets.', 'Ending again in the back of the garment cut off the thread.', 'Take out the needle']","['Check the button', 'Pull needle and thread']",Check the button,0,0, A
0,0.0,[],"['Thread needle', 'Drive to fabric store']",Drive to fabric store,1,0, A
1,19.230769230769237,['Drive to fabric store'],"['Get thread', 'measure and cut length of thread']",Get thread,0,0, A
2,23.07692307692308,"['Drive to fabric store', 'Get thread']","['Find button', 'Cut loose ends']",Find button,0,0, A
3,50.0,"['Drive to fabric store', 'Get thread', 'Find button']","['Find sewing kit.', 'Insert the thread through the button']",Insert the thread through the button,1,0, A
4,76.92307692307693,"['Drive to fabric store', 'Get thread', 'Find button', 'Insert the thread through the button']","['knot thread', 'repeat 5-8 several times until button is secure']",repeat 5-8 several times until button is secure,1,0, A
5,80.76923076923077,"['Drive to fabric store', 'Get thread', 'Find button', 'Insert the thread through the button', 'repeat 5-8 several times until button is secure']","['Tie ends.', 'Get thread']",Tie ends.,0,0, A
0,0.0,[],"['Grab the fabric and button', 'Take out the needle']",Grab the fabric and button,0,0, A
1,26.923076923076923,['Grab the fabric and button'],"['Pick up shirt missing button.', 'Run needle and thread through button hole and fabric hole']",Pick up shirt missing button.,0,0, A
2,46.15384615384615,"['Grab the fabric and button', 'Pick up shirt missing button.']","['Sew through holes or shank in button.', 'Find button']",Sew through holes or shank in button.,0,0, A
3,76.92307692307693,"['Grab the fabric and button', 'Pick up shirt missing button.', 'Sew through holes or shank in button.']","[""Repeat until it's stable"", 'take the cloth to be sewed']",Repeat until it's stable,0,0, A
0,0.0,[],"['Get out sewing kit.', 'Use the needle to go through the button holes and the fabric']",Get out sewing kit.,0,0, A
1,7.6923076923076925,['Get out sewing kit.'],"['locate needle and thread', 'Tie the thread at the bottom of the button']",locate needle and thread,0,0, A
2,19.230769230769237,"['Get out sewing kit.', 'locate needle and thread']","['Continue until button is secure', 'Select thread']",Select thread,1,0, A
3,26.923076923076923,"['Get out sewing kit.', 'locate needle and thread', 'Select thread']","['Get the item of clothing the button is to go on', 'tie knot on thread']",Get the item of clothing the button is to go on,0,0, A
4,50.0,"['Get out sewing kit.', 'locate needle and thread', 'Select thread', 'Get the item of clothing the button is to go on']","['Poke hole with needle through button hole and fabric', 'cut the thread']",Poke hole with needle through button hole and fabric,0,0, A
5,65.38461538461539,"['Get out sewing kit.', 'locate needle and thread', 'Select thread', 'Get the item of clothing the button is to go on', 'Poke hole with needle through button hole and fabric']","['Push needle through other hole of button and through clothes', 'Put thread through needle hole']",Push needle through other hole of button and through clothes,0,0, A
6,69.23076923076923,"['Get out sewing kit.', 'locate needle and thread', 'Select thread', 'Get the item of clothing the button is to go on', 'Poke hole with needle through button hole and fabric', 'Push needle through other hole of button and through clothes']","['Get thread', 'Hold button in place']",Hold button in place,1,0, A
7,73.07692307692307,"['Get out sewing kit.', 'locate needle and thread', 'Select thread', 'Get the item of clothing the button is to go on', 'Poke hole with needle through button hole and fabric', 'Push needle through other hole of button and through clothes', 'Hold button in place']","['Insert the needle from the bottom where the button is to be sewn', 'Sew button through fourth and final hole']",Sew button through fourth and final hole,1,0, A
8,84.61538461538461,"['Get out sewing kit.', 'locate needle and thread', 'Select thread', 'Get the item of clothing the button is to go on', 'Poke hole with needle through button hole and fabric', 'Push needle through other hole of button and through clothes', 'Hold button in place', 'Sew button through fourth and final hole']","['Find sewing kit', 'cut the thread']",cut the thread,1,0, A
0,0.0,[],"['Get supplies - shirt, new button, thread, needle', 'Tie a knot.']","Get supplies - shirt, new button, thread, needle",0,0, A
1,30.76923076923077,"['Get supplies - shirt, new button, thread, needle']","['Tie a knot.', 'Place button where you want it.']",Place button where you want it.,1,0, A
2,61.53846153846154,"['Get supplies - shirt, new button, thread, needle', 'Place button where you want it.']","['Get needle and thread', 'Thread one hole with the needle']",Thread one hole with the needle,1,0, A
3,76.92307692307693,"['Get supplies - shirt, new button, thread, needle', 'Place button where you want it.', 'Thread one hole with the needle']","['Repeat steps 4 through 6 about 30 times', 'take the needle and matching thread']",Repeat steps 4 through 6 about 30 times,0,0, A
4,84.61538461538461,"['Get supplies - shirt, new button, thread, needle', 'Place button where you want it.', 'Thread one hole with the needle', 'Repeat steps 4 through 6 about 30 times']","['cut loose thread', 'Knot the ends of the thread together.']",cut loose thread,0,0, A
0,0.0,[],"['Put the needle thorough the back of the button hole.', 'Get sewing kit']",Get sewing kit,1,0, A
1,23.07692307692308,['Get sewing kit'],"['Find matching button, or old button.', 'Put needle away']","Find matching button, or old button.",0,0, A
2,30.76923076923077,"['Get sewing kit', 'Find matching button, or old button.']","['Cut the thread', 'Place button on clothing']",Place button on clothing,1,0, A
3,61.53846153846154,"['Get sewing kit', 'Find matching button, or old button.', 'Place button on clothing']","['Cut thread', 'Thread one hole with the needle']",Thread one hole with the needle,1,0, A
4,80.76923076923077,"['Get sewing kit', 'Find matching button, or old button.', 'Place button on clothing', 'Thread one hole with the needle']","['Pick up shirt missing button.', 'when done tie the end properly']",when done tie the end properly,1,0, A
5,84.61538461538461,"['Get sewing kit', 'Find matching button, or old button.', 'Place button on clothing', 'Thread one hole with the needle', 'when done tie the end properly']","['Find a button that matches', 'Cut thread close to knot.']",Cut thread close to knot.,1,0, A
6,88.46153846153845,"['Get sewing kit', 'Find matching button, or old button.', 'Place button on clothing', 'Thread one hole with the needle', 'when done tie the end properly', 'Cut thread close to knot.']","['Pass the needle through the second button hole', 'Put away thread and needle']",Put away thread and needle,1,0, A
0,0.0,[],"['Do this through all holes of button', 'Drive to fabric store']",Drive to fabric store,1,0, A
1,19.230769230769237,['Drive to fabric store'],"['Get thread.', 'Sew button onto garment.']",Get thread.,0,0, A
2,30.76923076923077,"['Drive to fabric store', 'Get thread.']","['Tie off the end of the thread', 'Place button where you want it.']",Place button where you want it.,1,0, A
3,34.61538461538461,"['Drive to fabric store', 'Get thread.', 'Place button where you want it.']","['when done tie the end properly', 'Thread needle']",Thread needle,1,0, A
4,42.30769230769231,"['Drive to fabric store', 'Get thread.', 'Place button where you want it.', 'Thread needle']","['Cut excess thread', 'Get thread.']",Cut excess thread,0,0, A
5,46.15384615384615,"['Drive to fabric store', 'Get thread.', 'Place button where you want it.', 'Thread needle', 'Cut excess thread']","['Find thread that matches', 'Sew on']",Sew on,1,0, A
6,88.46153846153845,"['Drive to fabric store', 'Get thread.', 'Place button where you want it.', 'Thread needle', 'Cut excess thread', 'Sew on']","['Slide button onto needle and thread.', 'Put everything away.']",Put everything away.,1,0, A
7,92.3076923076923,"['Drive to fabric store', 'Get thread.', 'Place button where you want it.', 'Thread needle', 'Cut excess thread', 'Sew on', 'Put everything away.']","['MAKE SURE BUTTON IS SECURE', 'Find a needle and thread']",MAKE SURE BUTTON IS SECURE,0,0, A
0,0.0,[],"['Tie a knot at the end of thread', 'Get button, thread, needle and scissors']","Get button, thread, needle and scissors",1,0, A
1,26.923076923076923,"['Get button, thread, needle and scissors']","['Continue until button is secure', 'Get the garment']",Get the garment,1,0, A
2,34.61538461538461,"['Get button, thread, needle and scissors', 'Get the garment']","['Thread sewing needle with chosen thread.', 'Tie off the end of the thread']",Thread sewing needle with chosen thread.,0,0, A
3,50.0,"['Get button, thread, needle and scissors', 'Get the garment', 'Thread sewing needle with chosen thread.']","['Put needle through one hole', 'Cut.']",Put needle through one hole,0,0, A
4,61.53846153846154,"['Get button, thread, needle and scissors', 'Get the garment', 'Thread sewing needle with chosen thread.', 'Put needle through one hole']","['Take needle from sewing kit', 'Pull the needle until thread is completely on the other side of shirt']",Pull the needle until thread is completely on the other side of shirt,1,0, A
5,80.76923076923077,"['Get button, thread, needle and scissors', 'Get the garment', 'Thread sewing needle with chosen thread.', 'Put needle through one hole', 'Pull the needle until thread is completely on the other side of shirt']","['Tie the thread round in between the garment and button', 'Get a button to match']",Tie the thread round in between the garment and button,0,0, A
6,88.46153846153845,"['Get button, thread, needle and scissors', 'Get the garment', 'Thread sewing needle with chosen thread.', 'Put needle through one hole', 'Pull the needle until thread is completely on the other side of shirt', 'Tie the thread round in between the garment and button']","['Put away needle and thread', 'Find thread that matches']",Put away needle and thread,0,0, A
0,0.0,[],"['push needle through button and shirt', 'Drive to fabric store']",Drive to fabric store,1,0, A
1,19.230769230769237,['Drive to fabric store'],"['tie knot on thread', 'Find similar color thread to use.']",Find similar color thread to use.,1,0, A
2,30.76923076923077,"['Drive to fabric store', 'Find similar color thread to use.']","['Line the button back into place', 'Tie the end of the string']",Line the button back into place,0,0, A
3,53.84615384615385,"['Drive to fabric store', 'Find similar color thread to use.', 'Line the button back into place']","['get thread, needle, button to be sewn', 'Insert needle through other side of button on back side']",Insert needle through other side of button on back side,1,0, A
4,84.61538461538461,"['Drive to fabric store', 'Find similar color thread to use.', 'Line the button back into place', 'Insert needle through other side of button on back side']","['Find a button', 'Use scissors to cut thread']",Use scissors to cut thread,1,0, A
0,0.0,[],"['Return the needle through the fabric and through a different button hole', 'Take out sewing kit']",Take out sewing kit,1,0, A
1,19.230769230769237,['Take out sewing kit'],"['Pull out a length of thread.', 'Tie knot.']",Pull out a length of thread.,0,0, A
2,26.923076923076923,"['Take out sewing kit', 'Pull out a length of thread.']","['Grab the garment that you would like to sew the button to.', 'Get sewing kit']",Grab the garment that you would like to sew the button to.,0,0, A
3,30.76923076923077,"['Take out sewing kit', 'Pull out a length of thread.', 'Grab the garment that you would like to sew the button to.']","['Cut thread close to knot.', 'Line the button back into place']",Line the button back into place,1,0, A
4,53.84615384615385,"['Take out sewing kit', 'Pull out a length of thread.', 'Grab the garment that you would like to sew the button to.', 'Line the button back into place']","['Return the needle through the fabric and through a different button hole', 'Find a button that matches']",Return the needle through the fabric and through a different button hole,0,0, A
5,76.92307692307693,"['Take out sewing kit', 'Pull out a length of thread.', 'Grab the garment that you would like to sew the button to.', 'Line the button back into place', 'Return the needle through the fabric and through a different button hole']","['Continue to loop the needle and thread through the button holes.', 'Take a needle']",Continue to loop the needle and thread through the button holes.,0,0, A
0,0.0,[],"['taking the right button out', 'Drive to fabric store']",Drive to fabric store,1,0, A
1,19.230769230769237,['Drive to fabric store'],"['Get the proper colored thread', 'Starting on inside of garment, push through with needle.']",Get the proper colored thread,0,0, A
2,34.61538461538461,"['Drive to fabric store', 'Get the proper colored thread']","['get thread, needle, button to be sewn', 'attach string to needle']",attach string to needle,1,0, A
3,46.15384615384615,"['Drive to fabric store', 'Get the proper colored thread', 'attach string to needle']","['sew button into fabric making sure stitches are secure', 'Get out sewing kit.']",sew button into fabric making sure stitches are secure,0,0, A
4,80.76923076923077,"['Drive to fabric store', 'Get the proper colored thread', 'attach string to needle', 'sew button into fabric making sure stitches are secure']","['Tie the thread in a knot to secure it', 'Find button that matches lost button.']",Tie the thread in a knot to secure it,0,0, A
5,84.61538461538461,"['Drive to fabric store', 'Get the proper colored thread', 'attach string to needle', 'sew button into fabric making sure stitches are secure', 'Tie the thread in a knot to secure it']","['Cut thread from spindle', 'Put the thread through the button and start threading']",Cut thread from spindle,0,0, A
6,88.46153846153845,"['Drive to fabric store', 'Get the proper colored thread', 'attach string to needle', 'sew button into fabric making sure stitches are secure', 'Tie the thread in a knot to secure it', 'Cut thread from spindle']","['Get the sewing kit.', 'Put away thread and needle']",Put away thread and needle,1,0, A
7,92.3076923076923,"['Drive to fabric store', 'Get the proper colored thread', 'attach string to needle', 'sew button into fabric making sure stitches are secure', 'Tie the thread in a knot to secure it', 'Cut thread from spindle', 'Put away thread and needle']","['Check new button', 'Position needle with thread']",Check new button,0,0, A
0,0.0,[],"['Find the location where button needs to be sewn.', 'get sewing kit']",get sewing kit,1,0, A
1,11.538461538461538,['get sewing kit'],"['Get needle', 'Sew needle through other holes in an X formation']",Get needle,0,0, A
2,15.384615384615383,"['get sewing kit', 'Get needle']","['Choose thread color', 'Pull needle and thread']",Choose thread color,0,0, A
3,19.230769230769237,"['get sewing kit', 'Get needle', 'Choose thread color']","['Get some thread', 'Continue crisscrossing thread between holes of button until button is tight.']",Get some thread,0,0, A
4,23.07692307692308,"['get sewing kit', 'Get needle', 'Choose thread color', 'Get some thread']","['Cut away any extra string', 'Find a button.']",Find a button.,1,0, A
5,30.76923076923077,"['get sewing kit', 'Get needle', 'Choose thread color', 'Get some thread', 'Find a button.']","['Place button on clothing', 'put sewing kit away']",Place button on clothing,0,0, A
6,50.0,"['get sewing kit', 'Get needle', 'Choose thread color', 'Get some thread', 'Find a button.', 'Place button on clothing']","['Get needle and thread', 'Put the thread through the button and start threading']",Put the thread through the button and start threading,1,0, A
7,80.76923076923077,"['get sewing kit', 'Get needle', 'Choose thread color', 'Get some thread', 'Find a button.', 'Place button on clothing', 'Put the thread through the button and start threading']","['Make a knot in fabric with thread behind the button', 'Thread needle']",Make a knot in fabric with thread behind the button,0,0, A
8,84.61538461538461,"['get sewing kit', 'Get needle', 'Choose thread color', 'Get some thread', 'Find a button.', 'Place button on clothing', 'Put the thread through the button and start threading', 'Make a knot in fabric with thread behind the button']","['Cut the thread.', 'Tie a knot in the thread']",Cut the thread.,0,0, A
0,0.0,[],"['Push the needle through one button hole and back out another hole', 'Drive to fabric store']",Drive to fabric store,1,0, A
1,19.230769230769237,['Drive to fabric store'],"['tie a knot at the end of the string', 'Purchase thread']",Purchase thread,1,0, A
2,23.07692307692308,"['Drive to fabric store', 'Purchase thread']","['Find matching button, or old button.', 'Move needle in and out of button holes to secure to shirt.']","Find matching button, or old button.",0,0, A
3,26.923076923076923,"['Drive to fabric store', 'Purchase thread', 'Find matching button, or old button.']","['Take the cloth to be sewed', 'Put the needle thorough the back of the button hole.']",Take the cloth to be sewed,0,0, A
4,34.61538461538461,"['Drive to fabric store', 'Purchase thread', 'Find matching button, or old button.', 'Take the cloth to be sewed']","['repeat 5-8 several times until button is secure', 'threading the needle']",threading the needle,1,0, A
5,50.0,"['Drive to fabric store', 'Purchase thread', 'Find matching button, or old button.', 'Take the cloth to be sewed', 'threading the needle']","['Find matching thread', 'Poke a hole in the fabric']",Poke a hole in the fabric,1,0, A
6,65.38461538461539,"['Drive to fabric store', 'Purchase thread', 'Find matching button, or old button.', 'Take the cloth to be sewed', 'threading the needle', 'Poke a hole in the fabric']","['tie knot at end of thread', 'Pass the needle through the second button hole']",Pass the needle through the second button hole,1,0, A
7,69.23076923076923,"['Drive to fabric store', 'Purchase thread', 'Find matching button, or old button.', 'Take the cloth to be sewed', 'threading the needle', 'Poke a hole in the fabric', 'Pass the needle through the second button hole']","['Get back the needle through the third button hole', 'Get a thimble']",Get back the needle through the third button hole,0,0, A
8,73.07692307692307,"['Drive to fabric store', 'Purchase thread', 'Find matching button, or old button.', 'Take the cloth to be sewed', 'threading the needle', 'Poke a hole in the fabric', 'Pass the needle through the second button hole', 'Get back the needle through the third button hole']","['Continue sewing in an X pattern until the button is secure.', 'Put thread through button']",Continue sewing in an X pattern until the button is secure.,0,0, A
9,80.76923076923077,"['Drive to fabric store', 'Purchase thread', 'Find matching button, or old button.', 'Take the cloth to be sewed', 'threading the needle', 'Poke a hole in the fabric', 'Pass the needle through the second button hole', 'Get back the needle through the third button hole', 'Continue sewing in an X pattern until the button is secure.']","['Find a button', 'Tie knot on thread.']",Tie knot on thread.,1,0, A
10,88.46153846153845,"['Drive to fabric store', 'Purchase thread', 'Find matching button, or old button.', 'Take the cloth to be sewed', 'threading the needle', 'Poke a hole in the fabric', 'Pass the needle through the second button hole', 'Get back the needle through the third button hole', 'Continue sewing in an X pattern until the button is secure.', 'Tie knot on thread.']","['Get out needle, thread, button, and clothing item.', 'Take out the needle']",Take out the needle,1,0, A
11,92.3076923076923,"['Drive to fabric store', 'Purchase thread', 'Find matching button, or old button.', 'Take the cloth to be sewed', 'threading the needle', 'Poke a hole in the fabric', 'Pass the needle through the second button hole', 'Get back the needle through the third button hole', 'Continue sewing in an X pattern until the button is secure.', 'Tie knot on thread.', 'Take out the needle']","['measure and cut length of thread', 'Check the button']",Check the button,1,0, A
0,0.0,[],"['Get a thimble', 'Repeat through each button hole']",Get a thimble,0,0, A
1,26.923076923076923,['Get a thimble'],"['Use scissors to cut thread', 'Place item on flat surface']",Place item on flat surface,1,0, A
2,30.76923076923077,"['Get a thimble', 'Place item on flat surface']","['put button where other button was located', 'Sew button through fourth and final hole']",put button where other button was located,0,0, A
3,50.0,"['Get a thimble', 'Place item on flat surface', 'put button where other button was located']","['Place item on flat surface', 'Put needle and thread through shirt']",Put needle and thread through shirt,1,0, A
4,80.76923076923077,"['Get a thimble', 'Place item on flat surface', 'put button where other button was located', 'Put needle and thread through shirt']","['knot thread', 'Find button to be sewn']",knot thread,0,0, A
5,84.61538461538461,"['Get a thimble', 'Place item on flat surface', 'put button where other button was located', 'Put needle and thread through shirt', 'knot thread']","['Cut loose ends', 'Find button that matches others.']",Cut loose ends,0,0, A
0,0.0,[],"['take needle bring up through the back of the item', 'Drive to fabric store']",Drive to fabric store,1,0, A
1,19.230769230769237,['Drive to fabric store'],"['Find thread that matches', 'tie off the thread']",Find thread that matches,0,0, A
2,30.76923076923077,"['Drive to fabric store', 'Find thread that matches']","['Bring the needle up through another hole on button.', 'Put button on shirt.']",Put button on shirt.,1,0, A
3,42.30769230769231,"['Drive to fabric store', 'Find thread that matches', 'Put button on shirt.']","['measure and cut length of thread', 'Repeat to make loop and knot it.']",measure and cut length of thread,0,0, A
4,61.53846153846154,"['Drive to fabric store', 'Find thread that matches', 'Put button on shirt.', 'measure and cut length of thread']","['Starting from the bottom, poke needle through hole in button', 'Cut off remaining thread']","Starting from the bottom, poke needle through hole in button",0,0, A
5,76.92307692307693,"['Drive to fabric store', 'Find thread that matches', 'Put button on shirt.', 'measure and cut length of thread', 'Starting from the bottom, poke needle through hole in button']","['Select thread', 'Continue until the button is securely on the clothing']",Continue until the button is securely on the clothing,1,0, A
6,84.61538461538461,"['Drive to fabric store', 'Find thread that matches', 'Put button on shirt.', 'measure and cut length of thread', 'Starting from the bottom, poke needle through hole in button', 'Continue until the button is securely on the clothing']","['Thread needle', 'Snip excess thread off']",Snip excess thread off,1,0, A
7,88.46153846153845,"['Drive to fabric store', 'Find thread that matches', 'Put button on shirt.', 'measure and cut length of thread', 'Starting from the bottom, poke needle through hole in button', 'Continue until the button is securely on the clothing', 'Snip excess thread off']","['Get needle', 'put needle and thread away']",put needle and thread away,1,0, A
0,0.0,[],"['Slide button onto needle and thread.', 'Take out sewing kit.']",Take out sewing kit.,1,0, A
1,11.538461538461538,['Take out sewing kit.'],"['Sew through the holes of the button', 'Find a needle']",Find a needle,1,0, A
2,30.76923076923077,"['Take out sewing kit.', 'Find a needle']","['Knot thread', 'Place button where you want it.']",Place button where you want it.,1,0, A
3,50.0,"['Take out sewing kit.', 'Find a needle', 'Place button where you want it.']","['Cut excess thread', 'Poke hole with needle through button hole and fabric']",Poke hole with needle through button hole and fabric,1,0, A
4,80.76923076923077,"['Take out sewing kit.', 'Find a needle', 'Place button where you want it.', 'Poke hole with needle through button hole and fabric']","['GET SOME NEEDLE AND THREAD', 'Loop thread to create knot in thread.']",Loop thread to create knot in thread.,1,0, A
5,84.61538461538461,"['Take out sewing kit.', 'Find a needle', 'Place button where you want it.', 'Poke hole with needle through button hole and fabric', 'Loop thread to create knot in thread.']","['Starting from the bottom, poke needle through hole in button', 'Ending again in the back of the garment cut off the thread.']",Ending again in the back of the garment cut off the thread.,1,0, A
6,88.46153846153845,"['Take out sewing kit.', 'Find a needle', 'Place button where you want it.', 'Poke hole with needle through button hole and fabric', 'Loop thread to create knot in thread.', 'Ending again in the back of the garment cut off the thread.']","['Get sewing kit', 'put needle and thread away']",put needle and thread away,1,0, A
7,92.3076923076923,"['Take out sewing kit.', 'Find a needle', 'Place button where you want it.', 'Poke hole with needle through button hole and fabric', 'Loop thread to create knot in thread.', 'Ending again in the back of the garment cut off the thread.', 'put needle and thread away']","['Thread needle.', 'Check new button']",Check new button,1,0, A
0,0.0,[],"['get thread, needle, button to be sewn', 'Thread needle']","get thread, needle, button to be sewn",0,0, A
1,30.76923076923077,"['get thread, needle, button to be sewn']","['Place button on item', 'Pull needle out other side.']",Place button on item,0,0, A
2,50.0,"['get thread, needle, button to be sewn', 'Place button on item']","['Get out needle, thread, button, and clothing item.', 'Put the thread through the button and start threading']",Put the thread through the button and start threading,1,0, A
3,76.92307692307693,"['get thread, needle, button to be sewn', 'Place button on item', 'Put the thread through the button and start threading']","['Do this through all holes of button', 'Place item on flat surface']",Do this through all holes of button,0,0, A
0,0.0,[],"['Get scissors, needle, button and thread', 'Continue to push and pull needle through button holes until button is secure']","Get scissors, needle, button and thread",0,0, A
1,26.923076923076923,"['Get scissors, needle, button and thread']","['Lay down garment', 'Cut.']",Lay down garment,0,0, A
2,34.61538461538461,"['Get scissors, needle, button and thread', 'Lay down garment']","['Insert thread in needle', 'cut the thread']",Insert thread in needle,0,0, A
3,61.53846153846154,"['Get scissors, needle, button and thread', 'Lay down garment', 'Insert thread in needle']","['Push needle through hole', 'Lay down garment']",Push needle through hole,0,0, A
4,65.38461538461539,"['Get scissors, needle, button and thread', 'Lay down garment', 'Insert thread in needle', 'Push needle through hole']","['Thread needle with matching thread', 'Pass the needle through the second button hole']",Pass the needle through the second button hole,1,0, A
5,76.92307692307693,"['Get scissors, needle, button and thread', 'Lay down garment', 'Insert thread in needle', 'Push needle through hole', 'Pass the needle through the second button hole']","['Place button on item', 'Continue until button is secure']",Continue until button is secure,1,0, A
6,84.61538461538461,"['Get scissors, needle, button and thread', 'Lay down garment', 'Insert thread in needle', 'Push needle through hole', 'Pass the needle through the second button hole', 'Continue until button is secure']","['Cut excess thread', 'Pull thread through']",Cut excess thread,0,0, A
7,88.46153846153845,"['Get scissors, needle, button and thread', 'Lay down garment', 'Insert thread in needle', 'Push needle through hole', 'Pass the needle through the second button hole', 'Continue until button is secure', 'Cut excess thread']","['Find a button.', 'Take out the needle']",Take out the needle,1,0, A
0,0.0,[],"['Drive to fabric store', 'Place button on fabric and hold with thumb and index finger']",Drive to fabric store,0,0, A
1,19.230769230769237,['Drive to fabric store'],"['cut thread so that need will detach', 'Get the thread']",Get the thread,1,0, A
2,26.923076923076923,"['Drive to fabric store', 'Get the thread']","['repeat the same way', 'Get clothes']",Get clothes,1,0, A
3,34.61538461538461,"['Drive to fabric store', 'Get the thread', 'Get clothes']","['Thread needle.', 'Make a knot in fabric with thread behind the button']",Thread needle.,0,0, A
4,50.0,"['Drive to fabric store', 'Get the thread', 'Get clothes', 'Thread needle.']","['Take thread from sewing kit', 'Put needle through button and shirt']",Put needle through button and shirt,1,0, A
5,61.53846153846154,"['Drive to fabric store', 'Get the thread', 'Get clothes', 'Thread needle.', 'Put needle through button and shirt']","['Push needle through first hole', 'Get a sewing needle.']",Push needle through first hole,0,0, A
6,65.38461538461539,"['Drive to fabric store', 'Get the thread', 'Get clothes', 'Thread needle.', 'Put needle through button and shirt', 'Push needle through first hole']","['Push needle through other hole of button and through clothes', 'Find sewing kit.']",Push needle through other hole of button and through clothes,0,0, A
7,69.23076923076923,"['Drive to fabric store', 'Get the thread', 'Get clothes', 'Thread needle.', 'Put needle through button and shirt', 'Push needle through first hole', 'Push needle through other hole of button and through clothes']","['Put needle in other button hole.', 'Put thread through a needle.']",Put needle in other button hole.,0,0, A
0,0.0,[],"['insert needle through cloth', 'Get scissors, needle, button and thread']","Get scissors, needle, button and thread",1,0, A
1,26.923076923076923,"['Get scissors, needle, button and thread']","['Get a piece of clothing.', 'Cut the thread.']",Get a piece of clothing.,0,0, A
2,46.15384615384615,"['Get scissors, needle, button and thread', 'Get a piece of clothing.']","['Push needle through fabric and button hole', 'Pull needle and thread']",Push needle through fabric and button hole,0,0, A
0,0.0,[],"['Find sewing kit.', 'Tie off the end of the thread']",Find sewing kit.,0,0, A
1,11.538461538461538,['Find sewing kit.'],"['Get needle', 'Cut thread']",Get needle,0,0, A
2,30.76923076923077,"['Find sewing kit.', 'Get needle']","['place button on cloth where it needs to go', 'Make knot between thread and clothing.']",place button on cloth where it needs to go,0,0, A
3,53.84615384615385,"['Find sewing kit.', 'Get needle', 'place button on cloth where it needs to go']","['Select thread', 'Pull it back out the other hole']",Pull it back out the other hole,1,0, A
4,57.692307692307686,"['Find sewing kit.', 'Get needle', 'place button on cloth where it needs to go', 'Pull it back out the other hole']","['Make a knot on last pass', 'Place needle through clothing.']",Place needle through clothing.,1,0, A
5,76.92307692307693,"['Find sewing kit.', 'Get needle', 'place button on cloth where it needs to go', 'Pull it back out the other hole', 'Place needle through clothing.']","['Repeat 4 or 5 times', 'Put thread end through eye of needle']",Repeat 4 or 5 times,0,0, A
6,84.61538461538461,"['Find sewing kit.', 'Get needle', 'place button on cloth where it needs to go', 'Pull it back out the other hole', 'Place needle through clothing.', 'Repeat 4 or 5 times']","['Cut length of thread', 'Cut off remaining thread']",Cut off remaining thread,1,0, A
7,88.46153846153845,"['Find sewing kit.', 'Get needle', 'place button on cloth where it needs to go', 'Pull it back out the other hole', 'Place needle through clothing.', 'Repeat 4 or 5 times', 'Cut off remaining thread']","['put needle and thread away', 'Place item on flat surface']",put needle and thread away,0,0, A
8,92.3076923076923,"['Find sewing kit.', 'Get needle', 'place button on cloth where it needs to go', 'Pull it back out the other hole', 'Place needle through clothing.', 'Repeat 4 or 5 times', 'Cut off remaining thread', 'put needle and thread away']","['Check new button', 'thread a needle']",Check new button,0,0, A
0,0.0,[],"['Grab the fabric and button', 'Tie end in a knot']",Grab the fabric and button,0,0, A
1,26.923076923076923,['Grab the fabric and button'],"['Hold shirt with non-dominant hand', 'put needle into adjoining hole']",Hold shirt with non-dominant hand,0,0, A
2,34.61538461538461,"['Grab the fabric and button', 'Hold shirt with non-dominant hand']","['Thread needle', 'Cut off remaining thread']",Thread needle,0,0, A
3,42.30769230769231,"['Grab the fabric and button', 'Hold shirt with non-dominant hand', 'Thread needle']","['Cut length of thread', 'Cut off end from needle']",Cut length of thread,0,0, A
4,46.15384615384615,"['Grab the fabric and button', 'Hold shirt with non-dominant hand', 'Thread needle', 'Cut length of thread']","['Take thread from sewing kit', 'Sew on']",Sew on,1,0, A
5,88.46153846153845,"['Grab the fabric and button', 'Hold shirt with non-dominant hand', 'Thread needle', 'Cut length of thread', 'Sew on']","['Take out the needle', 'Find thread and needle.']",Take out the needle,0,0, A
6,92.3076923076923,"['Grab the fabric and button', 'Hold shirt with non-dominant hand', 'Thread needle', 'Cut length of thread', 'Sew on', 'Take out the needle']","['Grab the garment that you would like to sew the button to.', 'Check new button']",Check new button,1,0, A
0,0.0,[],"['cut thread', 'Drive to fabric store']",Drive to fabric store,1,0, A
1,19.230769230769237,['Drive to fabric store'],"['Get some thread.', 'Cut loose ends.']",Get some thread.,0,0, A
2,34.61538461538461,"['Drive to fabric store', 'Get some thread.']","[""pass needle and thread back through another of the button's needle holes"", 'slide thread through hole']",slide thread through hole,1,0, A
3,88.46153846153845,"['Drive to fabric store', 'Get some thread.', 'slide thread through hole']","['Clean up.', 'pull the needle through']",Clean up.,0,0, A
0,0.0,[],"['Get sewing kit', 'Continue until button is secure']",Get sewing kit,0,0, A
1,23.07692307692308,['Get sewing kit'],"['Bring the needle up through another hole on button.', 'Purchase buttons']",Purchase buttons,1,0, A
2,30.76923076923077,"['Get sewing kit', 'Purchase buttons']","['Place button where you want it.', 'Tie off thread']",Place button where you want it.,0,0, A
3,50.0,"['Get sewing kit', 'Purchase buttons', 'Place button where you want it.']","['Put needle through one hole', 'get thread and needle']",Put needle through one hole,0,0, A
4,61.53846153846154,"['Get sewing kit', 'Purchase buttons', 'Place button where you want it.', 'Put needle through one hole']","['Get thread', 'Insert needle through one side of button']",Insert needle through one side of button,1,0, A
5,80.76923076923077,"['Get sewing kit', 'Purchase buttons', 'Place button where you want it.', 'Put needle through one hole', 'Insert needle through one side of button']","['knot thread', ""Insert the thread into the eye of the needle and tie a knot so it's attached.""]",knot thread,0,0, A
6,84.61538461538461,"['Get sewing kit', 'Purchase buttons', 'Place button where you want it.', 'Put needle through one hole', 'Insert needle through one side of button', 'knot thread']","['Cut loose ends', 'Place the thread through the needle']",Cut loose ends,0,0, A
0,0.0,[],"['Find sewing kit.', ""Make sure it's secure""]",Find sewing kit.,0,0, A
1,11.538461538461538,['Find sewing kit.'],"['Use needle to go through button holes', 'Select needle']",Select needle,1,0, A
2,15.384615384615383,"['Find sewing kit.', 'Select needle']","['cut thread so that need will detach', 'Find matching thread']",Find matching thread,1,0, A
3,30.76923076923077,"['Find sewing kit.', 'Select needle', 'Find matching thread']","['cut loose thread', 'Put the button in the correct spot.']",Put the button in the correct spot.,1,0, A
4,50.0,"['Find sewing kit.', 'Select needle', 'Find matching thread', 'Put the button in the correct spot.']","['Get a needle and thread.', 'Put needle and thread through shirt']",Put needle and thread through shirt,1,0, A
5,76.92307692307693,"['Find sewing kit.', 'Select needle', 'Find matching thread', 'Put the button in the correct spot.', 'Put needle and thread through shirt']","['Continue until the button is securely on the clothing', 'find the needle']",Continue until the button is securely on the clothing,0,0, A
0,0.0,[],"['Drive to fabric store', 'Put everything away.']",Drive to fabric store,0,0, A
1,19.230769230769237,['Drive to fabric store'],"['gathering thread', 'Apply button by driving needle through button']",gathering thread,0,0, A
2,34.61538461538461,"['Drive to fabric store', 'gathering thread']","['Put thread in needle', 'Tie off the thread']",Put thread in needle,0,0, A
3,50.0,"['Drive to fabric store', 'gathering thread', 'Put thread in needle']","['Cut.', 'Poke a hole in the fabric']",Poke a hole in the fabric,1,0, A
4,76.92307692307693,"['Drive to fabric store', 'gathering thread', 'Put thread in needle', 'Poke a hole in the fabric']","['repeat', 'grab a needle and string']",repeat,0,0, A
5,84.61538461538461,"['Drive to fabric store', 'gathering thread', 'Put thread in needle', 'Poke a hole in the fabric', 'repeat']","['Cut thread', 'Make a knot at end']",Cut thread,0,0, A
0,0.0,[],"['Cut the excess thread', 'Grab the fabric and button']",Grab the fabric and button,1,0, A
1,26.923076923076923,['Grab the fabric and button'],"['When button is securely in place tie knot in thread at back of garment', 'Place item on flat surface']",Place item on flat surface,1,0, A
2,30.76923076923077,"['Grab the fabric and button', 'Place item on flat surface']","['Place the button in the right spot', 'Tie off the thread on the underside of the garment']",Place the button in the right spot,0,0, A
3,46.15384615384615,"['Grab the fabric and button', 'Place item on flat surface', 'Place the button in the right spot']","['Sew on', 'Get thread']",Sew on,0,0, A
4,53.84615384615385,"['Grab the fabric and button', 'Place item on flat surface', 'Place the button in the right spot', 'Sew on']","['pass needle through needle hole in button', 'Get a button.']",pass needle through needle hole in button,0,0, A
5,61.53846153846154,"['Grab the fabric and button', 'Place item on flat surface', 'Place the button in the right spot', 'Sew on', 'pass needle through needle hole in button']","['Cut off the extra thread', 'take needle bring up through the back of the item']",take needle bring up through the back of the item,1,0, A
6,65.38461538461539,"['Grab the fabric and button', 'Place item on flat surface', 'Place the button in the right spot', 'Sew on', 'pass needle through needle hole in button', 'take needle bring up through the back of the item']","['attach button', 'Pull needle and thread']",Pull needle and thread,1,0, A
7,76.92307692307693,"['Grab the fabric and button', 'Place item on flat surface', 'Place the button in the right spot', 'Sew on', 'pass needle through needle hole in button', 'take needle bring up through the back of the item', 'Pull needle and thread']","['repeat 6 more times', 'Put the button in the correct spot.']",repeat 6 more times,0,0, A
0,0.0,[],"['Thread the needle and tie a knot at end of thread.', 'Drive to fabric store']",Drive to fabric store,1,0, A
1,19.230769230769237,['Drive to fabric store'],"['Get thread', 'Cut thread.']",Get thread,0,0, A
2,23.07692307692308,"['Drive to fabric store', 'Get thread']","['Find an extra button', 'put needle and thread away']",Find an extra button,0,0, A
3,38.46153846153847,"['Drive to fabric store', 'Get thread', 'Find an extra button']","['Get a sewing needle.', 'Tie knot']",Tie knot,1,0, A
4,46.15384615384615,"['Drive to fabric store', 'Get thread', 'Find an extra button', 'Tie knot']","['Proceed to insert needle into button holes and through clothing/ item until securely sewn', 'grab a needle and string']",Proceed to insert needle into button holes and through clothing/ item until securely sewn,0,0, A
0,0.0,[],"['Take out sewing kit.', 'Cut.']",Take out sewing kit.,0,0, A
1,34.61538461538461,['Take out sewing kit.'],"['Make a knot in fabric with thread behind the button', 'Thread sewing needle with chosen thread.']",Thread sewing needle with chosen thread.,1,0, A
2,42.30769230769231,"['Take out sewing kit.', 'Thread sewing needle with chosen thread.']","['Cut length of thread', 'Tie the thread round in between the garment and button']",Cut length of thread,0,0, A
3,61.53846153846154,"['Take out sewing kit.', 'Thread sewing needle with chosen thread.', 'Cut length of thread']","['Pull thread through', 'Cut.']",Pull thread through,0,0, A
4,80.76923076923077,"['Take out sewing kit.', 'Thread sewing needle with chosen thread.', 'Cut length of thread', 'Pull thread through']","['Place the button on the cloth', 'when done tie the end properly']",when done tie the end properly,1,0, A
5,88.46153846153845,"['Take out sewing kit.', 'Thread sewing needle with chosen thread.', 'Cut length of thread', 'Pull thread through', 'when done tie the end properly']","['Put all the items away', 'Tie knot in end of thread']",Put all the items away,0,0, A
6,92.3076923076923,"['Take out sewing kit.', 'Thread sewing needle with chosen thread.', 'Cut length of thread', 'Pull thread through', 'when done tie the end properly', 'Put all the items away']","['Thread needle.', 'Check new button']",Check new button,1,0, A
0,0.0,[],"['Grab the fabric and button', 'thread needle']",Grab the fabric and button,0,0, A
1,26.923076923076923,['Grab the fabric and button'],"['Get item that needs a button', 'Insert needle through other side of button on back side']",Get item that needs a button,0,0, A
2,50.0,"['Grab the fabric and button', 'Get item that needs a button']","['Gather supplies', 'Push needle through back of clothes and through hole of button']",Push needle through back of clothes and through hole of button,1,0, A
3,65.38461538461539,"['Grab the fabric and button', 'Get item that needs a button', 'Push needle through back of clothes and through hole of button']","['Slide button onto needle and thread.', 'thread the needle']",Slide button onto needle and thread.,0,0, A
4,69.23076923076923,"['Grab the fabric and button', 'Get item that needs a button', 'Push needle through back of clothes and through hole of button', 'Slide button onto needle and thread.']","['Find a button', 'Put needle in other button hole.']",Put needle in other button hole.,1,0, A
5,73.07692307692307,"['Grab the fabric and button', 'Get item that needs a button', 'Push needle through back of clothes and through hole of button', 'Slide button onto needle and thread.', 'Put needle in other button hole.']","['Thread the needle', 'Sew button through fourth and final hole']",Sew button through fourth and final hole,1,0, A
6,84.61538461538461,"['Grab the fabric and button', 'Get item that needs a button', 'Push needle through back of clothes and through hole of button', 'Slide button onto needle and thread.', 'Put needle in other button hole.', 'Sew button through fourth and final hole']","['get some thread', 'Cut off excess thread']",Cut off excess thread,1,0, A
0,0.0,[],"['Get scissors, needle, button and thread', 'thread the needle']","Get scissors, needle, button and thread",0,0, A
1,26.923076923076923,"['Get scissors, needle, button and thread']","['Cut off end from needle', 'Place item on flat surface']",Place item on flat surface,1,0, A
2,34.61538461538461,"['Get scissors, needle, button and thread', 'Place item on flat surface']","['Drive to fabric store', 'Thread the needle']",Thread the needle,1,0, A
3,42.30769230769231,"['Get scissors, needle, button and thread', 'Place item on flat surface', 'Thread the needle']","['Cut thread string to how much is needed', 'Tie knot.']",Cut thread string to how much is needed,0,0, A
4,61.53846153846154,"['Get scissors, needle, button and thread', 'Place item on flat surface', 'Thread the needle', 'Cut thread string to how much is needed']","['Insert needle through one side of button', 'Get sewing kit']",Insert needle through one side of button,0,0, A
5,76.92307692307693,"['Get scissors, needle, button and thread', 'Place item on flat surface', 'Thread the needle', 'Cut thread string to how much is needed', 'Insert needle through one side of button']","['Repeat until button is secure', 'Get the thread']",Repeat until button is secure,0,0, A
6,84.61538461538461,"['Get scissors, needle, button and thread', 'Place item on flat surface', 'Thread the needle', 'Cut thread string to how much is needed', 'Insert needle through one side of button', 'Repeat until button is secure']","['Place button where desired', 'cut thread']",cut thread,1,0, A
7,88.46153846153845,"['Get scissors, needle, button and thread', 'Place item on flat surface', 'Thread the needle', 'Cut thread string to how much is needed', 'Insert needle through one side of button', 'Repeat until button is secure', 'cut thread']","['put back all the materials', 'Find right color string']",put back all the materials,0,0, A
8,92.3076923076923,"['Get scissors, needle, button and thread', 'Place item on flat surface', 'Thread the needle', 'Cut thread string to how much is needed', 'Insert needle through one side of button', 'Repeat until button is secure', 'cut thread', 'put back all the materials']","['Thread the needle and tie a knot at end of thread.', 'Check if the button is tight']",Check if the button is tight,1,0, A
0,0.0,[],"['Take out sewing kit.', 'put the needle into the fabric']",Take out sewing kit.,0,0, A
1,11.538461538461538,['Take out sewing kit.'],"['Take a needle', 'Put needle in other button hole.']",Take a needle,0,0, A
2,34.61538461538461,"['Take out sewing kit.', 'Take a needle']","['Thread the needle', 'Cut off excess thread']",Thread the needle,0,0, A
3,38.46153846153847,"['Take out sewing kit.', 'Take a needle', 'Thread the needle']","['Put the needle thorough the back of the button hole.', 'knot thread']",knot thread,1,0, A
4,42.30769230769231,"['Take out sewing kit.', 'Take a needle', 'Thread the needle', 'knot thread']","['Cut length of thread', 'Clean up.']",Cut length of thread,0,0, A
5,46.15384615384615,"['Take out sewing kit.', 'Take a needle', 'Thread the needle', 'knot thread', 'Cut length of thread']","['Get button', 'Stick needle through hole and secure with thread']",Stick needle through hole and secure with thread,1,0, A
6,50.0,"['Take out sewing kit.', 'Take a needle', 'Thread the needle', 'knot thread', 'Cut length of thread', 'Stick needle through hole and secure with thread']","['Put the needle and thread away', 'Poke a hole in the fabric']",Poke a hole in the fabric,1,0, A
7,53.84615384615385,"['Take out sewing kit.', 'Take a needle', 'Thread the needle', 'knot thread', 'Cut length of thread', 'Stick needle through hole and secure with thread', 'Poke a hole in the fabric']","['Get thread.', 'repeat the same way']",repeat the same way,1,0, A
8,80.76923076923077,"['Take out sewing kit.', 'Take a needle', 'Thread the needle', 'knot thread', 'Cut length of thread', 'Stick needle through hole and secure with thread', 'Poke a hole in the fabric', 'repeat the same way']","['Tie the end with a knot.', 'Thread the needle']",Tie the end with a knot.,0,0, A
0,0.0,[],"['pull thread forward', 'Take out sewing kit']",Take out sewing kit,1,0, A
1,23.07692307692308,['Take out sewing kit'],"['Get the button.', 'Pass needle through shirt and button holes']",Get the button.,0,0, A
2,38.46153846153847,"['Take out sewing kit', 'Get the button.']","['Tie knot in end of thread', 'cut the thread when finished']",Tie knot in end of thread,0,0, A
3,42.30769230769231,"['Take out sewing kit', 'Get the button.', 'Tie knot in end of thread']","['Cut about 16 inches worth of thread.', 'Find a needle']",Cut about 16 inches worth of thread.,0,0, A
4,61.53846153846154,"['Take out sewing kit', 'Get the button.', 'Tie knot in end of thread', 'Cut about 16 inches worth of thread.']","['Insert needle through one side of button', 'Get needle and thread']",Insert needle through one side of button,0,0, A
5,80.76923076923077,"['Take out sewing kit', 'Get the button.', 'Tie knot in end of thread', 'Cut about 16 inches worth of thread.', 'Insert needle through one side of button']","['Tie off the end of the thread', 'Get a needle']",Tie off the end of the thread,0,0, A
0,0.0,[],"['get thread, needle, button to be sewn', 'insert needle through cloth']","get thread, needle, button to be sewn",0,0, A
1,26.923076923076923,"['get thread, needle, button to be sewn']","['Get back the needle through the third button hole', 'Pick up shirt missing button.']",Pick up shirt missing button.,1,0, A
2,50.0,"['get thread, needle, button to be sewn', 'Pick up shirt missing button.']","['carefully cut off old button if exists', 'Poke hole with needle through button hole and fabric']",Poke hole with needle through button hole and fabric,1,0, A
3,61.53846153846154,"['get thread, needle, button to be sewn', 'Pick up shirt missing button.', 'Poke hole with needle through button hole and fabric']","['Cut off excess thread', 'Starting from the bottom, poke needle through hole in button']","Starting from the bottom, poke needle through hole in button",1,0, A
4,80.76923076923077,"['get thread, needle, button to be sewn', 'Pick up shirt missing button.', 'Poke hole with needle through button hole and fabric', 'Starting from the bottom, poke needle through hole in button']","['Tie off thread', 'Take out thread and needle']",Tie off thread,0,0, A
0,0.0,[],"['Drive to fabric store', 'take the cloth to be sewed']",Drive to fabric store,0,0, A
1,19.230769230769237,['Drive to fabric store'],"['Cut excess thread', 'Take thread from sewing kit']",Take thread from sewing kit,1,0, A
2,26.923076923076923,"['Drive to fabric store', 'Take thread from sewing kit']","['Take shirt', 'Cut loose ends']",Take shirt,0,0, A
3,46.15384615384615,"['Drive to fabric store', 'Take thread from sewing kit', 'Take shirt']","['Sew button into place', 'Push needle down through other button on hole']",Sew button into place,0,0, A
4,84.61538461538461,"['Drive to fabric store', 'Take thread from sewing kit', 'Take shirt', 'Sew button into place']","['Thread a needle with thread that matches shirt that needs a new button.', 'Cut off remaining thread']",Cut off remaining thread,1,0, A
0,0.0,[],"['Place button on desired spot on shirt.', 'Get the sewing kit.']",Get the sewing kit.,1,0, A
1,23.07692307692308,['Get the sewing kit.'],"['cut remaining thread away', 'gather button']",gather button,1,0, A
2,38.46153846153847,"['Get the sewing kit.', 'gather button']","['Tie off thread', 'Tie knot in thread.']",Tie knot in thread.,1,0, A
3,61.53846153846154,"['Get the sewing kit.', 'gather button', 'Tie knot in thread.']","['Starting from the bottom, poke needle through hole in button', 'Get the item of clothing the button is to go on']","Starting from the bottom, poke needle through hole in button",0,0, A
4,65.38461538461539,"['Get the sewing kit.', 'gather button', 'Tie knot in thread.', 'Starting from the bottom, poke needle through hole in button']","['pull needle through to knot', 'take the cloth to be sewed']",pull needle through to knot,0,0, A
5,76.92307692307693,"['Get the sewing kit.', 'gather button', 'Tie knot in thread.', 'Starting from the bottom, poke needle through hole in button', 'pull needle through to knot']","['Keep sewing until the button is secure.', 'Tie a knot at the end of thread']",Keep sewing until the button is secure.,0,0, A
6,84.61538461538461,"['Get the sewing kit.', 'gather button', 'Tie knot in thread.', 'Starting from the bottom, poke needle through hole in button', 'pull needle through to knot', 'Keep sewing until the button is secure.']","['Cut off excess thread', 'Thread the needle and tie a knot at end of thread.']",Cut off excess thread,0,0, A
7,88.46153846153845,"['Get the sewing kit.', 'gather button', 'Tie knot in thread.', 'Starting from the bottom, poke needle through hole in button', 'pull needle through to knot', 'Keep sewing until the button is secure.', 'Cut off excess thread']","['Pull it back out the other hole', 'put items away when done']",put items away when done,1,0, A
0,0.0,[],"['Place button onto item of clothing', 'Drive to fabric store']",Drive to fabric store,1,0, A
1,19.230769230769237,['Drive to fabric store'],"['Get the proper colored thread', ""Make 4 x's in button.""]",Get the proper colored thread,0,0, A
2,23.07692307692308,"['Drive to fabric store', 'Get the proper colored thread']","['Select a button', 'Insert needle through other side of button on back side']",Select a button,0,0, A
3,26.923076923076923,"['Drive to fabric store', 'Get the proper colored thread', 'Select a button']","['Put away thread and needle', 'carefully cut off old button if exists']",carefully cut off old button if exists,1,0, A
4,30.76923076923077,"['Drive to fabric store', 'Get the proper colored thread', 'Select a button', 'carefully cut off old button if exists']","['Mark on clothing where button is to go', 'Pull needle and thread']",Mark on clothing where button is to go,0,0, A
5,61.53846153846154,"['Drive to fabric store', 'Get the proper colored thread', 'Select a button', 'carefully cut off old button if exists', 'Mark on clothing where button is to go']","['Get clothes', 'Put needle into one button hole through shirt.']",Put needle into one button hole through shirt.,1,0, A
6,65.38461538461539,"['Drive to fabric store', 'Get the proper colored thread', 'Select a button', 'carefully cut off old button if exists', 'Mark on clothing where button is to go', 'Put needle into one button hole through shirt.']","['Put the needle thorough the back of the button hole.', 'Position needle with thread']",Put the needle thorough the back of the button hole.,0,0, A
7,76.92307692307693,"['Drive to fabric store', 'Get the proper colored thread', 'Select a button', 'carefully cut off old button if exists', 'Mark on clothing where button is to go', 'Put needle into one button hole through shirt.', 'Put the needle thorough the back of the button hole.']","['Continue until the button is securely on the clothing', 'Find a matching button']",Continue until the button is securely on the clothing,0,0, A
8,84.61538461538461,"['Drive to fabric store', 'Get the proper colored thread', 'Select a button', 'carefully cut off old button if exists', 'Mark on clothing where button is to go', 'Put needle into one button hole through shirt.', 'Put the needle thorough the back of the button hole.', 'Continue until the button is securely on the clothing']","['Tie knot in end of thread', 'Cut the thread near the needle to finish']",Cut the thread near the needle to finish,1,0, A
9,88.46153846153845,"['Drive to fabric store', 'Get the proper colored thread', 'Select a button', 'carefully cut off old button if exists', 'Mark on clothing where button is to go', 'Put needle into one button hole through shirt.', 'Put the needle thorough the back of the button hole.', 'Continue until the button is securely on the clothing', 'Cut the thread near the needle to finish']","['Place the button in the right spot', 'PUT NEEDLE AND THREAD AWAY']",PUT NEEDLE AND THREAD AWAY,1,0, A
10,92.3076923076923,"['Drive to fabric store', 'Get the proper colored thread', 'Select a button', 'carefully cut off old button if exists', 'Mark on clothing where button is to go', 'Put needle into one button hole through shirt.', 'Put the needle thorough the back of the button hole.', 'Continue until the button is securely on the clothing', 'Cut the thread near the needle to finish', 'PUT NEEDLE AND THREAD AWAY']","['Check the button', 'Sew the button']",Check the button,0,0, A
0,0.0,[],"['Drive to fabric store', 'Cut thread string to how much is needed']",Drive to fabric store,0,0, A
1,19.230769230769237,['Drive to fabric store'],"['Repeat this until the button is secure', 'Get some thread.']",Get some thread.,1,0, A
2,23.07692307692308,"['Drive to fabric store', 'Get some thread.']","['Take button.', 'When button is securely in place tie knot in thread at back of garment']",Take button.,0,0, A
3,38.46153846153847,"['Drive to fabric store', 'Get some thread.', 'Take button.']","['Repeat for remaining holes', 'tie knot at end of thread']",tie knot at end of thread,1,0, A
4,61.53846153846154,"['Drive to fabric store', 'Get some thread.', 'Take button.', 'tie knot at end of thread']","['Cut loose ends', 'Put needle into one button hole through shirt.']",Put needle into one button hole through shirt.,1,0, A
5,76.92307692307693,"['Drive to fabric store', 'Get some thread.', 'Take button.', 'tie knot at end of thread', 'Put needle into one button hole through shirt.']","['Repeat several times until button is attached solidly to the fabric.', 'attach button']",Repeat several times until button is attached solidly to the fabric.,0,0, A
6,80.76923076923077,"['Drive to fabric store', 'Get some thread.', 'Take button.', 'tie knot at end of thread', 'Put needle into one button hole through shirt.', 'Repeat several times until button is attached solidly to the fabric.']","['Find button replacement', 'tug to make sure it is secure']",tug to make sure it is secure,1,0, A
0,0.0,[],"['Get scissors, needle, button and thread', 'Thread needle.']","Get scissors, needle, button and thread",0,0, A
1,26.923076923076923,"['Get scissors, needle, button and thread']","['Cut the thread', 'Get item that needs a button']",Get item that needs a button,1,0, A
2,46.15384615384615,"['Get scissors, needle, button and thread', 'Get item that needs a button']","['Drive to fabric store', 'Sew button into place']",Sew button into place,1,0, A
3,84.61538461538461,"['Get scissors, needle, button and thread', 'Get item that needs a button', 'Sew button into place']","['Cut the thread', 'Place button on item']",Cut the thread,0,0, A
4,88.46153846153845,"['Get scissors, needle, button and thread', 'Get item that needs a button', 'Sew button into place', 'Cut the thread']","['PUT NEEDLE AND THREAD AWAY', 'Insert the thread through the button']",PUT NEEDLE AND THREAD AWAY,0,0, A
5,92.3076923076923,"['Get scissors, needle, button and thread', 'Get item that needs a button', 'Sew button into place', 'Cut the thread', 'PUT NEEDLE AND THREAD AWAY']","['Cut about 16 inches worth of thread.', 'MAKE SURE BUTTON IS SECURE']",MAKE SURE BUTTON IS SECURE,1,0, A
0,0.0,[],"['Find sewing kit.', 'Use scissors to cut thread']",Find sewing kit.,0,0, A
1,19.230769230769237,['Find sewing kit.'],"['Get thread.', 'Repeat through each button hole']",Get thread.,0,0, A
2,30.76923076923077,"['Find sewing kit.', 'Get thread.']","['Line the button up in the place where the old one would have been', 'Tie off finishing knot']",Line the button up in the place where the old one would have been,0,0, A
3,50.0,"['Find sewing kit.', 'Get thread.', 'Line the button up in the place where the old one would have been']","['Starting on inside of garment, push through with needle.', 'Get out sewing kit']","Starting on inside of garment, push through with needle.",0,0, A
4,53.84615384615385,"['Find sewing kit.', 'Get thread.', 'Line the button up in the place where the old one would have been', 'Starting on inside of garment, push through with needle.']","['Check new button', 'repeat the same way']",repeat the same way,1,0, A
5,57.692307692307686,"['Find sewing kit.', 'Get thread.', 'Line the button up in the place where the old one would have been', 'Starting on inside of garment, push through with needle.', 'repeat the same way']","['Insert the needle back into the garment from the top of the button', 'Get needle']",Insert the needle back into the garment from the top of the button,0,0, A
6,76.92307692307693,"['Find sewing kit.', 'Get thread.', 'Line the button up in the place where the old one would have been', 'Starting on inside of garment, push through with needle.', 'repeat the same way', 'Insert the needle back into the garment from the top of the button']","['Repeat the inserting as above for about 10 times', 'place button on cloth where it needs to go']",Repeat the inserting as above for about 10 times,0,0, A
7,80.76923076923077,"['Find sewing kit.', 'Get thread.', 'Line the button up in the place where the old one would have been', 'Starting on inside of garment, push through with needle.', 'repeat the same way', 'Insert the needle back into the garment from the top of the button', 'Repeat the inserting as above for about 10 times']","['Purchase thread', 'Make a knot on last pass']",Make a knot on last pass,1,0, A
8,88.46153846153845,"['Find sewing kit.', 'Get thread.', 'Line the button up in the place where the old one would have been', 'Starting on inside of garment, push through with needle.', 'repeat the same way', 'Insert the needle back into the garment from the top of the button', 'Repeat the inserting as above for about 10 times', 'Make a knot on last pass']","['With other hand, push needle through button hole', 'Clean up.']",Clean up.,1,0, A
9,92.3076923076923,"['Find sewing kit.', 'Get thread.', 'Line the button up in the place where the old one would have been', 'Starting on inside of garment, push through with needle.', 'repeat the same way', 'Insert the needle back into the garment from the top of the button', 'Repeat the inserting as above for about 10 times', 'Make a knot on last pass', 'Clean up.']","['Cut length of thread', 'Check the button']",Check the button,1,0, A
0,0.0,[],"['Find sewing kit.', 'Tie off the thread']",Find sewing kit.,0,0, A
1,11.538461538461538,['Find sewing kit.'],"['Get a sewing needle.', 'Pull til it stops at the knot, push through fabric and another button hole']",Get a sewing needle.,0,0, A
2,19.230769230769237,"['Find sewing kit.', 'Get a sewing needle.']","['Find thread', 'Pull through']",Find thread,0,0, A
3,23.07692307692308,"['Find sewing kit.', 'Get a sewing needle.', 'Find thread']","['Get button', 'Start sewing']",Get button,0,0, A
4,50.0,"['Find sewing kit.', 'Get a sewing needle.', 'Find thread', 'Get button']","['Insert the thread through the button', 'Find sewing kit']",Insert the thread through the button,0,0, A
5,53.84615384615385,"['Find sewing kit.', 'Get a sewing needle.', 'Find thread', 'Get button', 'Insert the thread through the button']","['find a button', 'pass needle through needle hole in button']",pass needle through needle hole in button,1,0, A
6,76.92307692307693,"['Find sewing kit.', 'Get a sewing needle.', 'Find thread', 'Get button', 'Insert the thread through the button', 'pass needle through needle hole in button']","['Repeat this until the button is secure', 'Get a shirt.']",Repeat this until the button is secure,0,0, A
7,84.61538461538461,"['Find sewing kit.', 'Get a sewing needle.', 'Find thread', 'Get button', 'Insert the thread through the button', 'pass needle through needle hole in button', 'Repeat this until the button is secure']","['Pick a needle', 'Cut thread']",Cut thread,1,0, A
8,88.46153846153845,"['Find sewing kit.', 'Get a sewing needle.', 'Find thread', 'Get button', 'Insert the thread through the button', 'pass needle through needle hole in button', 'Repeat this until the button is secure', 'Cut thread']","['Take the cloth to be sewed', 'Clean up.']",Clean up.,1,0, A
0,0.0,[],"['Get supplies - shirt, new button, thread, needle', 'Cut off excess thread']","Get supplies - shirt, new button, thread, needle",0,0, A
1,26.923076923076923,"['Get supplies - shirt, new button, thread, needle']","['Repeat this until the button is secure', 'grab object the button is being sewed']",grab object the button is being sewed,1,0, A
2,34.61538461538461,"['Get supplies - shirt, new button, thread, needle', 'grab object the button is being sewed']","['attach string to needle', 'Pull through']",attach string to needle,0,0, A
3,42.30769230769231,"['Get supplies - shirt, new button, thread, needle', 'grab object the button is being sewed', 'attach string to needle']","['Slide button onto needle and thread.', 'Cut away any loose threads.']",Cut away any loose threads.,1,0, A
4,61.53846153846154,"['Get supplies - shirt, new button, thread, needle', 'grab object the button is being sewed', 'attach string to needle', 'Cut away any loose threads.']","['Grab thread and needle', 'push the needle through the button']",push the needle through the button,1,0, A
5,80.76923076923077,"['Get supplies - shirt, new button, thread, needle', 'grab object the button is being sewed', 'attach string to needle', 'Cut away any loose threads.', 'push the needle through the button']","['tie off the thread', 'thread needle']",tie off the thread,0,0, A
0,0.0,[],"['Take out sewing kit.', 'tie knot at end of thread']",Take out sewing kit.,0,0, A
1,34.61538461538461,['Take out sewing kit.'],"['Tie the thread so the button will not come loose', 'threading a needle with thread']",threading a needle with thread,1,0, A
2,53.84615384615385,"['Take out sewing kit.', 'threading a needle with thread']","['find the button', 'With other hand, push needle through button hole']","With other hand, push needle through button hole",1,0, A
3,61.53846153846154,"['Take out sewing kit.', 'threading a needle with thread', 'With other hand, push needle through button hole']","['Pull thread through', 'Cut thread']",Pull thread through,0,0, A
4,65.38461538461539,"['Take out sewing kit.', 'threading a needle with thread', 'With other hand, push needle through button hole', 'Pull thread through']","['Put the needle thorough the back of the button hole.', 'Place button in desired position']",Put the needle thorough the back of the button hole.,0,0, A
5,76.92307692307693,"['Take out sewing kit.', 'threading a needle with thread', 'With other hand, push needle through button hole', 'Pull thread through', 'Put the needle thorough the back of the button hole.']","['Repeat 4 or 5 times', 'Stick the head through the needle eye']",Repeat 4 or 5 times,0,0, A
6,80.76923076923077,"['Take out sewing kit.', 'threading a needle with thread', 'With other hand, push needle through button hole', 'Pull thread through', 'Put the needle thorough the back of the button hole.', 'Repeat 4 or 5 times']","['Tie off your thread.', 'Thread the needle']",Tie off your thread.,0,0, A
0,0.0,[],"['tie a knot in the thread', 'Get sewing kit']",Get sewing kit,1,0, A
1,7.6923076923076925,['Get sewing kit'],"['Take out thread and needle', 'make few passes']",Take out thread and needle,0,0, A
2,26.923076923076923,"['Get sewing kit', 'Take out thread and needle']","['Hold shirt with non-dominant hand', 'Loop thread to create knot in thread.']",Hold shirt with non-dominant hand,0,0, A
3,30.76923076923077,"['Get sewing kit', 'Take out thread and needle', 'Hold shirt with non-dominant hand']","['Pull through', 'Align button']",Align button,1,0, A
4,53.84615384615385,"['Get sewing kit', 'Take out thread and needle', 'Hold shirt with non-dominant hand', 'Align button']","['Place button close to clothing.', 'Get item that needs button sewing on']",Place button close to clothing.,0,0, A
5,61.53846153846154,"['Get sewing kit', 'Take out thread and needle', 'Hold shirt with non-dominant hand', 'Align button', 'Place button close to clothing.']","['grab a needle', 'Holding button at appropriate location, press needle through first hole on button.']","Holding button at appropriate location, press needle through first hole on button.",1,0, A
6,65.38461538461539,"['Get sewing kit', 'Take out thread and needle', 'Hold shirt with non-dominant hand', 'Align button', 'Place button close to clothing.', 'Holding button at appropriate location, press needle through first hole on button.']","['Cross over to perpendicular hole, push needle back through', 'Tie a knot a the end of the thread']","Cross over to perpendicular hole, push needle back through",0,0, A
7,69.23076923076923,"['Get sewing kit', 'Take out thread and needle', 'Hold shirt with non-dominant hand', 'Align button', 'Place button close to clothing.', 'Holding button at appropriate location, press needle through first hole on button.', 'Cross over to perpendicular hole, push needle back through']","['Find a suitable button', 'Push needle under material to next hole']",Push needle under material to next hole,1,0, A
8,73.07692307692307,"['Get sewing kit', 'Take out thread and needle', 'Hold shirt with non-dominant hand', 'Align button', 'Place button close to clothing.', 'Holding button at appropriate location, press needle through first hole on button.', 'Cross over to perpendicular hole, push needle back through', 'Push needle under material to next hole']","['Get a needle and thread.', 'Push needle down through other button on hole']",Push needle down through other button on hole,1,0, A
0,0.0,[],"['Gather supplies', 'Cut off excess thread']",Gather supplies,0,0, A
1,15.384615384615383,['Gather supplies'],"['Find matching thread', 'Sew the button onto the garment by passing the needle through all 4 button holes.']",Find matching thread,0,0, A
2,34.61538461538461,"['Gather supplies', 'Find matching thread']","['Put one end of thread through the eye of the needle.', 'get thread, needle, button to be sewn']",Put one end of thread through the eye of the needle.,0,0, A
3,42.30769230769231,"['Gather supplies', 'Find matching thread', 'Put one end of thread through the eye of the needle.']","['Find a needle and thread', 'Cut thread string to how much is needed']",Cut thread string to how much is needed,1,0, A
4,61.53846153846154,"['Gather supplies', 'Find matching thread', 'Put one end of thread through the eye of the needle.', 'Cut thread string to how much is needed']","['cut the thread', 'Holding button at appropriate location, press needle through first hole on button.']","Holding button at appropriate location, press needle through first hole on button.",1,0, A
5,76.92307692307693,"['Gather supplies', 'Find matching thread', 'Put one end of thread through the eye of the needle.', 'Cut thread string to how much is needed', 'Holding button at appropriate location, press needle through first hole on button.']","['Thread needle', 'Keep repeating the sewing to reinforce the strength']",Keep repeating the sewing to reinforce the strength,1,0, A
6,84.61538461538461,"['Gather supplies', 'Find matching thread', 'Put one end of thread through the eye of the needle.', 'Cut thread string to how much is needed', 'Holding button at appropriate location, press needle through first hole on button.', 'Keep repeating the sewing to reinforce the strength']","['Get a needle', 'Cut.']",Cut.,1,0, A
0,0.0,[],"['Drive to fabric store', 'Thread the needle, double it up and tie a knot at the end']",Drive to fabric store,0,0, A
1,19.230769230769237,['Drive to fabric store'],"['Sew button onto fabric through the first hole', 'Pull out a length of thread.']",Pull out a length of thread.,1,0, A
2,30.76923076923077,"['Drive to fabric store', 'Pull out a length of thread.']","['Find the location where button needs to be sewn.', 'Cut loose ends']",Find the location where button needs to be sewn.,0,0, A
3,50.0,"['Drive to fabric store', 'Pull out a length of thread.', 'Find the location where button needs to be sewn.']","['Starting on inside of garment, push through with needle.', 'Take out sewing kit.']","Starting on inside of garment, push through with needle.",0,0, A
4,65.38461538461539,"['Drive to fabric store', 'Pull out a length of thread.', 'Find the location where button needs to be sewn.', 'Starting on inside of garment, push through with needle.']","['Then push needle through material', 'Thread the needle']",Then push needle through material,0,0, A
5,69.23076923076923,"['Drive to fabric store', 'Pull out a length of thread.', 'Find the location where button needs to be sewn.', 'Starting on inside of garment, push through with needle.', 'Then push needle through material']","['Sew through the diagonal hole of the button and the garment.', 'Put an end of the thread through the eye of the needle']",Sew through the diagonal hole of the button and the garment.,0,0, A
0,0.0,[],"['Gather supplies', 'Sew thread on needle through hole of button.']",Gather supplies,0,0, A
1,30.76923076923077,['Gather supplies'],"['Cross over to perpendicular hole, push needle back through', 'Line the button back into place']",Line the button back into place,1,0, A
2,46.15384615384615,"['Gather supplies', 'Line the button back into place']","['ATTACH BUTTON USING NEEDLE AND THREAD', 'Find matching thread']",ATTACH BUTTON USING NEEDLE AND THREAD,0,0, A
3,88.46153846153845,"['Gather supplies', 'Line the button back into place', 'ATTACH BUTTON USING NEEDLE AND THREAD']","['Put away needle and thread', 'find the button']",Put away needle and thread,0,0, A
0,0.0,[],"['Make a knot on last pass', 'Get out needle, thread, button, and clothing item.']","Get out needle, thread, button, and clothing item.",1,0, A
1,26.923076923076923,"['Get out needle, thread, button, and clothing item.']","['Get the garment', 'Tie the thread']",Get the garment,0,0, A
2,34.61538461538461,"['Get out needle, thread, button, and clothing item.', 'Get the garment']","['Cut thread', 'put thread through needle']",put thread through needle,1,0, A
3,42.30769230769231,"['Get out needle, thread, button, and clothing item.', 'Get the garment', 'put thread through needle']","['Take out thread and needle', 'Cut about 16 inches worth of thread.']",Cut about 16 inches worth of thread.,1,0, A
4,61.53846153846154,"['Get out needle, thread, button, and clothing item.', 'Get the garment', 'put thread through needle', 'Cut about 16 inches worth of thread.']","['Push needle through hole', 'Find shirt']",Push needle through hole,0,0, A
5,65.38461538461539,"['Get out needle, thread, button, and clothing item.', 'Get the garment', 'put thread through needle', 'Cut about 16 inches worth of thread.', 'Push needle through hole']","['Get thread', 'Bring the needle up through another hole on button.']",Bring the needle up through another hole on button.,1,0, A
6,76.92307692307693,"['Get out needle, thread, button, and clothing item.', 'Get the garment', 'put thread through needle', 'Cut about 16 inches worth of thread.', 'Push needle through hole', 'Bring the needle up through another hole on button.']","['Find a button', 'Push through other holes']",Push through other holes,1,0, A
7,80.76923076923077,"['Get out needle, thread, button, and clothing item.', 'Get the garment', 'put thread through needle', 'Cut about 16 inches worth of thread.', 'Push needle through hole', 'Bring the needle up through another hole on button.', 'Push through other holes']","['Tie the thread so the button will not come loose', 'Thread the needle']",Tie the thread so the button will not come loose,0,0, A
8,84.61538461538461,"['Get out needle, thread, button, and clothing item.', 'Get the garment', 'put thread through needle', 'Cut about 16 inches worth of thread.', 'Push needle through hole', 'Bring the needle up through another hole on button.', 'Push through other holes', 'Tie the thread so the button will not come loose']","['Cut the excess thread', 'Push the needle through the fabric']",Cut the excess thread,0,0, A
9,88.46153846153845,"['Get out needle, thread, button, and clothing item.', 'Get the garment', 'put thread through needle', 'Cut about 16 inches worth of thread.', 'Push needle through hole', 'Bring the needle up through another hole on button.', 'Push through other holes', 'Tie the thread so the button will not come loose', 'Cut the excess thread']","['Get a thimble', 'Clean up.']",Clean up.,1,0, A
10,92.3076923076923,"['Get out needle, thread, button, and clothing item.', 'Get the garment', 'put thread through needle', 'Cut about 16 inches worth of thread.', 'Push needle through hole', 'Bring the needle up through another hole on button.', 'Push through other holes', 'Tie the thread so the button will not come loose', 'Cut the excess thread', 'Clean up.']","['Check if the button is tight', 'get thread']",Check if the button is tight,0,0, A
0,0.0,[],"['Get out needle, thread, button, and clothing item.', 'Tie knot on thread.']","Get out needle, thread, button, and clothing item.",0,0, A
1,26.923076923076923,"['Get out needle, thread, button, and clothing item.']","['Hold shirt with non-dominant hand', 'Put all the items away']",Hold shirt with non-dominant hand,0,0, A
2,30.76923076923077,"['Get out needle, thread, button, and clothing item.', 'Hold shirt with non-dominant hand']","['Find the location where button needs to be sewn.', 'put items away when done']",Find the location where button needs to be sewn.,0,0, A
3,53.84615384615385,"['Get out needle, thread, button, and clothing item.', 'Hold shirt with non-dominant hand', 'Find the location where button needs to be sewn.']","['Get needle and thread', 'Return the needle through the fabric and through a different button hole']",Return the needle through the fabric and through a different button hole,1,0, A
0,0.0,[],"['Get out sewing kit.', 'Put button in proper place']",Get out sewing kit.,0,0, A
1,19.230769230769237,['Get out sewing kit.'],"['Find thread that matches button color.', 'Continue sewing in an X pattern until the button is secure.']",Find thread that matches button color.,0,0, A
2,30.76923076923077,"['Get out sewing kit.', 'Find thread that matches button color.']","['Repeat for remaining holes', 'place the button']",place the button,1,0, A
3,50.0,"['Get out sewing kit.', 'Find thread that matches button color.', 'place the button']","['Put thread through needle.', 'cut thread so that need will detach']",Put thread through needle.,0,0, A
4,80.76923076923077,"['Get out sewing kit.', 'Find thread that matches button color.', 'place the button', 'Put thread through needle.']","['Tie off thread', 'Hold shirt with non-dominant hand']",Tie off thread,0,0, A
5,88.46153846153845,"['Get out sewing kit.', 'Find thread that matches button color.', 'place the button', 'Put thread through needle.', 'Tie off thread']","['put items away when done', 'Get thread and needle']",put items away when done,0,0, A
6,92.3076923076923,"['Get out sewing kit.', 'Find thread that matches button color.', 'place the button', 'Put thread through needle.', 'Tie off thread', 'put items away when done']","['Cut a length of thread more than double what you will need', 'MAKE SURE BUTTON IS SECURE']",MAKE SURE BUTTON IS SECURE,1,0, A
0,0.0,[],"['Put needle into one button hole through shirt.', 'Get supplies - shirt, new button, thread, needle']","Get supplies - shirt, new button, thread, needle",1,0, A
1,26.923076923076923,"['Get supplies - shirt, new button, thread, needle']","['Get garment which you would like to sew button on to.', 'Put needle through button and clothing.']",Get garment which you would like to sew button on to.,0,0, A
2,50.0,"['Get supplies - shirt, new button, thread, needle', 'Get garment which you would like to sew button on to.']","['Cut the needle off of the thread.', 'Push needle through the button hole into the fabric']",Push needle through the button hole into the fabric,1,0, A
3,65.38461538461539,"['Get supplies - shirt, new button, thread, needle', 'Get garment which you would like to sew button on to.', 'Push needle through the button hole into the fabric']","['Then push needle through material', 'Check new button']",Then push needle through material,0,0, A
4,76.92307692307693,"['Get supplies - shirt, new button, thread, needle', 'Get garment which you would like to sew button on to.', 'Push needle through the button hole into the fabric', 'Then push needle through material']","['Tie knot', 'Continue to loop the needle and thread through the button holes.']",Continue to loop the needle and thread through the button holes.,1,0, A
5,80.76923076923077,"['Get supplies - shirt, new button, thread, needle', 'Get garment which you would like to sew button on to.', 'Push needle through the button hole into the fabric', 'Then push needle through material', 'Continue to loop the needle and thread through the button holes.']","['Tie ends.', 'Acquire new button']",Tie ends.,0,0, A
0,0.0,[],"['Continue sewing.', 'Get supplies - shirt, new button, thread, needle']","Get supplies - shirt, new button, thread, needle",1,0, A
1,7.6923076923076925,"['Get supplies - shirt, new button, thread, needle']","['grab a needle and string', 'Tie off thread']",grab a needle and string,0,0, A
2,23.07692307692308,"['Get supplies - shirt, new button, thread, needle', 'grab a needle and string']","['ATTACH BUTTON USING NEEDLE AND THREAD', 'find button']",find button,1,0, A
3,26.923076923076923,"['Get supplies - shirt, new button, thread, needle', 'grab a needle and string', 'find button']","['Slide button onto needle and thread.', 'taking the right button out']",taking the right button out,1,0, A
4,30.76923076923077,"['Get supplies - shirt, new button, thread, needle', 'grab a needle and string', 'find button', 'taking the right button out']","['Tie knot on thread.', 'Put button in the right area']",Put button in the right area,1,0, A
5,50.0,"['Get supplies - shirt, new button, thread, needle', 'grab a needle and string', 'find button', 'taking the right button out', 'Put button in the right area']","['Starting on inside of garment, push through with needle.', 'Sew button through fourth and final hole']","Starting on inside of garment, push through with needle.",0,0, A
6,76.92307692307693,"['Get supplies - shirt, new button, thread, needle', 'grab a needle and string', 'find button', 'taking the right button out', 'Put button in the right area', 'Starting on inside of garment, push through with needle.']","['get a new button', 'Repeat until button is secure']",Repeat until button is secure,1,0, A
7,80.76923076923077,"['Get supplies - shirt, new button, thread, needle', 'grab a needle and string', 'find button', 'taking the right button out', 'Put button in the right area', 'Starting on inside of garment, push through with needle.', 'Repeat until button is secure']","['Get the item of clothing the button is to go on', 'Tie the end of the string']",Tie the end of the string,1,0, A
8,84.61538461538461,"['Get supplies - shirt, new button, thread, needle', 'grab a needle and string', 'find button', 'taking the right button out', 'Put button in the right area', 'Starting on inside of garment, push through with needle.', 'Repeat until button is secure', 'Tie the end of the string']","['cut remaining thread away', 'Find similar button']",cut remaining thread away,0,0, A
0,0.0,[],"['Drive to fabric store', 'Pull thread through and secure button']",Drive to fabric store,0,0, A
1,19.230769230769237,['Drive to fabric store'],"['Break the thread and tie a final knot', 'Get thread.']",Get thread.,1,0, A
2,30.76923076923077,"['Drive to fabric store', 'Get thread.']","['Find the location where button needs to be sewn.', 'Cut the thread']",Find the location where button needs to be sewn.,0,0, A
3,50.0,"['Drive to fabric store', 'Get thread.', 'Find the location where button needs to be sewn.']","['Push the needle through the fabric', 'Take a needle']",Push the needle through the fabric,0,0, A
4,80.76923076923077,"['Drive to fabric store', 'Get thread.', 'Find the location where button needs to be sewn.', 'Push the needle through the fabric']","['Find a needle and thread', 'Tie off knot with thread.']",Tie off knot with thread.,1,0, A
0,0.0,[],"['Get out sewing kit.', 'Sew button into place']",Get out sewing kit.,0,0, A
1,19.230769230769237,['Get out sewing kit.'],"['Get the thread', 'Repeat until button is tight']",Get the thread,0,0, A
2,34.61538461538461,"['Get out sewing kit.', 'Get the thread']","['Ending again in the back of the garment cut off the thread.', 'Put an end of the thread through the eye of the needle']",Put an end of the thread through the eye of the needle,1,0, A
3,53.84615384615385,"['Get out sewing kit.', 'Get the thread', 'Put an end of the thread through the eye of the needle']","['Get button', 'Pull thread through opposite button hole']",Pull thread through opposite button hole,1,0, A
0,0.0,[],"['Drive to fabric store', 'Continue repeating pushing up and pushing thread back down']",Drive to fabric store,0,0, A
1,19.230769230769237,['Drive to fabric store'],"['Select thread', 'Tie off the thread']",Select thread,0,0, A
2,34.61538461538461,"['Drive to fabric store', 'Select thread']","['Thread the needle, double it up and tie a knot at the end', 'Cut thread.']","Thread the needle, double it up and tie a knot at the end",0,0, A
3,61.53846153846154,"['Drive to fabric store', 'Select thread', 'Thread the needle, double it up and tie a knot at the end']","['Starting from the bottom, poke needle through hole in button', 'Get needle']","Starting from the bottom, poke needle through hole in button",0,0, A
4,65.38461538461539,"['Drive to fabric store', 'Select thread', 'Thread the needle, double it up and tie a knot at the end', 'Starting from the bottom, poke needle through hole in button']","['Get thread.', 'Bring the needle up through another hole on button.']",Bring the needle up through another hole on button.,1,0, A
5,69.23076923076923,"['Drive to fabric store', 'Select thread', 'Thread the needle, double it up and tie a knot at the end', 'Starting from the bottom, poke needle through hole in button', 'Bring the needle up through another hole on button.']","['Sew through the diagonal hole of the button and the garment.', 'thread a needle']",Sew through the diagonal hole of the button and the garment.,0,0, A
0,0.0,[],"['Cross over to perpendicular hole, push needle back through', 'Drive to fabric store']",Drive to fabric store,1,0, A
1,19.230769230769237,['Drive to fabric store'],"['Sew the button through the button holes onto the shirt', 'Get thread.']",Get thread.,1,0, A
2,34.61538461538461,"['Drive to fabric store', 'Get thread.']","['repeat until button is secure', 'Thread the needle.']",Thread the needle.,1,0, A
3,61.53846153846154,"['Drive to fabric store', 'Get thread.', 'Thread the needle.']","['Push needle through hole', 'Check the button']",Push needle through hole,0,0, A
4,65.38461538461539,"['Drive to fabric store', 'Get thread.', 'Thread the needle.', 'Push needle through hole']","['get some thread', 'Push needle through other hole of button and through clothes']",Push needle through other hole of button and through clothes,1,0, A
5,76.92307692307693,"['Drive to fabric store', 'Get thread.', 'Thread the needle.', 'Push needle through hole', 'Push needle through other hole of button and through clothes']","['Cut length of thread', 'Do this several times until the button is secure']",Do this several times until the button is secure,1,0, A
0,0.0,[],"['Grab the fabric and button', 'cut loose thread']",Grab the fabric and button,0,0, A
1,26.923076923076923,['Grab the fabric and button'],"['Put away thread and needle', 'Get the piece of apparel that needs to sew the button on.']",Get the piece of apparel that needs to sew the button on.,1,0, A
2,30.76923076923077,"['Grab the fabric and button', 'Get the piece of apparel that needs to sew the button on.']","['Repeat step 8 until button is sewn on', 'Hold button in place on clothing.']",Hold button in place on clothing.,1,0, A
3,34.61538461538461,"['Grab the fabric and button', 'Get the piece of apparel that needs to sew the button on.', 'Hold button in place on clothing.']","['Tie the thread round in between the garment and button', 'Thread the needle']",Thread the needle,1,0, A
4,46.15384615384615,"['Grab the fabric and button', 'Get the piece of apparel that needs to sew the button on.', 'Hold button in place on clothing.', 'Thread the needle']","['Sow the thread through the button holes quite a few times', 'Find button that matches lost button.']",Sow the thread through the button holes quite a few times,0,0, A
5,84.61538461538461,"['Grab the fabric and button', 'Get the piece of apparel that needs to sew the button on.', 'Hold button in place on clothing.', 'Thread the needle', 'Sow the thread through the button holes quite a few times']","['Cut thread', 'thread the needle']",Cut thread,0,0, A
6,88.46153846153845,"['Grab the fabric and button', 'Get the piece of apparel that needs to sew the button on.', 'Hold button in place on clothing.', 'Thread the needle', 'Sow the thread through the button holes quite a few times', 'Cut thread']","['Pull thread through opposite button hole', 'Put everything away.']",Put everything away.,1,0, A
0,0.0,[],"['Grab the fabric and button', 'taking the right button out']",Grab the fabric and button,0,0, A
1,7.6923076923076925,['Grab the fabric and button'],"['Tie knot at end of thread.', 'Find thread and needle.']",Find thread and needle.,1,0, A
2,23.07692307692308,"['Grab the fabric and button', 'Find thread and needle.']","['Get a button.', 'With needle and thread push needle through cloth and through button hole']",Get a button.,0,0, A
3,26.923076923076923,"['Grab the fabric and button', 'Find thread and needle.', 'Get a button.']","['Pull through other end', 'gather garment for buttoning']",gather garment for buttoning,1,0, A
4,30.76923076923077,"['Grab the fabric and button', 'Find thread and needle.', 'Get a button.', 'gather garment for buttoning']","['Place button on shirt', 'Tie off knot with thread.']",Place button on shirt,0,0, A
5,61.53846153846154,"['Grab the fabric and button', 'Find thread and needle.', 'Get a button.', 'gather garment for buttoning', 'Place button on shirt']","['Take needle from sewing kit', 'Pass the needle through one of the button holes']",Pass the needle through one of the button holes,1,0, A
6,65.38461538461539,"['Grab the fabric and button', 'Find thread and needle.', 'Get a button.', 'gather garment for buttoning', 'Place button on shirt', 'Pass the needle through one of the button holes']","['Get a needle and thread', 'Put the needle thorough the back of the button hole.']",Put the needle thorough the back of the button hole.,1,0, A
7,76.92307692307693,"['Grab the fabric and button', 'Find thread and needle.', 'Get a button.', 'gather garment for buttoning', 'Place button on shirt', 'Pass the needle through one of the button holes', 'Put the needle thorough the back of the button hole.']","['Keep sewing until the button is secure.', 'attach button to shirt']",Keep sewing until the button is secure.,0,0, A
0,0.0,[],"['Get a thimble', 'thread the needle']",Get a thimble,0,0, A
1,15.384615384615383,['Get a thimble'],"['Find right color string', ""Make 4 x's in button.""]",Find right color string,0,0, A
2,19.230769230769237,"['Get a thimble', 'Find right color string']","['Tie off finishing knot', 'Find thread']",Find thread,1,0, A
3,26.923076923076923,"['Get a thimble', 'Find right color string', 'Find thread']","['Prepare garment for sewing', 'Cut off excess thread']",Prepare garment for sewing,0,0, A
4,30.76923076923077,"['Get a thimble', 'Find right color string', 'Find thread', 'Prepare garment for sewing']","['tie thread at the end', 'Place the button in the right spot']",Place the button in the right spot,1,0, A
5,53.84615384615385,"['Get a thimble', 'Find right color string', 'Find thread', 'Prepare garment for sewing', 'Place the button in the right spot']","['Pull thread through opposite button hole', 'Select a button']",Pull thread through opposite button hole,0,0, A
6,80.76923076923077,"['Get a thimble', 'Find right color string', 'Find thread', 'Prepare garment for sewing', 'Place the button in the right spot', 'Pull thread through opposite button hole']","['Repeat to make loop and knot it.', 'find button']",Repeat to make loop and knot it.,0,0, A
7,84.61538461538461,"['Get a thimble', 'Find right color string', 'Find thread', 'Prepare garment for sewing', 'Place the button in the right spot', 'Pull thread through opposite button hole', 'Repeat to make loop and knot it.']","['Get sewing kit', 'Cut off any loose threads with a scissors.']",Cut off any loose threads with a scissors.,1,0, A
0,0.0,[],"['Clean up.', 'Take out sewing kit.']",Take out sewing kit.,1,0, A
1,34.61538461538461,['Take out sewing kit.'],"['Thread a needle', 'repeat until button is secure']",Thread a needle,0,0, A
2,53.84615384615385,"['Take out sewing kit.', 'Thread a needle']","['Place button close to clothing.', 'Choose thread to sew button on with.']",Place button close to clothing.,0,0, A
3,80.76923076923077,"['Take out sewing kit.', 'Thread a needle', 'Place button close to clothing.']","['get thread and needle', 'Make a knot on last pass']",Make a knot on last pass,1,0, A
4,84.61538461538461,"['Take out sewing kit.', 'Thread a needle', 'Place button close to clothing.', 'Make a knot on last pass']","['Cut off excess thread', 'find needle and thread']",Cut off excess thread,0,0, A
0,0.0,[],"['Drive to fabric store', 'Pull needle and thread']",Drive to fabric store,0,0, A
1,19.230769230769237,['Drive to fabric store'],"['Find thread that matches button color.', 'sew the button on carefully']",Find thread that matches button color.,0,0, A
2,34.61538461538461,"['Drive to fabric store', 'Find thread that matches button color.']","['Cut the thread near the needle to finish', 'Position needle with thread']",Position needle with thread,1,0, A
3,53.84615384615385,"['Drive to fabric store', 'Find thread that matches button color.', 'Position needle with thread']","['With other hand, push needle through button hole', 'Find thread that matches']","With other hand, push needle through button hole",0,0, A
4,84.61538461538461,"['Drive to fabric store', 'Find thread that matches button color.', 'Position needle with thread', 'With other hand, push needle through button hole']","['Select thread', 'Cut the thread.']",Cut the thread.,1,0, A
0,0.0,[],"['Grab the fabric and button', 'push needle through button and shirt']",Grab the fabric and button,0,0, A
1,26.923076923076923,['Grab the fabric and button'],"['Grab the garment that you would like to sew the button to.', 'Cut the thread']",Grab the garment that you would like to sew the button to.,0,0, A
2,50.0,"['Grab the fabric and button', 'Grab the garment that you would like to sew the button to.']","['Put needle through one hole', 'Get thread']",Put needle through one hole,0,0, A
3,65.38461538461539,"['Grab the fabric and button', 'Grab the garment that you would like to sew the button to.', 'Put needle through one hole']","['Bring the needle up through another hole on button.', 'Lay down garment']",Bring the needle up through another hole on button.,0,0, A
4,69.23076923076923,"['Grab the fabric and button', 'Grab the garment that you would like to sew the button to.', 'Put needle through one hole', 'Bring the needle up through another hole on button.']","['Hold button in place on clothing.', 'Push needle under material to next hole']",Push needle under material to next hole,1,0, A
0,0.0,[],"['when done tie the end properly', 'Drive to fabric store']",Drive to fabric store,1,0, A
1,19.230769230769237,['Drive to fabric store'],"['Get back the needle through the fourth button hole', 'Select thread']",Select thread,1,0, A
2,23.07692307692308,"['Drive to fabric store', 'Select thread']","['Move needle down to hole opposite first hole', 'Find a button']",Find a button,1,0, A
3,30.76923076923077,"['Drive to fabric store', 'Select thread', 'Find a button']","['tie thread at the end', 'Align button']",Align button,1,0, A
4,53.84615384615385,"['Drive to fabric store', 'Select thread', 'Find a button', 'Align button']","['Look through sewing kit for a button that matches clothing.', 'pull thread forward']",pull thread forward,1,0, A
5,57.692307692307686,"['Drive to fabric store', 'Select thread', 'Find a button', 'Align button', 'pull thread forward']","['Put needle through button and clothing.', 'thread the needle']",Put needle through button and clothing.,0,0, A
6,61.53846153846154,"['Drive to fabric store', 'Select thread', 'Find a button', 'Align button', 'pull thread forward', 'Put needle through button and clothing.']","['take needle bring up through the back of the item', 'Get a shirt.']",take needle bring up through the back of the item,0,0, A
7,65.38461538461539,"['Drive to fabric store', 'Select thread', 'Find a button', 'Align button', 'pull thread forward', 'Put needle through button and clothing.', 'take needle bring up through the back of the item']","['Prepare garment for sewing', 'Put the needle thorough the back of the button hole.']",Put the needle thorough the back of the button hole.,1,0, A
8,76.92307692307693,"['Drive to fabric store', 'Select thread', 'Find a button', 'Align button', 'pull thread forward', 'Put needle through button and clothing.', 'take needle bring up through the back of the item', 'Put the needle thorough the back of the button hole.']","['Push through other holes', 'Thread needle.']",Push through other holes,0,0, A
9,84.61538461538461,"['Drive to fabric store', 'Select thread', 'Find a button', 'Align button', 'pull thread forward', 'Put needle through button and clothing.', 'take needle bring up through the back of the item', 'Put the needle thorough the back of the button hole.', 'Push through other holes']","['Thread needle.', 'Cut off excess thread']",Cut off excess thread,1,0, A
10,88.46153846153845,"['Drive to fabric store', 'Select thread', 'Find a button', 'Align button', 'pull thread forward', 'Put needle through button and clothing.', 'take needle bring up through the back of the item', 'Put the needle thorough the back of the button hole.', 'Push through other holes', 'Cut off excess thread']","['Put needle away', 'Find sewing kit']",Put needle away,0,0, A
11,92.3076923076923,"['Drive to fabric store', 'Select thread', 'Find a button', 'Align button', 'pull thread forward', 'Put needle through button and clothing.', 'take needle bring up through the back of the item', 'Put the needle thorough the back of the button hole.', 'Push through other holes', 'Cut off excess thread', 'Put needle away']","['Check if the button is tight', 'Select a button']",Check if the button is tight,0,0, A
0,0.0,[],"['Grab the fabric and button', 'Insert the needle back into the garment from the top of the button']",Grab the fabric and button,0,0, A
1,26.923076923076923,['Grab the fabric and button'],"['Insert needle through other side of button on back side', 'Grab the garment that you would like to sew the button to.']",Grab the garment that you would like to sew the button to.,1,0, A
2,46.15384615384615,"['Grab the fabric and button', 'Grab the garment that you would like to sew the button to.']","['find the needle', 'Start to sew on button']",Start to sew on button,1,0, A
3,61.53846153846154,"['Grab the fabric and button', 'Grab the garment that you would like to sew the button to.', 'Start to sew on button']","['take needle bring up through the back of the item', 'Check the button']",take needle bring up through the back of the item,0,0, A
4,65.38461538461539,"['Grab the fabric and button', 'Grab the garment that you would like to sew the button to.', 'Start to sew on button', 'take needle bring up through the back of the item']","['Put the needle thorough the back of the button hole.', 'Get item that needs button sewing on']",Put the needle thorough the back of the button hole.,0,0, A
5,69.23076923076923,"['Grab the fabric and button', 'Grab the garment that you would like to sew the button to.', 'Start to sew on button', 'take needle bring up through the back of the item', 'Put the needle thorough the back of the button hole.']","['Get a sewing needle.', 'Poke needle through opposite hole']",Poke needle through opposite hole,1,0, A
0,0.0,[],"['Get button, thread, needle and scissors', 'Thread needle.']","Get button, thread, needle and scissors",0,0, A
1,26.923076923076923,"['Get button, thread, needle and scissors']","['Get garment which you would like to sew button on to.', 'Tie knot to secure thread and button to clothes']",Get garment which you would like to sew button on to.,0,0, A
2,30.76923076923077,"['Get button, thread, needle and scissors', 'Get garment which you would like to sew button on to.']","['Insert the needle back into the garment from the top of the button', 'Take button and put it on shirt where you want it']",Take button and put it on shirt where you want it,1,0, A
3,46.15384615384615,"['Get button, thread, needle and scissors', 'Get garment which you would like to sew button on to.', 'Take button and put it on shirt where you want it']","['Move needle in and out of button holes to secure to shirt.', 'Pick a needle']",Move needle in and out of button holes to secure to shirt.,0,0, A
4,76.92307692307693,"['Get button, thread, needle and scissors', 'Get garment which you would like to sew button on to.', 'Take button and put it on shirt where you want it', 'Move needle in and out of button holes to secure to shirt.']","['Put thread in it', 'Repeat this until the button is secure']",Repeat this until the button is secure,1,0, A
0,0.0,[],"['Drive to fabric store', 'Tie knot on needle.']",Drive to fabric store,0,0, A
1,19.230769230769237,['Drive to fabric store'],"['Get thread.', 'pull through on the other side']",Get thread.,0,0, A
2,30.76923076923077,"['Drive to fabric store', 'Get thread.']","['Bring the needle up through another hole on button.', 'Hold button to material.']",Hold button to material.,1,0, A
3,46.15384615384615,"['Drive to fabric store', 'Get thread.', 'Hold button to material.']","['Put thread through buttonhole', 'Gather supplies']",Put thread through buttonhole,0,0, A
4,84.61538461538461,"['Drive to fabric store', 'Get thread.', 'Hold button to material.', 'Put thread through buttonhole']","['Find thread', 'Tie knot to secure thread and button to clothes']",Tie knot to secure thread and button to clothes,1,0, A
5,88.46153846153845,"['Drive to fabric store', 'Get thread.', 'Hold button to material.', 'Put thread through buttonhole', 'Tie knot to secure thread and button to clothes']","['Bring the needle up through another hole on button.', 'Put away thread and needle']",Put away thread and needle,1,0, A
0,0.0,[],"['Drive to fabric store', 'Tie ends.']",Drive to fabric store,0,0, A
1,19.230769230769237,['Drive to fabric store'],"['push needle through button and shirt', 'Get thread']",Get thread,1,0, A
2,34.61538461538461,"['Drive to fabric store', 'Get thread']","['Put an end of the thread through the eye of the needle', 'Make a knot in fabric with thread behind the button']",Put an end of the thread through the eye of the needle,0,0, A
3,88.46153846153845,"['Drive to fabric store', 'Get thread', 'Put an end of the thread through the eye of the needle']","['Put everything away.', 'Pick a needle']",Put everything away.,0,0, A
0,0.0,[],"['Get button, thread, needle and scissors', 'Sew in a pattern that looks like an X through the holes of the button.']","Get button, thread, needle and scissors",0,0, A
1,15.384615384615383,"['Get button, thread, needle and scissors']","['Push needle through other hole of button and through clothes', 'Find right color string']",Find right color string,1,0, A
2,30.76923076923077,"['Get button, thread, needle and scissors', 'Find right color string']","['Place button where it is to be sewed', 'Continue until button is secure']",Place button where it is to be sewed,0,0, A
3,61.53846153846154,"['Get button, thread, needle and scissors', 'Find right color string', 'Place button where it is to be sewed']","['Sew button onto fabric through the first hole', 'cut thread so that need will detach']",Sew button onto fabric through the first hole,0,0, A
4,65.38461538461539,"['Get button, thread, needle and scissors', 'Find right color string', 'Place button where it is to be sewed', 'Sew button onto fabric through the first hole']","['Cross over to perpendicular hole, push needle back through', 'Thread needle.']","Cross over to perpendicular hole, push needle back through",0,0, A
5,69.23076923076923,"['Get button, thread, needle and scissors', 'Find right color string', 'Place button where it is to be sewed', 'Sew button onto fabric through the first hole', 'Cross over to perpendicular hole, push needle back through']","['take the button', 'Sew through the diagonal hole of the button and the garment.']",Sew through the diagonal hole of the button and the garment.,1,0, A
6,73.07692307692307,"['Get button, thread, needle and scissors', 'Find right color string', 'Place button where it is to be sewed', 'Sew button onto fabric through the first hole', 'Cross over to perpendicular hole, push needle back through', 'Sew through the diagonal hole of the button and the garment.']","['put needle with thread into clothes', 'Continue sewing in an X pattern until the button is secure.']",Continue sewing in an X pattern until the button is secure.,1,0, A
0,0.0,[],"['Put button in the right area', 'Get sewing kit']",Get sewing kit,1,0, A
1,34.61538461538461,['Get sewing kit'],"['Thread the needle', 'cut thread']",Thread the needle,0,0, A
2,50.0,"['Get sewing kit', 'Thread the needle']","['Put away thread and needle', 'Put needle and thread through shirt']",Put needle and thread through shirt,1,0, A
3,76.92307692307693,"['Get sewing kit', 'Thread the needle', 'Put needle and thread through shirt']","['Thread the needle', 'Repeat until sewed on.']",Repeat until sewed on.,1,0, A
4,84.61538461538461,"['Get sewing kit', 'Thread the needle', 'Put needle and thread through shirt', 'Repeat until sewed on.']","['Cut off excess thread', 'Get item that needs button sewing on']",Cut off excess thread,0,0, A
5,88.46153846153845,"['Get sewing kit', 'Thread the needle', 'Put needle and thread through shirt', 'Repeat until sewed on.', 'Cut off excess thread']","['Get needle', 'Take out the needle']",Take out the needle,1,0, A
0,0.0,[],"['Proceed to insert needle into button holes and through clothing/ item until securely sewn', 'Get button, thread, needle and scissors']","Get button, thread, needle and scissors",1,0, A
1,30.76923076923077,"['Get button, thread, needle and scissors']","['Align button', 'Push needle down through other button on hole']",Align button,0,0, A
2,46.15384615384615,"['Get button, thread, needle and scissors', 'Align button']","['Insert the needle with thread in button hole and shirt', 'Get needle and thread']",Insert the needle with thread in button hole and shirt,0,0, A
3,88.46153846153845,"['Get button, thread, needle and scissors', 'Align button', 'Insert the needle with thread in button hole and shirt']","['Stick the needle through', 'Put needle and thread back in drawer']",Put needle and thread back in drawer,1,0, A
4,92.3076923076923,"['Get button, thread, needle and scissors', 'Align button', 'Insert the needle with thread in button hole and shirt', 'Put needle and thread back in drawer']","['Check if the button is tight', 'Find a button']",Check if the button is tight,0,0, A
0,0.0,[],"['Get supplies - shirt, new button, thread, needle', 'use needle and thread to sew button onto shirt']","Get supplies - shirt, new button, thread, needle",0,0, A
1,15.384615384615383,"['Get supplies - shirt, new button, thread, needle']","['Sew button onto garment.', 'Find matching thread']",Find matching thread,1,0, A
2,34.61538461538461,"['Get supplies - shirt, new button, thread, needle', 'Find matching thread']","['Cut off any loose threads with a scissors.', 'attach string to needle']",attach string to needle,1,0, A
3,46.15384615384615,"['Get supplies - shirt, new button, thread, needle', 'Find matching thread', 'attach string to needle']","['sew the button on carefully', 'Get thread']",sew the button on carefully,0,0, A
4,53.84615384615385,"['Get supplies - shirt, new button, thread, needle', 'Find matching thread', 'attach string to needle', 'sew the button on carefully']","['put sewing kit away', 'Pull the needle through a hole in the button, then back into the fabric']","Pull the needle through a hole in the button, then back into the fabric",1,0, A
5,57.692307692307686,"['Get supplies - shirt, new button, thread, needle', 'Find matching thread', 'attach string to needle', 'sew the button on carefully', 'Pull the needle through a hole in the button, then back into the fabric']","['Put needle through button and clothing.', 'Get button']",Put needle through button and clothing.,0,0, A
6,61.53846153846154,"['Get supplies - shirt, new button, thread, needle', 'Find matching thread', 'attach string to needle', 'sew the button on carefully', 'Pull the needle through a hole in the button, then back into the fabric', 'Put needle through button and clothing.']","['Insert needle through one side of button', 'Get out sewing kit']",Insert needle through one side of button,0,0, A
7,80.76923076923077,"['Get supplies - shirt, new button, thread, needle', 'Find matching thread', 'attach string to needle', 'sew the button on carefully', 'Pull the needle through a hole in the button, then back into the fabric', 'Put needle through button and clothing.', 'Insert needle through one side of button']","['Make a knot', 'Place button on shirt']",Make a knot,0,0, A
8,84.61538461538461,"['Get supplies - shirt, new button, thread, needle', 'Find matching thread', 'attach string to needle', 'sew the button on carefully', 'Pull the needle through a hole in the button, then back into the fabric', 'Put needle through button and clothing.', 'Insert needle through one side of button', 'Make a knot']","['Get sewing kit', 'Snip excess thread off']",Snip excess thread off,1,0, A
0,0.0,[],"['get thread, needle, button to be sewn', 'Push needle through other hole of button and through clothes']","get thread, needle, button to be sewn",0,0, A
1,30.76923076923077,"['get thread, needle, button to be sewn']","['Get back the needle through the third button hole', 'Position button in correct place.']",Position button in correct place.,1,0, A
2,53.84615384615385,"['get thread, needle, button to be sewn', 'Position button in correct place.']","['Get clothing', 'Use the needle to guide the thread']",Use the needle to guide the thread,1,0, A
0,0.0,[],"['Get out sewing kit.', 'Tie knot in thread']",Get out sewing kit.,0,0, A
1,11.538461538461538,['Get out sewing kit.'],"['grab a needle', 'Check if the button is tight']",grab a needle,0,0, A
2,23.07692307692308,"['Get out sewing kit.', 'grab a needle']","['Choose button that I like', 'Sew button onto garment']",Choose button that I like,0,0, A
3,38.46153846153847,"['Get out sewing kit.', 'grab a needle', 'Choose button that I like']","['Tie knot in thread.', 'Break the thread and tie a final knot']",Tie knot in thread.,0,0, A
4,46.15384615384615,"['Get out sewing kit.', 'grab a needle', 'Choose button that I like', 'Tie knot in thread.']","['Use needle and thread to sew button', 'Find a button']",Use needle and thread to sew button,0,0, A
5,61.53846153846154,"['Get out sewing kit.', 'grab a needle', 'Choose button that I like', 'Tie knot in thread.', 'Use needle and thread to sew button']","['Put away thread and needle', 'Pull the needle until thread is completely on the other side of shirt']",Pull the needle until thread is completely on the other side of shirt,1,0, A
6,76.92307692307693,"['Get out sewing kit.', 'grab a needle', 'Choose button that I like', 'Tie knot in thread.', 'Use needle and thread to sew button', 'Pull the needle until thread is completely on the other side of shirt']","['Find matching button, or old button.', 'Repeat steps 4 through 6 about 30 times']",Repeat steps 4 through 6 about 30 times,1,0, A
0,0.0,[],"['Poke a hole in the fabric', 'get sewing kit']",get sewing kit,1,0, A
1,11.538461538461538,['get sewing kit'],"['gather needle', 'Put all the items away']",gather needle,0,0, A
2,30.76923076923077,"['get sewing kit', 'gather needle']","['Put button on shirt', 'tie off thread']",Put button on shirt,0,0, A
3,50.0,"['get sewing kit', 'gather needle', 'Put button on shirt']","['Insert the needle from the bottom where the button is to be sewn', 'Clean up.']",Insert the needle from the bottom where the button is to be sewn,0,0, A
4,53.84615384615385,"['get sewing kit', 'gather needle', 'Put button on shirt', 'Insert the needle from the bottom where the button is to be sewn']","['Find some thread', 'Pull the needle through a hole in the button, then back into the fabric']","Pull the needle through a hole in the button, then back into the fabric",1,0, A
5,76.92307692307693,"['get sewing kit', 'gather needle', 'Put button on shirt', 'Insert the needle from the bottom where the button is to be sewn', 'Pull the needle through a hole in the button, then back into the fabric']","[""Repeat until it's stable"", 'Place button where it belongs on garment']",Repeat until it's stable,0,0, A
0,0.0,[],"['Pull thread through and secure button', 'Grab the fabric and button']",Grab the fabric and button,1,0, A
1,26.923076923076923,['Grab the fabric and button'],"['Push needle through the button hole into the fabric', 'Place item on flat surface']",Place item on flat surface,1,0, A
2,34.61538461538461,"['Grab the fabric and button', 'Place item on flat surface']","['Cut loose ends.', 'thread a needle']",thread a needle,1,0, A
3,42.30769230769231,"['Grab the fabric and button', 'Place item on flat surface', 'thread a needle']","['Cut excess thread', 'Cut off excess thread']",Cut excess thread,0,0, A
4,61.53846153846154,"['Grab the fabric and button', 'Place item on flat surface', 'thread a needle', 'Cut excess thread']","['Put away needle and thread', 'Push needle through first hole']",Push needle through first hole,1,0, A
5,65.38461538461539,"['Grab the fabric and button', 'Place item on flat surface', 'thread a needle', 'Cut excess thread', 'Push needle through first hole']","['grab a needle and string', 'Pull needle out other side.']",Pull needle out other side.,1,0, A
6,69.23076923076923,"['Grab the fabric and button', 'Place item on flat surface', 'thread a needle', 'Cut excess thread', 'Push needle through first hole', 'Pull needle out other side.']","['Sew button through third hole', 'Take out sewing kit']",Sew button through third hole,0,0, A
0,0.0,[],"['Get button, thread, needle and scissors', 'carefully cut off old button if exists']","Get button, thread, needle and scissors",0,0, A
1,7.6923076923076925,"['Get button, thread, needle and scissors']","['Get needle and thread', 'Take out the needle']",Get needle and thread,0,0, A
2,26.923076923076923,"['Get button, thread, needle and scissors', 'Get needle and thread']","['put needle into adjoining hole', 'Place item on flat surface']",Place item on flat surface,1,0, A
3,30.76923076923077,"['Get button, thread, needle and scissors', 'Get needle and thread', 'Place item on flat surface']","['place button on cloth where it needs to go', 'break the thread']",place button on cloth where it needs to go,0,0, A
4,46.15384615384615,"['Get button, thread, needle and scissors', 'Get needle and thread', 'Place item on flat surface', 'place button on cloth where it needs to go']","['sew the button with criss-cross movement of needle', 'Pick a needle']",sew the button with criss-cross movement of needle,0,0, A
5,80.76923076923077,"['Get button, thread, needle and scissors', 'Get needle and thread', 'Place item on flat surface', 'place button on cloth where it needs to go', 'sew the button with criss-cross movement of needle']","['take the button', 'Tie another knot at the end of the thread.']",Tie another knot at the end of the thread.,1,0, A
6,88.46153846153845,"['Get button, thread, needle and scissors', 'Get needle and thread', 'Place item on flat surface', 'place button on cloth where it needs to go', 'sew the button with criss-cross movement of needle', 'Tie another knot at the end of the thread.']","['Take out the needle', 'take needle bring up through the back of the item']",Take out the needle,0,0, A
0,0.0,[],"['Sew button.', 'Get button, thread, needle and scissors']","Get button, thread, needle and scissors",1,0, A
1,7.6923076923076925,"['Get button, thread, needle and scissors']","['Tie off the thread', 'get thread and needle']",get thread and needle,1,0, A
2,23.07692307692308,"['Get button, thread, needle and scissors', 'get thread and needle']","['Sew the button in place with the needle and thread', 'Get extra button']",Get extra button,1,0, A
3,26.923076923076923,"['Get button, thread, needle and scissors', 'get thread and needle', 'Get extra button']","['Find shirt', 'Run needle and thread through button hole and fabric hole']",Find shirt,0,0, A
4,30.76923076923077,"['Get button, thread, needle and scissors', 'get thread and needle', 'Get extra button', 'Find shirt']","['Cut the thread.', 'line new button up with corresponding button hole']",line new button up with corresponding button hole,1,0, A
5,53.84615384615385,"['Get button, thread, needle and scissors', 'get thread and needle', 'Get extra button', 'Find shirt', 'line new button up with corresponding button hole']","['Get a button.', 'pull thread forward']",pull thread forward,1,0, A
0,0.0,[],"['cut remaining thread away', 'Get out needle, thread, button, and clothing item.']","Get out needle, thread, button, and clothing item.",1,0, A
1,30.76923076923077,"['Get out needle, thread, button, and clothing item.']","['Take out sewing kit.', 'line it up with the hole']",line it up with the hole,1,0, A
2,53.84615384615385,"['Get out needle, thread, button, and clothing item.', 'line it up with the hole']","['Find sewing kit.', 'Pull through other end']",Pull through other end,1,0, A
3,61.53846153846154,"['Get out needle, thread, button, and clothing item.', 'line it up with the hole', 'Pull through other end']","['Starting from the bottom, poke needle through hole in button', 'cut the thread']","Starting from the bottom, poke needle through hole in button",0,0, A
4,80.76923076923077,"['Get out needle, thread, button, and clothing item.', 'line it up with the hole', 'Pull through other end', 'Starting from the bottom, poke needle through hole in button']","['Take a matching button', 'Tie the thread round in between the garment and button']",Tie the thread round in between the garment and button,1,0, A
5,84.61538461538461,"['Get out needle, thread, button, and clothing item.', 'line it up with the hole', 'Pull through other end', 'Starting from the bottom, poke needle through hole in button', 'Tie the thread round in between the garment and button']","['Cut thread', 'thread the needle']",Cut thread,0,0, A
0,0.0,[],"['push needle to back of the item', 'Get scissors, needle, button and thread']","Get scissors, needle, button and thread",1,0, A
1,30.76923076923077,"['Get scissors, needle, button and thread']","['place botton where you want it', 'Get out sewing kit']",place botton where you want it,0,0, A
2,61.53846153846154,"['Get scissors, needle, button and thread', 'place botton where you want it']","['Starting from the bottom, poke needle through hole in button', 'Find shirt']","Starting from the bottom, poke needle through hole in button",0,0, A
3,65.38461538461539,"['Get scissors, needle, button and thread', 'place botton where you want it', 'Starting from the bottom, poke needle through hole in button']","['Pull needle out other side.', 'Thread the needle.']",Pull needle out other side.,0,0, A
4,69.23076923076923,"['Get scissors, needle, button and thread', 'place botton where you want it', 'Starting from the bottom, poke needle through hole in button', 'Pull needle out other side.']","['put needle into adjoining hole', 'Choose thread color']",put needle into adjoining hole,0,0, A
0,0.0,[],"['Tie a knot in the end of thread', 'Drive to fabric store']",Drive to fabric store,1,0, A
1,19.230769230769237,['Drive to fabric store'],"['Find similar color thread to use.', 'pull needle through to knot']",Find similar color thread to use.,0,0, A
2,26.923076923076923,"['Drive to fabric store', 'Find similar color thread to use.']","['Cut off any loose threads with a scissors.', 'take the cloth to be sewed']",take the cloth to be sewed,1,0, A
3,30.76923076923077,"['Drive to fabric store', 'Find similar color thread to use.', 'take the cloth to be sewed']","['Find the location where button needs to be sewn.', 'pull needle through to knot']",Find the location where button needs to be sewn.,0,0, A
4,46.15384615384615,"['Drive to fabric store', 'Find similar color thread to use.', 'take the cloth to be sewed', 'Find the location where button needs to be sewn.']","['Start to sew the button onto the fabric.', 'Find thread that matches button color.']",Start to sew the button onto the fabric.,0,0, A
5,53.84615384615385,"['Drive to fabric store', 'Find similar color thread to use.', 'take the cloth to be sewed', 'Find the location where button needs to be sewn.', 'Start to sew the button onto the fabric.']","['Get out needle, thread, button, and clothing item.', 'pass needle through needle hole in button']",pass needle through needle hole in button,1,0, A
0,0.0,[],"['place button where you want it', 'Get your sewing kit']",Get your sewing kit,1,0, A
1,11.538461538461538,['Get your sewing kit'],"['Get needle', 'Break the thread and tie a final knot']",Get needle,0,0, A
2,23.07692307692308,"['Get your sewing kit', 'Get needle']","['Sew button onto garment', 'Get a button.']",Get a button.,1,0, A
3,50.0,"['Get your sewing kit', 'Get needle', 'Get a button.']","['cut thread so that need will detach', 'Stick the needle through']",Stick the needle through,1,0, A
4,80.76923076923077,"['Get your sewing kit', 'Get needle', 'Get a button.', 'Stick the needle through']","['Fix the thread in the needle', 'Tie off thread']",Tie off thread,1,0, A
5,88.46153846153845,"['Get your sewing kit', 'Get needle', 'Get a button.', 'Stick the needle through', 'Tie off thread']","['Get a needle and thread.', 'Clean up.']",Clean up.,1,0, A
0,0.0,[],"['Drive to fabric store', 'Tie knot in thread']",Drive to fabric store,0,0, A
1,19.230769230769237,['Drive to fabric store'],"['Choose thread to sew button on with.', 'cut thread so that need will detach']",Choose thread to sew button on with.,0,0, A
2,30.76923076923077,"['Drive to fabric store', 'Choose thread to sew button on with.']","['place button where you want it', 'Tie off thread']",place button where you want it,0,0, A
3,50.0,"['Drive to fabric store', 'Choose thread to sew button on with.', 'place button where you want it']","[""Pull a thread of a matching color through the needle's eye"", 'put the needle into the fabric']",put the needle into the fabric,1,0, A
4,61.53846153846154,"['Drive to fabric store', 'Choose thread to sew button on with.', 'place button where you want it', 'put the needle into the fabric']","['Thread one hole with the needle', 'Get needle']",Thread one hole with the needle,0,0, A
5,80.76923076923077,"['Drive to fabric store', 'Choose thread to sew button on with.', 'place button where you want it', 'put the needle into the fabric', 'Thread one hole with the needle']","['Tie off your thread.', 'Find needle']",Tie off your thread.,0,0, A
0,0.0,[],"['ATTACH BUTTON USING NEEDLE AND THREAD', 'Gather supplies']",Gather supplies,1,0, A
1,26.923076923076923,['Gather supplies'],"['Push needle through hole', 'grab object the button is being sewed']",grab object the button is being sewed,1,0, A
2,34.61538461538461,"['Gather supplies', 'grab object the button is being sewed']","['pull the thread through the eye of needle', 'tie thread at the end']",pull the thread through the eye of needle,0,0, A
3,53.84615384615385,"['Gather supplies', 'grab object the button is being sewed', 'pull the thread through the eye of needle']","['Continue to push and pull needle through button holes until button is secure', 'Find an extra button']",Continue to push and pull needle through button holes until button is secure,0,0, A
4,57.692307692307686,"['Gather supplies', 'grab object the button is being sewed', 'pull the thread through the eye of needle', 'Continue to push and pull needle through button holes until button is secure']","['Get shirt', 'Pull through']",Pull through,1,0, A
5,61.53846153846154,"['Gather supplies', 'grab object the button is being sewed', 'pull the thread through the eye of needle', 'Continue to push and pull needle through button holes until button is secure', 'Pull through']","['Thread one hole with the needle', 'Get the thread']",Thread one hole with the needle,0,0, A
6,76.92307692307693,"['Gather supplies', 'grab object the button is being sewed', 'pull the thread through the eye of needle', 'Continue to push and pull needle through button holes until button is secure', 'Pull through', 'Thread one hole with the needle']","['Thread needle.', 'Continue until the button is on tight']",Continue until the button is on tight,1,0, A
0,0.0,[],"['Find sewing kit.', 'Use scissors to cut thread']",Find sewing kit.,0,0, A
1,19.230769230769237,['Find sewing kit.'],"[""Pull a thread of a matching color through the needle's eye"", 'Insert needle through first side of button (step 3)']",Pull a thread of a matching color through the needle's eye,0,0, A
2,26.923076923076923,"['Find sewing kit.', ""Pull a thread of a matching color through the needle's eye""]","['Get the item of clothing the button is to go on', 'Push needle through button hole']",Get the item of clothing the button is to go on,0,0, A
3,30.76923076923077,"['Find sewing kit.', ""Pull a thread of a matching color through the needle's eye"", 'Get the item of clothing the button is to go on']","['Repeat several times, going through a different hole each time.', 'putting the button on the fabric']",putting the button on the fabric,1,0, A
4,46.15384615384615,"['Find sewing kit.', ""Pull a thread of a matching color through the needle's eye"", 'Get the item of clothing the button is to go on', 'putting the button on the fabric']","['Start to sew.', 'Get some thread']",Start to sew.,0,0, A
5,84.61538461538461,"['Find sewing kit.', ""Pull a thread of a matching color through the needle's eye"", 'Get the item of clothing the button is to go on', 'putting the button on the fabric', 'Start to sew.']","['Place the button on the cloth', 'Cut the thread.']",Cut the thread.,1,0, A
0,0.0,[],"['Get out sewing kit', 'Continue crisscrossing thread between holes of button until button is tight.']",Get out sewing kit,0,0, A
1,11.538461538461538,['Get out sewing kit'],"['Get needle.', 'Cut thread.']",Get needle.,0,0, A
2,15.384615384615383,"['Get out sewing kit', 'Get needle.']","['Select thread of correct color', 'Continue until the button is on tight']",Select thread of correct color,0,0, A
3,23.07692307692308,"['Get out sewing kit', 'Get needle.', 'Select thread of correct color']","['put sewing kit away', 'Get a replacement button.']",Get a replacement button.,1,0, A
4,30.76923076923077,"['Get out sewing kit', 'Get needle.', 'Select thread of correct color', 'Get a replacement button.']","['Get sewing kit', 'Place button where desired']",Place button where desired,1,0, A
5,42.30769230769231,"['Get out sewing kit', 'Get needle.', 'Select thread of correct color', 'Get a replacement button.', 'Place button where desired']","['Cut about 16 inches worth of thread.', 'Cross over to perpendicular hole, push needle back through']",Cut about 16 inches worth of thread.,0,0, A
6,46.15384615384615,"['Get out sewing kit', 'Get needle.', 'Select thread of correct color', 'Get a replacement button.', 'Place button where desired', 'Cut about 16 inches worth of thread.']","['sew the button on carefully', 'Find button']",sew the button on carefully,0,0, A
7,80.76923076923077,"['Get out sewing kit', 'Get needle.', 'Select thread of correct color', 'Get a replacement button.', 'Place button where desired', 'Cut about 16 inches worth of thread.', 'sew the button on carefully']","['Tie thread at end', 'Get thread and needle']",Tie thread at end,0,0, A
8,88.46153846153845,"['Get out sewing kit', 'Get needle.', 'Select thread of correct color', 'Get a replacement button.', 'Place button where desired', 'Cut about 16 inches worth of thread.', 'sew the button on carefully', 'Tie thread at end']","['Get item that needs button sewing on', 'Put away needle and thread']",Put away needle and thread,1,0, A
9,92.3076923076923,"['Get out sewing kit', 'Get needle.', 'Select thread of correct color', 'Get a replacement button.', 'Place button where desired', 'Cut about 16 inches worth of thread.', 'sew the button on carefully', 'Tie thread at end', 'Put away needle and thread']","['Check the button', 'Pick a needle']",Check the button,0,0, A
0,0.0,[],"['get sewing kit', 'repeat 6 more times']",get sewing kit,0,0, A
1,34.61538461538461,['get sewing kit'],"['Thread needle', 'Get scissors, needle, button and thread']",Thread needle,0,0, A
2,38.46153846153847,"['get sewing kit', 'Thread needle']","['Continue sewing.', 'tie a knot in thread']",tie a knot in thread,1,0, A
3,46.15384615384615,"['get sewing kit', 'Thread needle', 'tie a knot in thread']","['Find a matching button', 'Insert needle through button and into fabric where the button belongs.']",Insert needle through button and into fabric where the button belongs.,1,0, A
4,80.76923076923077,"['get sewing kit', 'Thread needle', 'tie a knot in thread', 'Insert needle through button and into fabric where the button belongs.']","['Tie the thread in a knot to secure it', 'Thread the needle']",Tie the thread in a knot to secure it,0,0, A
5,88.46153846153845,"['get sewing kit', 'Thread needle', 'tie a knot in thread', 'Insert needle through button and into fabric where the button belongs.', 'Tie the thread in a knot to secure it']","['Push needle through back of clothes and through hole of button', 'Put away needle and thread']",Put away needle and thread,1,0, A
6,92.3076923076923,"['get sewing kit', 'Thread needle', 'tie a knot in thread', 'Insert needle through button and into fabric where the button belongs.', 'Tie the thread in a knot to secure it', 'Put away needle and thread']","['Check if the button is tight', 'Thread the needle']",Check if the button is tight,0,0, A
0,0.0,[],"['repeat', 'Get sewing kit']",Get sewing kit,1,0, A
1,19.230769230769237,['Get sewing kit'],"['Push needle under material to next hole', 'Get thread']",Get thread,1,0, A
2,23.07692307692308,"['Get sewing kit', 'Get thread']","['Find similar button', ""Make sure it's secure""]",Find similar button,0,0, A
3,61.53846153846154,"['Get sewing kit', 'Get thread', 'Find similar button']","['cut loose thread', 'take needle bring up through the back of the item']",take needle bring up through the back of the item,1,0, A
4,80.76923076923077,"['Get sewing kit', 'Get thread', 'Find similar button', 'take needle bring up through the back of the item']","['Tie thread to needle', 'Loop thread to create knot in thread.']",Loop thread to create knot in thread.,1,0, A
0,0.0,[],"['Cut off any loose threads with a scissors.', 'Get supplies - shirt, new button, thread, needle']","Get supplies - shirt, new button, thread, needle",1,0, A
1,26.923076923076923,"['Get supplies - shirt, new button, thread, needle']","['Place item on flat surface', 'Knot thread']",Place item on flat surface,0,0, A
2,30.76923076923077,"['Get supplies - shirt, new button, thread, needle', 'Place item on flat surface']","['Place button where it is to be sewed', 'Tie knot.']",Place button where it is to be sewed,0,0, A
3,50.0,"['Get supplies - shirt, new button, thread, needle', 'Place item on flat surface', 'Place button where it is to be sewed']","['pull through on the other side', 'Cut away any extra string']",pull through on the other side,0,0, A
4,76.92307692307693,"['Get supplies - shirt, new button, thread, needle', 'Place item on flat surface', 'Place button where it is to be sewed', 'pull through on the other side']","['Thread needle.', 'Continue until button is secure']",Continue until button is secure,1,0, A
5,84.61538461538461,"['Get supplies - shirt, new button, thread, needle', 'Place item on flat surface', 'Place button where it is to be sewed', 'pull through on the other side', 'Continue until button is secure']","['Thread one hole with the needle', 'Cut thread']",Cut thread,1,0, A
0,0.0,[],"['Thread needle', 'Drive to fabric store']",Drive to fabric store,1,0, A
1,19.230769230769237,['Drive to fabric store'],"['Purchase thread', 'push needle through button and shirt']",Purchase thread,0,0, A
2,23.07692307692308,"['Drive to fabric store', 'Purchase thread']","['Repeat until button is tight', 'gather button']",gather button,1,0, A
3,50.0,"['Drive to fabric store', 'Purchase thread', 'gather button']","['Get needle', 'Put needle through button and shirt']",Put needle through button and shirt,1,0, A
4,80.76923076923077,"['Drive to fabric store', 'Purchase thread', 'gather button', 'Put needle through button and shirt']","['Get out needle, thread, button, and clothing item.', 'knot thread']",knot thread,1,0, A
5,88.46153846153845,"['Drive to fabric store', 'Purchase thread', 'gather button', 'Put needle through button and shirt', 'knot thread']","['Put all the items away', 'Tie knot in end of thread']",Put all the items away,0,0, A
0,0.0,[],"['Cut away any loose threads.', 'Get the sewing kit.']",Get the sewing kit.,1,0, A
1,23.07692307692308,['Get the sewing kit.'],"['Insert needle through other side of button on back side', 'gather button']",gather button,1,0, A
2,30.76923076923077,"['Get the sewing kit.', 'gather button']","['Place button onto item of clothing', 'Cut the thread']",Place button onto item of clothing,0,0, A
3,42.30769230769231,"['Get the sewing kit.', 'gather button', 'Place button onto item of clothing']","['measure and cut length of thread', 'Grab a needle and thread']",measure and cut length of thread,0,0, A
4,61.53846153846154,"['Get the sewing kit.', 'gather button', 'Place button onto item of clothing', 'measure and cut length of thread']","['put needle and thread away', 'take needle bring up through the back of the item']",take needle bring up through the back of the item,1,0, A
5,76.92307692307693,"['Get the sewing kit.', 'gather button', 'Place button onto item of clothing', 'measure and cut length of thread', 'take needle bring up through the back of the item']","['Keep threading until the button is firmly attached', 'Grab the garment that you would like to sew the button to.']",Keep threading until the button is firmly attached,0,0, A
0,0.0,[],"['Repeat for remaining holes', 'Drive to fabric store']",Drive to fabric store,1,0, A
1,19.230769230769237,['Drive to fabric store'],"['Get thread', 'Sew on']",Get thread,0,0, A
2,34.61538461538461,"['Drive to fabric store', 'Get thread']","['Thread the needle', 'Push needle down through other button on hole']",Thread the needle,0,0, A
3,50.0,"['Drive to fabric store', 'Get thread', 'Thread the needle']","['Poke a hole in the fabric', 'Get button, thread, needle and scissors']",Poke a hole in the fabric,0,0, A
4,65.38461538461539,"['Drive to fabric store', 'Get thread', 'Thread the needle', 'Poke a hole in the fabric']","['grab a needle and string', 'Cross over to perpendicular hole, push needle back through']","Cross over to perpendicular hole, push needle back through",1,0, A
5,69.23076923076923,"['Drive to fabric store', 'Get thread', 'Thread the needle', 'Poke a hole in the fabric', 'Cross over to perpendicular hole, push needle back through']","['Cut a length of thread more than double what you will need', 'Push needle under material to next hole']",Push needle under material to next hole,1,0, A
6,73.07692307692307,"['Drive to fabric store', 'Get thread', 'Thread the needle', 'Poke a hole in the fabric', 'Cross over to perpendicular hole, push needle back through', 'Push needle under material to next hole']","['Find a button', 'Pull needle and thread']",Pull needle and thread,1,0, A
0,0.0,[],"['Push needle down through other button on hole', 'Drive to fabric store']",Drive to fabric store,1,0, A
1,19.230769230769237,['Drive to fabric store'],"['Get thread.', 'Knot thread']",Get thread.,0,0, A
2,30.76923076923077,"['Drive to fabric store', 'Get thread.']","['Align button', 'tug to make sure it is secure']",Align button,0,0, A
3,53.84615384615385,"['Drive to fabric store', 'Get thread.', 'Align button']","['With other hand, push needle through button hole', 'grab object the button is being sewed']","With other hand, push needle through button hole",0,0, A
4,80.76923076923077,"['Drive to fabric store', 'Get thread.', 'Align button', 'With other hand, push needle through button hole']","['make sure button is secure', 'Find a button']",make sure button is secure,0,0, A
0,0.0,[],"['Put needle and thread back in drawer', 'Get out needle, thread, button, and clothing item.']","Get out needle, thread, button, and clothing item.",1,0, A
1,7.6923076923076925,"['Get out needle, thread, button, and clothing item.']","['Sew in a pattern that looks like an X through the holes of the button.', 'GET SOME NEEDLE AND THREAD']",GET SOME NEEDLE AND THREAD,1,0, A
2,26.923076923076923,"['Get out needle, thread, button, and clothing item.', 'GET SOME NEEDLE AND THREAD']","['Lay down garment', 'Make a knot on last pass']",Lay down garment,0,0, A
3,34.61538461538461,"['Get out needle, thread, button, and clothing item.', 'GET SOME NEEDLE AND THREAD', 'Lay down garment']","['Push needle through other hole of button and through clothes', 'tie the thread to the sewing needle']",tie the thread to the sewing needle,1,0, A
4,53.84615384615385,"['Get out needle, thread, button, and clothing item.', 'GET SOME NEEDLE AND THREAD', 'Lay down garment', 'tie the thread to the sewing needle']","['pull thread forward', 'Thread needle']",pull thread forward,0,0, A
5,61.53846153846154,"['Get out needle, thread, button, and clothing item.', 'GET SOME NEEDLE AND THREAD', 'Lay down garment', 'tie the thread to the sewing needle', 'pull thread forward']","['Put needle away', 'Push needle through hole']",Push needle through hole,1,0, A
6,80.76923076923077,"['Get out needle, thread, button, and clothing item.', 'GET SOME NEEDLE AND THREAD', 'Lay down garment', 'tie the thread to the sewing needle', 'pull thread forward', 'Push needle through hole']","['Get button', 'Tie off the thread on the underside of the garment']",Tie off the thread on the underside of the garment,1,0, A
7,88.46153846153845,"['Get out needle, thread, button, and clothing item.', 'GET SOME NEEDLE AND THREAD', 'Lay down garment', 'tie the thread to the sewing needle', 'pull thread forward', 'Push needle through hole', 'Tie off the thread on the underside of the garment']","['Put away thread and needle', 'Get a thread and a needle']",Put away thread and needle,0,0, A
0,0.0,[],"['Find sewing kit.', 'Cut thread']",Find sewing kit.,0,0, A
1,34.61538461538461,['Find sewing kit.'],"['Tie the thread', 'thread needle']",thread needle,1,0, A
2,53.84615384615385,"['Find sewing kit.', 'thread needle']","['Sew needle through other holes in an X formation', 'Find a button']",Sew needle through other holes in an X formation,0,0, A
3,84.61538461538461,"['Find sewing kit.', 'thread needle', 'Sew needle through other holes in an X formation']","['Thread the needle', 'Cut thread']",Cut thread,1,0, A
0,0.0,[],"['Drive to fabric store', 'Place button on fabric and hold with thumb and index finger']",Drive to fabric store,0,0, A
1,19.230769230769237,['Drive to fabric store'],"['Get the proper colored thread', 'push needle to back of the item']",Get the proper colored thread,0,0, A
2,23.07692307692308,"['Drive to fabric store', 'Get the proper colored thread']","['Get your button', 'Cut thread.']",Get your button,0,0, A
3,61.53846153846154,"['Drive to fabric store', 'Get the proper colored thread', 'Get your button']","['Cut off excess thread', 'Holding button at appropriate location, press needle through first hole on button.']","Holding button at appropriate location, press needle through first hole on button.",1,0, A
4,80.76923076923077,"['Drive to fabric store', 'Get the proper colored thread', 'Get your button', 'Holding button at appropriate location, press needle through first hole on button.']","['Tie the end with a knot.', 'Grab thread and needle']",Tie the end with a knot.,0,0, A
0,0.0,[],"['Pull til it stops at the knot, push through fabric and another button hole', 'Find sewing kit']",Find sewing kit,1,0, A
1,34.61538461538461,['Find sewing kit'],"['Thread the needle', 'cut remaining thread away']",Thread the needle,0,0, A
2,50.0,"['Find sewing kit', 'Thread the needle']","['Cut a length of thread more than double what you will need', 'push needle through button and shirt']",push needle through button and shirt,1,0, A
3,76.92307692307693,"['Find sewing kit', 'Thread the needle', 'push needle through button and shirt']","['Find a button', 'Continue to loop the needle and thread through the button holes.']",Continue to loop the needle and thread through the button holes.,1,0, A
4,80.76923076923077,"['Find sewing kit', 'Thread the needle', 'push needle through button and shirt', 'Continue to loop the needle and thread through the button holes.']","['Tie the thread in a knot to secure it', 'Find button that matches lost button.']",Tie the thread in a knot to secure it,0,0, A
5,84.61538461538461,"['Find sewing kit', 'Thread the needle', 'push needle through button and shirt', 'Continue to loop the needle and thread through the button holes.', 'Tie the thread in a knot to secure it']","['cut loose thread', 'Holding button at appropriate location, press needle through first hole on button.']",cut loose thread,0,0, A
6,88.46153846153845,"['Find sewing kit', 'Thread the needle', 'push needle through button and shirt', 'Continue to loop the needle and thread through the button holes.', 'Tie the thread in a knot to secure it', 'cut loose thread']","['Insert the thread through the button', 'put items away when done']",put items away when done,1,0, A
0,0.0,[],"['Drive to fabric store', 'Sew button through second hole']",Drive to fabric store,0,0, A
1,19.230769230769237,['Drive to fabric store'],"['Find thread color to match button or item requiring the button', 'Cut excess thread']",Find thread color to match button or item requiring the button,0,0, A
2,30.76923076923077,"['Drive to fabric store', 'Find thread color to match button or item requiring the button']","['Place button in desired position', 'Wrap the thread']",Place button in desired position,0,0, A
3,46.15384615384615,"['Drive to fabric store', 'Find thread color to match button or item requiring the button', 'Place button in desired position']","['Push needle down through other button on hole', 'Pass the needle in and out of holes on button']",Pass the needle in and out of holes on button,1,0, A
4,76.92307692307693,"['Drive to fabric store', 'Find thread color to match button or item requiring the button', 'Place button in desired position', 'Pass the needle in and out of holes on button']","['Find thread that matches', 'Repeat several times until button is secure']",Repeat several times until button is secure,1,0, A
0,0.0,[],"['Grab the fabric and button', 'Sew in a pattern that looks like an X through the holes of the button.']",Grab the fabric and button,0,0, A
1,26.923076923076923,['Grab the fabric and button'],"['Cut off remaining thread', 'Get clothes']",Get clothes,1,0, A
2,46.15384615384615,"['Grab the fabric and button', 'Get clothes']","['Find sewing kit', 'Start to sew on button']",Start to sew on button,1,0, A
3,84.61538461538461,"['Grab the fabric and button', 'Get clothes', 'Start to sew on button']","['Get the proper colored thread', 'Cut the thread']",Cut the thread,1,0, A
0,0.0,[],"['Take out sewing kit.', 'Sew button through fourth and final hole']",Take out sewing kit.,0,0, A
1,19.230769230769237,['Take out sewing kit.'],"['Purchase thread', 'Start to sew on button']",Purchase thread,0,0, A
2,34.61538461538461,"['Take out sewing kit.', 'Purchase thread']","['Tie the thread so the button will not come loose', 'Put thread in needle']",Put thread in needle,1,0, A
3,46.15384615384615,"['Take out sewing kit.', 'Purchase thread', 'Put thread in needle']","['Get button', 'sew the button with criss-cross movement of needle']",sew the button with criss-cross movement of needle,1,0, A
4,53.84615384615385,"['Take out sewing kit.', 'Purchase thread', 'Put thread in needle', 'sew the button with criss-cross movement of needle']","['FIND THE REPLACEMENT BUTTON', 'Thread the opposite diagonal hole with the needle and tighten the string']",Thread the opposite diagonal hole with the needle and tighten the string,1,0, A
5,76.92307692307693,"['Take out sewing kit.', 'Purchase thread', 'Put thread in needle', 'sew the button with criss-cross movement of needle', 'Thread the opposite diagonal hole with the needle and tighten the string']","['Thread needle', 'Repeat the inserting as above for about 10 times']",Repeat the inserting as above for about 10 times,1,0, A
6,80.76923076923077,"['Take out sewing kit.', 'Purchase thread', 'Put thread in needle', 'sew the button with criss-cross movement of needle', 'Thread the opposite diagonal hole with the needle and tighten the string', 'Repeat the inserting as above for about 10 times']","['Make knot between thread and clothing.', 'carefully cut off old button if exists']",Make knot between thread and clothing.,0,0, A
7,84.61538461538461,"['Take out sewing kit.', 'Purchase thread', 'Put thread in needle', 'sew the button with criss-cross movement of needle', 'Thread the opposite diagonal hole with the needle and tighten the string', 'Repeat the inserting as above for about 10 times', 'Make knot between thread and clothing.']","['Cut off excess thread', 'Find a button']",Cut off excess thread,0,0, A
8,88.46153846153845,"['Take out sewing kit.', 'Purchase thread', 'Put thread in needle', 'sew the button with criss-cross movement of needle', 'Thread the opposite diagonal hole with the needle and tighten the string', 'Repeat the inserting as above for about 10 times', 'Make knot between thread and clothing.', 'Cut off excess thread']","['put items away when done', 'Get out sewing kit.']",put items away when done,0,0, A
9,92.3076923076923,"['Take out sewing kit.', 'Purchase thread', 'Put thread in needle', 'sew the button with criss-cross movement of needle', 'Thread the opposite diagonal hole with the needle and tighten the string', 'Repeat the inserting as above for about 10 times', 'Make knot between thread and clothing.', 'Cut off excess thread', 'put items away when done']","['Get button', 'Check new button']",Check new button,1,0, A
0,0.0,[],"['Drive to fabric store', 'Stick the needle through']",Drive to fabric store,0,0, A
1,19.230769230769237,['Drive to fabric store'],"['Pull out a length of thread.', 'Pull the needle until thread is completely on the other side of shirt']",Pull out a length of thread.,0,0, A
2,30.76923076923077,"['Drive to fabric store', 'Pull out a length of thread.']","['Check the button', 'Position button in correct place.']",Position button in correct place.,1,0, A
3,42.30769230769231,"['Drive to fabric store', 'Pull out a length of thread.', 'Position button in correct place.']","['knot thread', 'Cut about 16 inches worth of thread.']",Cut about 16 inches worth of thread.,1,0, A
4,61.53846153846154,"['Drive to fabric store', 'Pull out a length of thread.', 'Position button in correct place.', 'Cut about 16 inches worth of thread.']","['Put needle into one button hole through shirt.', 'Cut the thread.']",Put needle into one button hole through shirt.,0,0, A
5,76.92307692307693,"['Drive to fabric store', 'Pull out a length of thread.', 'Position button in correct place.', 'Cut about 16 inches worth of thread.', 'Put needle into one button hole through shirt.']","['Repeat several times until button is attached solidly to the fabric.', 'find shirt with missing button']",Repeat several times until button is attached solidly to the fabric.,0,0, A
0,0.0,[],"['Cut thread', 'Drive to fabric store']",Drive to fabric store,1,0, A
1,19.230769230769237,['Drive to fabric store'],"['get some thread', 'Starting on inside of garment, push through with needle.']",get some thread,0,0, A
2,30.76923076923077,"['Drive to fabric store', 'get some thread']","['Place button on desired spot on shirt.', 'Bring the needle up through another hole on button.']",Place button on desired spot on shirt.,0,0, A
3,42.30769230769231,"['Drive to fabric store', 'get some thread', 'Place button on desired spot on shirt.']","['Take a needle and required thread', 'measure and cut length of thread']",measure and cut length of thread,1,0, A
4,61.53846153846154,"['Drive to fabric store', 'get some thread', 'Place button on desired spot on shirt.', 'measure and cut length of thread']","['Thread one hole with the needle', 'Cut thread close to knot.']",Thread one hole with the needle,0,0, A
5,76.92307692307693,"['Drive to fabric store', 'get some thread', 'Place button on desired spot on shirt.', 'measure and cut length of thread', 'Thread one hole with the needle']","[""Repeat until it's stable"", 'Put one end of thread through the eye of the needle.']",Repeat until it's stable,0,0, A
0,0.0,[],"['Get scissors, needle, button and thread', 'Pull through other side.']","Get scissors, needle, button and thread",0,0, A
1,26.923076923076923,"['Get scissors, needle, button and thread']","['make sure button is secure', 'Lay down garment']",Lay down garment,1,0, A
2,34.61538461538461,"['Get scissors, needle, button and thread', 'Lay down garment']","['Thread the needle.', 'Cut thread']",Thread the needle.,0,0, A
3,42.30769230769231,"['Get scissors, needle, button and thread', 'Lay down garment', 'Thread the needle.']","['Cut away old strings', 'Tie off knot with thread.']",Cut away old strings,0,0, A
4,61.53846153846154,"['Get scissors, needle, button and thread', 'Lay down garment', 'Thread the needle.', 'Cut away old strings']","['Get thread', 'Pass the needle through one of the button holes']",Pass the needle through one of the button holes,1,0, A
5,80.76923076923077,"['Get scissors, needle, button and thread', 'Lay down garment', 'Thread the needle.', 'Cut away old strings', 'Pass the needle through one of the button holes']","['Mark on clothing where button is to go', 'Tie knot in thread']",Tie knot in thread,1,0, A
6,88.46153846153845,"['Get scissors, needle, button and thread', 'Lay down garment', 'Thread the needle.', 'Cut away old strings', 'Pass the needle through one of the button holes', 'Tie knot in thread']","['Find thread and needle.', 'Put needle and thread back in drawer']",Put needle and thread back in drawer,1,0, A
7,92.3076923076923,"['Get scissors, needle, button and thread', 'Lay down garment', 'Thread the needle.', 'Cut away old strings', 'Pass the needle through one of the button holes', 'Tie knot in thread', 'Put needle and thread back in drawer']","['MAKE SURE BUTTON IS SECURE', 'Find right color string']",MAKE SURE BUTTON IS SECURE,0,0, A
0,0.0,[],"['Take out sewing kit.', 'Push needle through other hole of button and through clothes']",Take out sewing kit.,0,0, A
1,11.538461538461538,['Take out sewing kit.'],"['Get a needle', 'Push the needle through the garment into the button']",Get a needle,0,0, A
2,30.76923076923077,"['Take out sewing kit.', 'Get a needle']","['Find the location where button needs to be sewn.', 'When done knot end.']",Find the location where button needs to be sewn.,0,0, A
3,61.53846153846154,"['Take out sewing kit.', 'Get a needle', 'Find the location where button needs to be sewn.']","['Cut excess thread', 'Start sewing going into the back of the garment.']",Start sewing going into the back of the garment.,1,0, A
4,80.76923076923077,"['Take out sewing kit.', 'Get a needle', 'Find the location where button needs to be sewn.', 'Start sewing going into the back of the garment.']","['slide thread through hole', 'Repeat to make loop and knot it.']",Repeat to make loop and knot it.,1,0, A
5,88.46153846153845,"['Take out sewing kit.', 'Get a needle', 'Find the location where button needs to be sewn.', 'Start sewing going into the back of the garment.', 'Repeat to make loop and knot it.']","['Put away needle and thread', 'Find similar color thread to use.']",Put away needle and thread,0,0, A
0,0.0,[],"['Get a thimble', 'Cut loose ends.']",Get a thimble,0,0, A
1,26.923076923076923,['Get a thimble'],"['Do this through all holes of button', 'Get the item of clothing the button is to go on']",Get the item of clothing the button is to go on,1,0, A
2,30.76923076923077,"['Get a thimble', 'Get the item of clothing the button is to go on']","['Put needle through button and clothing.', 'place button where you want it']",place button where you want it,1,0, A
3,61.53846153846154,"['Get a thimble', 'Get the item of clothing the button is to go on', 'place button where you want it']","['Get a needle and thread.', 'Push needle through hole']",Push needle through hole,1,0, A
4,65.38461538461539,"['Get a thimble', 'Get the item of clothing the button is to go on', 'place button where you want it', 'Push needle through hole']","['Cross over to perpendicular hole, push needle back through', 'thread the needle']","Cross over to perpendicular hole, push needle back through",0,0, A
5,69.23076923076923,"['Get a thimble', 'Get the item of clothing the button is to go on', 'place button where you want it', 'Push needle through hole', 'Cross over to perpendicular hole, push needle back through']","['put needle into adjoining hole', 'Thread the needle']",put needle into adjoining hole,0,0, A
6,73.07692307692307,"['Get a thimble', 'Get the item of clothing the button is to go on', 'place button where you want it', 'Push needle through hole', 'Cross over to perpendicular hole, push needle back through', 'put needle into adjoining hole']","['Find button', 'push needle to back of the item']",push needle to back of the item,1,0, A
7,84.61538461538461,"['Get a thimble', 'Get the item of clothing the button is to go on', 'place button where you want it', 'Push needle through hole', 'Cross over to perpendicular hole, push needle back through', 'put needle into adjoining hole', 'push needle to back of the item']","['cut the thread', 'Line the button back into place']",cut the thread,0,0, A
0,0.0,[],"['Drive to fabric store', 'Repeat for all holes to reinforce']",Drive to fabric store,0,0, A
1,19.230769230769237,['Drive to fabric store'],"['Get thread.', 'Cut off the extra thread']",Get thread.,0,0, A
2,26.923076923076923,"['Drive to fabric store', 'Get thread.']","['put the supplies away', 'find shirt with missing button']",find shirt with missing button,1,0, A
3,46.15384615384615,"['Drive to fabric store', 'Get thread.', 'find shirt with missing button']","['Get the proper colored thread', 'Sew in a pattern that looks like an X through the holes of the button.']",Sew in a pattern that looks like an X through the holes of the button.,1,0, A
4,50.0,"['Drive to fabric store', 'Get thread.', 'find shirt with missing button', 'Sew in a pattern that looks like an X through the holes of the button.']","['Get thread.', 'put the needle into the fabric']",put the needle into the fabric,1,0, A
5,61.53846153846154,"['Drive to fabric store', 'Get thread.', 'find shirt with missing button', 'Sew in a pattern that looks like an X through the holes of the button.', 'put the needle into the fabric']","['Hold shirt with non-dominant hand', 'Pull thread through']",Pull thread through,1,0, A
6,76.92307692307693,"['Drive to fabric store', 'Get thread.', 'find shirt with missing button', 'Sew in a pattern that looks like an X through the holes of the button.', 'put the needle into the fabric', 'Pull thread through']","['Thread a needle', 'Repeat step 8 until button is sewn on']",Repeat step 8 until button is sewn on,1,0, A
7,80.76923076923077,"['Drive to fabric store', 'Get thread.', 'find shirt with missing button', 'Sew in a pattern that looks like an X through the holes of the button.', 'put the needle into the fabric', 'Pull thread through', 'Repeat step 8 until button is sewn on']","['thread the needle', 'Tie off thread']",Tie off thread,1,0, A
8,84.61538461538461,"['Drive to fabric store', 'Get thread.', 'find shirt with missing button', 'Sew in a pattern that looks like an X through the holes of the button.', 'put the needle into the fabric', 'Pull thread through', 'Repeat step 8 until button is sewn on', 'Tie off thread']","['Poke hole with needle through button hole and fabric', 'Cut the thread']",Cut the thread,1,0, A
9,88.46153846153845,"['Drive to fabric store', 'Get thread.', 'find shirt with missing button', 'Sew in a pattern that looks like an X through the holes of the button.', 'put the needle into the fabric', 'Pull thread through', 'Repeat step 8 until button is sewn on', 'Tie off thread', 'Cut the thread']","['Hold shirt with non-dominant hand', 'Put away needle and thread']",Put away needle and thread,1,0, A
10,92.3076923076923,"['Drive to fabric store', 'Get thread.', 'find shirt with missing button', 'Sew in a pattern that looks like an X through the holes of the button.', 'put the needle into the fabric', 'Pull thread through', 'Repeat step 8 until button is sewn on', 'Tie off thread', 'Cut the thread', 'Put away needle and thread']","['Check new button', 'putting the button on the fabric']",Check new button,0,0, A
0,0.0,[],"['Thread the opposite diagonal hole with the needle and tighten the string', 'Get scissors, needle, button and thread']","Get scissors, needle, button and thread",1,0, A
1,30.76923076923077,"['Get scissors, needle, button and thread']","['Line the button back into place', ""Make sure it's secure""]",Line the button back into place,0,0, A
2,42.30769230769231,"['Get scissors, needle, button and thread', 'Line the button back into place']","['Cut thread string to how much is needed', 'Repeat until button is secure']",Cut thread string to how much is needed,0,0, A
3,46.15384615384615,"['Get scissors, needle, button and thread', 'Line the button back into place', 'Cut thread string to how much is needed']","['use needle and thread to sew button onto shirt', 'Take needle from sewing kit']",use needle and thread to sew button onto shirt,0,0, A
4,84.61538461538461,"['Get scissors, needle, button and thread', 'Line the button back into place', 'Cut thread string to how much is needed', 'use needle and thread to sew button onto shirt']","['Tie knot to secure thread and button to clothes', 'Select thread']",Tie knot to secure thread and button to clothes,0,0, A
0,0.0,[],"['Drive to fabric store', 'Repeat through each button hole']",Drive to fabric store,0,0, A
1,19.230769230769237,['Drive to fabric store'],"['Use the needle to sew the broken button', 'Get thread']",Get thread,1,0, A
2,23.07692307692308,"['Drive to fabric store', 'Get thread']","['Push the needle through one button hole and back out another hole', 'Get extra button']",Get extra button,1,0, A
3,26.923076923076923,"['Drive to fabric store', 'Get thread', 'Get extra button']","['repeat 5-8 several times until button is secure', 'Get the item of clothing the button is to go on']",Get the item of clothing the button is to go on,1,0, A
4,34.61538461538461,"['Drive to fabric store', 'Get thread', 'Get extra button', 'Get the item of clothing the button is to go on']","['Thread needle with some thread.', 'cut the thread']",Thread needle with some thread.,0,0, A
5,53.84615384615385,"['Drive to fabric store', 'Get thread', 'Get extra button', 'Get the item of clothing the button is to go on', 'Thread needle with some thread.']","['Thread needle', 'Thread the opposite diagonal hole with the needle and tighten the string']",Thread the opposite diagonal hole with the needle and tighten the string,1,0, A
6,84.61538461538461,"['Drive to fabric store', 'Get thread', 'Get extra button', 'Get the item of clothing the button is to go on', 'Thread needle with some thread.', 'Thread the opposite diagonal hole with the needle and tighten the string']","['Put the thread through the button and start threading', 'break the thread']",break the thread,1,0, A
7,88.46153846153845,"['Drive to fabric store', 'Get thread', 'Get extra button', 'Get the item of clothing the button is to go on', 'Thread needle with some thread.', 'Thread the opposite diagonal hole with the needle and tighten the string', 'break the thread']","['Clean up.', 'Tie knot']",Clean up.,0,0, A
0,0.0,[],"['Grab the fabric and button', ""TIE A KNOT IN THE END OF THE THREAD SO THE BUTTON DOESN'T COME OFF""]",Grab the fabric and button,0,0, A
1,26.923076923076923,['Grab the fabric and button'],"['Tie end in a knot', 'Take the cloth to be sewed']",Take the cloth to be sewed,1,0, A
2,30.76923076923077,"['Grab the fabric and button', 'Take the cloth to be sewed']","['Make knot between thread and clothing.', 'Put the button in the correct spot.']",Put the button in the correct spot.,1,0, A
3,34.61538461538461,"['Grab the fabric and button', 'Take the cloth to be sewed', 'Put the button in the correct spot.']","['Tie the thread so the button will not come loose', 'Thread the needle.']",Thread the needle.,1,0, A
4,88.46153846153845,"['Grab the fabric and button', 'Take the cloth to be sewed', 'Put the button in the correct spot.', 'Thread the needle.']","['PUT NEEDLE AND THREAD AWAY', 'Cut away old strings']",PUT NEEDLE AND THREAD AWAY,0,0, A
0,0.0,[],"['Cut away any extra string', 'Drive to fabric store']",Drive to fabric store,1,0, A
1,19.230769230769237,['Drive to fabric store'],"['MAKE SURE BUTTON IS SECURE', 'Get thread']",Get thread,1,0, A
2,23.07692307692308,"['Drive to fabric store', 'Get thread']","['Cut the needle off of the thread.', 'Find a button']",Find a button,1,0, A
3,30.76923076923077,"['Drive to fabric store', 'Get thread', 'Find a button']","['get sewing kit', 'Put the button in the correct spot.']",Put the button in the correct spot.,1,0, A
4,53.84615384615385,"['Drive to fabric store', 'Get thread', 'Find a button', 'Put the button in the correct spot.']","['put needle and thread away', 'repeat the same way']",repeat the same way,1,0, A
5,76.92307692307693,"['Drive to fabric store', 'Get thread', 'Find a button', 'Put the button in the correct spot.', 'repeat the same way']","['Place button on item', 'Keep sewing until the button is secure.']",Keep sewing until the button is secure.,1,0, A
6,84.61538461538461,"['Drive to fabric store', 'Get thread', 'Find a button', 'Put the button in the correct spot.', 'repeat the same way', 'Keep sewing until the button is secure.']","['Tie knot in other end of thread', 'Cut off the extra thread']",Cut off the extra thread,1,0, A
0,0.0,[],"['Drive to fabric store', 'put thread in needle']",Drive to fabric store,0,0, A
1,19.230769230769237,['Drive to fabric store'],"['Thread button onto clothing', 'get thread']",get thread,1,0, A
2,23.07692307692308,"['Drive to fabric store', 'get thread']","['Do this several times until the button is secure', 'Get button']",Get button,1,0, A
3,50.0,"['Drive to fabric store', 'get thread', 'Get button']","['push the needle through the fabric', 'Find matching thread']",push the needle through the fabric,0,0, A
4,76.92307692307693,"['Drive to fabric store', 'get thread', 'Get button', 'push the needle through the fabric']","['Repeat this until the button is secure', 'Find a button']",Repeat this until the button is secure,0,0, A
5,80.76923076923077,"['Drive to fabric store', 'get thread', 'Get button', 'push the needle through the fabric', 'Repeat this until the button is secure']","['Tie a knot in the end of thread', 'Wrap the thread']",Wrap the thread,1,0, A
6,88.46153846153845,"['Drive to fabric store', 'get thread', 'Get button', 'push the needle through the fabric', 'Repeat this until the button is secure', 'Wrap the thread']","['Put away thread and needle', 'Get the garment']",Put away thread and needle,0,0, A
7,92.3076923076923,"['Drive to fabric store', 'get thread', 'Get button', 'push the needle through the fabric', 'Repeat this until the button is secure', 'Wrap the thread', 'Put away thread and needle']","['Align the button on the correct place on the cloth', 'MAKE SURE BUTTON IS SECURE']",MAKE SURE BUTTON IS SECURE,1,0, A
0,0.0,[],"['Get scissors, needle, button and thread', 'Thread needle']","Get scissors, needle, button and thread",0,0, A
1,15.384615384615383,"['Get scissors, needle, button and thread']","['Cut off any excess thread.', 'Find right color string']",Find right color string,1,0, A
2,34.61538461538461,"['Get scissors, needle, button and thread', 'Find right color string']","['knot thread', 'Place the thread through the needle']",Place the thread through the needle,1,0, A
3,50.0,"['Get scissors, needle, button and thread', 'Find right color string', 'Place the thread through the needle']","['Put needle through one hole', 'Get needle and thread']",Put needle through one hole,0,0, A
4,76.92307692307693,"['Get scissors, needle, button and thread', 'Find right color string', 'Place the thread through the needle', 'Put needle through one hole']","['Purchase thread', 'stitching the button on']",stitching the button on,1,0, A
0,0.0,[],"['get thread, needle, button to be sewn', 'Put the needle and thread away']","get thread, needle, button to be sewn",0,0, A
1,26.923076923076923,"['get thread, needle, button to be sewn']","['Hold shirt with non-dominant hand', 'Poke a hole in the fabric']",Hold shirt with non-dominant hand,0,0, A
2,30.76923076923077,"['get thread, needle, button to be sewn', 'Hold shirt with non-dominant hand']","['Place button on clothing', 'Repeat through each button hole']",Place button on clothing,0,0, A
3,50.0,"['get thread, needle, button to be sewn', 'Hold shirt with non-dominant hand', 'Place button on clothing']","['Get thread', 'Put needle and thread through shirt']",Put needle and thread through shirt,1,0, A
4,76.92307692307693,"['get thread, needle, button to be sewn', 'Hold shirt with non-dominant hand', 'Place button on clothing', 'Put needle and thread through shirt']","['Thread needle.', 'Repeat for all holes to reinforce']",Repeat for all holes to reinforce,1,0, A
0,0.0,[],"['Get sewing kit', 'Sew through holes or shank in button.']",Get sewing kit,0,0, A
1,19.230769230769237,['Get sewing kit'],"['moving the needle in and out of the fabric', 'Find thread color to match button or item requiring the button']",Find thread color to match button or item requiring the button,1,0, A
2,23.07692307692308,"['Get sewing kit', 'Find thread color to match button or item requiring the button']","['Cut thread from spindle', 'FIND THE REPLACEMENT BUTTON']",FIND THE REPLACEMENT BUTTON,1,0, A
3,34.61538461538461,"['Get sewing kit', 'Find thread color to match button or item requiring the button', 'FIND THE REPLACEMENT BUTTON']","['Push thread through needle and tie in a knot', 'when done tie the end properly']",Push thread through needle and tie in a knot,0,0, A
4,50.0,"['Get sewing kit', 'Find thread color to match button or item requiring the button', 'FIND THE REPLACEMENT BUTTON', 'Push thread through needle and tie in a knot']","['pull through on the other side', 'Take a needle and required thread']",pull through on the other side,0,0, A
5,53.84615384615385,"['Get sewing kit', 'Find thread color to match button or item requiring the button', 'FIND THE REPLACEMENT BUTTON', 'Push thread through needle and tie in a knot', 'pull through on the other side']","['Pull the needle through a hole in the button, then back into the fabric', 'Get the garment']","Pull the needle through a hole in the button, then back into the fabric",0,0, A
6,61.53846153846154,"['Get sewing kit', 'Find thread color to match button or item requiring the button', 'FIND THE REPLACEMENT BUTTON', 'Push thread through needle and tie in a knot', 'pull through on the other side', 'Pull the needle through a hole in the button, then back into the fabric']","['cut thread', 'Thread one hole with the needle']",Thread one hole with the needle,1,0, A
7,80.76923076923077,"['Get sewing kit', 'Find thread color to match button or item requiring the button', 'FIND THE REPLACEMENT BUTTON', 'Push thread through needle and tie in a knot', 'pull through on the other side', 'Pull the needle through a hole in the button, then back into the fabric', 'Thread one hole with the needle']","['Tie the thread in a knot to secure it', 'Select a button']",Tie the thread in a knot to secure it,0,0, A
8,84.61538461538461,"['Get sewing kit', 'Find thread color to match button or item requiring the button', 'FIND THE REPLACEMENT BUTTON', 'Push thread through needle and tie in a knot', 'pull through on the other side', 'Pull the needle through a hole in the button, then back into the fabric', 'Thread one hole with the needle', 'Tie the thread in a knot to secure it']","['Cut thread', ""pass needle and thread back through another of the button's needle holes""]",Cut thread,0,0, A
0,0.0,[],"['Get a thimble', 'tie off thread']",Get a thimble,0,0, A
1,15.384615384615383,['Get a thimble'],"['Crisscross on the button', 'Choose thread color']",Choose thread color,1,0, A
2,19.230769230769237,"['Get a thimble', 'Choose thread color']","['Cut thread.', 'Pick thread to use']",Pick thread to use,1,0, A
3,23.07692307692308,"['Get a thimble', 'Choose thread color', 'Pick thread to use']","['Get proper button', 'sew button into fabric making sure stitches are secure']",Get proper button,0,0, A
4,26.923076923076923,"['Get a thimble', 'Choose thread color', 'Pick thread to use', 'Get proper button']","['Repeat for remaining holes', 'taking the right button out']",taking the right button out,1,0, A
5,34.61538461538461,"['Get a thimble', 'Choose thread color', 'Pick thread to use', 'Get proper button', 'taking the right button out']","['Cut off remaining thread', 'Thread a needle.']",Thread a needle.,1,0, A
6,46.15384615384615,"['Get a thimble', 'Choose thread color', 'Pick thread to use', 'Get proper button', 'taking the right button out', 'Thread a needle.']","['Find thread and needle.', 'Thread button onto clothing']",Thread button onto clothing,1,0, A
7,80.76923076923077,"['Get a thimble', 'Choose thread color', 'Pick thread to use', 'Get proper button', 'taking the right button out', 'Thread a needle.', 'Thread button onto clothing']","['Determine proper placement for button', 'Tie knot.']",Tie knot.,1,0, A
8,88.46153846153845,"['Get a thimble', 'Choose thread color', 'Pick thread to use', 'Get proper button', 'taking the right button out', 'Thread a needle.', 'Thread button onto clothing', 'Tie knot.']","['Put away needle and thread', 'put button where other button was located']",Put away needle and thread,0,0, A
9,92.3076923076923,"['Get a thimble', 'Choose thread color', 'Pick thread to use', 'Get proper button', 'taking the right button out', 'Thread a needle.', 'Thread button onto clothing', 'Tie knot.', 'Put away needle and thread']","['Find a needle', 'Check new button']",Check new button,1,0, A
0,0.0,[],"['Drive to fabric store', 'Thread a needle.']",Drive to fabric store,0,0, A
1,19.230769230769237,['Drive to fabric store'],"['When done knot end.', 'Get thread.']",Get thread.,1,0, A
2,30.76923076923077,"['Drive to fabric store', 'Get thread.']","['Get back the needle through the third button hole', 'Align button']",Align button,1,0, A
3,53.84615384615385,"['Drive to fabric store', 'Get thread.', 'Align button']","['Get thread', 'With other hand, push needle through button hole']","With other hand, push needle through button hole",1,0, A
4,57.692307692307686,"['Drive to fabric store', 'Get thread.', 'Align button', 'With other hand, push needle through button hole']","['Get needle', 'Place needle through clothing.']",Place needle through clothing.,1,0, A
5,76.92307692307693,"['Drive to fabric store', 'Get thread.', 'Align button', 'With other hand, push needle through button hole', 'Place needle through clothing.']","['get item to be sewn', 'Repeat for all holes to reinforce']",Repeat for all holes to reinforce,1,0, A
6,80.76923076923077,"['Drive to fabric store', 'Get thread.', 'Align button', 'With other hand, push needle through button hole', 'Place needle through clothing.', 'Repeat for all holes to reinforce']","['Find button', 'tug to make sure it is secure']",tug to make sure it is secure,1,0, A
7,84.61538461538461,"['Drive to fabric store', 'Get thread.', 'Align button', 'With other hand, push needle through button hole', 'Place needle through clothing.', 'Repeat for all holes to reinforce', 'tug to make sure it is secure']","['thread needle', 'Cut the excess thread']",Cut the excess thread,1,0, A
8,88.46153846153845,"['Drive to fabric store', 'Get thread.', 'Align button', 'With other hand, push needle through button hole', 'Place needle through clothing.', 'Repeat for all holes to reinforce', 'tug to make sure it is secure', 'Cut the excess thread']","['Take out the needle', 'pull the needle through']",Take out the needle,0,0, A
0,0.0,[],"['Drive to fabric store', 'Thread needle']",Drive to fabric store,0,0, A
1,19.230769230769237,['Drive to fabric store'],"['Poke hole with needle through button hole and fabric', 'Find some thread']",Find some thread,1,0, A
2,23.07692307692308,"['Drive to fabric store', 'Find some thread']","['Find a spare button that matches the other buttons', 'Put needle through button and clothing.']",Find a spare button that matches the other buttons,0,0, A
3,61.53846153846154,"['Drive to fabric store', 'Find some thread', 'Find a spare button that matches the other buttons']","['Insert needle through one side of button', 'Get a needle']",Insert needle through one side of button,0,0, A
4,80.76923076923077,"['Drive to fabric store', 'Find some thread', 'Find a spare button that matches the other buttons', 'Insert needle through one side of button']","['Tie off the thread on the underside of the garment', 'Position button on shirt']",Tie off the thread on the underside of the garment,0,0, A
5,88.46153846153845,"['Drive to fabric store', 'Find some thread', 'Find a spare button that matches the other buttons', 'Insert needle through one side of button', 'Tie off the thread on the underside of the garment']","['Put all the items away', 'Get item that needs button sewing on']",Put all the items away,0,0, A
6,92.3076923076923,"['Drive to fabric store', 'Find some thread', 'Find a spare button that matches the other buttons', 'Insert needle through one side of button', 'Tie off the thread on the underside of the garment', 'Put all the items away']","['Check if the button is tight', 'Get a needle']",Check if the button is tight,0,0, A
0,0.0,[],"['taking the right button out', 'Grab the fabric and button']",Grab the fabric and button,1,0, A
1,30.76923076923077,['Grab the fabric and button'],"['Tie the thread so the button will not come loose', 'put button where other button was located']",put button where other button was located,1,0, A
2,42.30769230769231,"['Grab the fabric and button', 'put button where other button was located']","['Cut thread string to how much is needed', 'Get thread']",Cut thread string to how much is needed,0,0, A
3,46.15384615384615,"['Grab the fabric and button', 'put button where other button was located', 'Cut thread string to how much is needed']","['Use needle and thread to sew button', 'gather needle and thread']",Use needle and thread to sew button,0,0, A
0,0.0,[],"['Drive to fabric store', 'THREAD THE THREAD ONTO THE NEEDLE']",Drive to fabric store,0,0, A
1,19.230769230769237,['Drive to fabric store'],"['Get thread', 'Use the needle to guide the thread']",Get thread,0,0, A
2,26.923076923076923,"['Drive to fabric store', 'Get thread']","['Get item that needs a button', 'push needle to back of the item']",Get item that needs a button,0,0, A
3,34.61538461538461,"['Drive to fabric store', 'Get thread', 'Get item that needs a button']","['Push needle down through other button on hole', 'THREAD THE THREAD ONTO THE NEEDLE']",THREAD THE THREAD ONTO THE NEEDLE,1,0, A
4,61.53846153846154,"['Drive to fabric store', 'Get thread', 'Get item that needs a button', 'THREAD THE THREAD ONTO THE NEEDLE']","['cut the thread', 'Push needle through first hole']",Push needle through first hole,1,0, A
5,65.38461538461539,"['Drive to fabric store', 'Get thread', 'Get item that needs a button', 'THREAD THE THREAD ONTO THE NEEDLE', 'Push needle through first hole']","['Find a button', 'Cross over to perpendicular hole, push needle back through']","Cross over to perpendicular hole, push needle back through",1,0, A
6,76.92307692307693,"['Drive to fabric store', 'Get thread', 'Get item that needs a button', 'THREAD THE THREAD ONTO THE NEEDLE', 'Push needle through first hole', 'Cross over to perpendicular hole, push needle back through']","['thread the needle', 'Repeat for all holes to reinforce']",Repeat for all holes to reinforce,1,0, A
0,0.0,[],"['Drive to fabric store', 'repeat 5-8 several times until button is secure']",Drive to fabric store,0,0, A
1,19.230769230769237,['Drive to fabric store'],"['Get thread.', 'Tie the thread so the button will not come loose']",Get thread.,0,0, A
2,26.923076923076923,"['Drive to fabric store', 'Get thread.']","['Get the item of clothing the button is to go on', 'Snip excess thread off']",Get the item of clothing the button is to go on,0,0, A
3,50.0,"['Drive to fabric store', 'Get thread.', 'Get the item of clothing the button is to go on']","['Push needle through the button hole into the fabric', 'Clean up.']",Push needle through the button hole into the fabric,0,0, A
4,80.76923076923077,"['Drive to fabric store', 'Get thread.', 'Get the item of clothing the button is to go on', 'Push needle through the button hole into the fabric']","['Thread the needle', 'Knot thread']",Knot thread,1,0, A
5,88.46153846153845,"['Drive to fabric store', 'Get thread.', 'Get the item of clothing the button is to go on', 'Push needle through the button hole into the fabric', 'Knot thread']","['Put needle away', 'put button where other button was located']",Put needle away,0,0, A
6,92.3076923076923,"['Drive to fabric store', 'Get thread.', 'Get the item of clothing the button is to go on', 'Push needle through the button hole into the fabric', 'Knot thread', 'Put needle away']","['Find button that matches lost button.', 'Check the button']",Check the button,1,0, A
0,0.0,[],"['Get sewing kit', 'Clean up.']",Get sewing kit,0,0, A
1,23.07692307692308,['Get sewing kit'],"['Take button.', 'PUT NEEDLE AND THREAD AWAY']",Take button.,0,0, A
2,38.46153846153847,"['Get sewing kit', 'Take button.']","['grab a needle', 'Tie knot in end of thread']",Tie knot in end of thread,1,0, A
3,50.0,"['Get sewing kit', 'Take button.', 'Tie knot in end of thread']","['Starting on inside of garment, push through with needle.', 'Choose thread to sew button on with.']","Starting on inside of garment, push through with needle.",0,0, A
4,53.84615384615385,"['Get sewing kit', 'Take button.', 'Tie knot in end of thread', 'Starting on inside of garment, push through with needle.']","['Pull thread through and secure button', 'Get sewing kit']",Pull thread through and secure button,0,0, A
5,80.76923076923077,"['Get sewing kit', 'Take button.', 'Tie knot in end of thread', 'Starting on inside of garment, push through with needle.', 'Pull thread through and secure button']","['line it up with the hole', 'Tie end in a knot']",Tie end in a knot,1,0, A
6,88.46153846153845,"['Get sewing kit', 'Take button.', 'Tie knot in end of thread', 'Starting on inside of garment, push through with needle.', 'Pull thread through and secure button', 'Tie end in a knot']","['Put all the items away', 'Cut excess thread']",Put all the items away,0,0, A
0,0.0,[],"['moving the needle in and out of the fabric', 'Drive to fabric store']",Drive to fabric store,1,0, A
1,19.230769230769237,['Drive to fabric store'],"['Take thread from sewing kit', 'Tie knot in thread']",Take thread from sewing kit,0,0, A
2,34.61538461538461,"['Drive to fabric store', 'Take thread from sewing kit']","['Sew through the diagonal hole of the button and the garment.', 'thread the needle']",thread the needle,1,0, A
3,53.84615384615385,"['Drive to fabric store', 'Take thread from sewing kit', 'thread the needle']","['Thread the opposite diagonal hole with the needle and tighten the string', 'Remove the old button']",Thread the opposite diagonal hole with the needle and tighten the string,0,0, A
4,80.76923076923077,"['Drive to fabric store', 'Take thread from sewing kit', 'thread the needle', 'Thread the opposite diagonal hole with the needle and tighten the string']","['Prepare needle and thread.', 'Make a knot on last pass']",Make a knot on last pass,1,0, A
0,0.0,[],"['put sewing kit away', 'Get out sewing kit.']",Get out sewing kit.,1,0, A
1,23.07692307692308,['Get out sewing kit.'],"['when done tie the end properly', 'Find a button to sew.']",Find a button to sew.,1,0, A
2,26.923076923076923,"['Get out sewing kit.', 'Find a button to sew.']","['Remove the old button', 'Get sewing kit']",Remove the old button,0,0, A
3,30.76923076923077,"['Get out sewing kit.', 'Find a button to sew.', 'Remove the old button']","['place button on cloth where it needs to go', 'Repeat several times until button is attached solidly to the fabric.']",place button on cloth where it needs to go,0,0, A
4,42.30769230769231,"['Get out sewing kit.', 'Find a button to sew.', 'Remove the old button', 'place button on cloth where it needs to go']","['cut remaining thread away', 'Cut about 16 inches worth of thread.']",Cut about 16 inches worth of thread.,1,0, A
5,46.15384615384615,"['Get out sewing kit.', 'Find a button to sew.', 'Remove the old button', 'place button on cloth where it needs to go', 'Cut about 16 inches worth of thread.']","['Find a button that matches', 'Sew thread on needle through hole of button.']",Sew thread on needle through hole of button.,1,0, A
6,80.76923076923077,"['Get out sewing kit.', 'Find a button to sew.', 'Remove the old button', 'place button on cloth where it needs to go', 'Cut about 16 inches worth of thread.', 'Sew thread on needle through hole of button.']","['Find a needle and thread', 'tug to make sure it is secure']",tug to make sure it is secure,1,0, A
7,84.61538461538461,"['Get out sewing kit.', 'Find a button to sew.', 'Remove the old button', 'place button on cloth where it needs to go', 'Cut about 16 inches worth of thread.', 'Sew thread on needle through hole of button.', 'tug to make sure it is secure']","['Get thread', 'Cut thread close to knot.']",Cut thread close to knot.,1,0, A
0,0.0,[],"['Apply button by driving needle through button', 'get sewing kit']",get sewing kit,1,0, A
1,23.07692307692308,['get sewing kit'],"['Get button', 'Pass the needle through the second button hole']",Get button,0,0, A
2,30.76923076923077,"['get sewing kit', 'Get button']","['Tie end in a knot', 'Mark on clothing where button is to go']",Mark on clothing where button is to go,1,0, A
3,46.15384615384615,"['get sewing kit', 'Get button', 'Mark on clothing where button is to go']","['Sew button into place', 'getting out thread']",Sew button into place,0,0, A
4,50.0,"['get sewing kit', 'Get button', 'Mark on clothing where button is to go', 'Sew button into place']","['Find matching thread', 'Push needle through the button holes']",Push needle through the button holes,1,0, A
5,80.76923076923077,"['get sewing kit', 'Get button', 'Mark on clothing where button is to go', 'Sew button into place', 'Push needle through the button holes']","['find shirt with missing button', 'Secure the button with a knot']",Secure the button with a knot,1,0, A
6,84.61538461538461,"['get sewing kit', 'Get button', 'Mark on clothing where button is to go', 'Sew button into place', 'Push needle through the button holes', 'Secure the button with a knot']","['cut loose thread', 'Find sewing kit']",cut loose thread,0,0, A
7,88.46153846153845,"['get sewing kit', 'Get button', 'Mark on clothing where button is to go', 'Sew button into place', 'Push needle through the button holes', 'Secure the button with a knot', 'cut loose thread']","['Tie a knot at the end of thread', 'Put everything away.']",Put everything away.,1,0, A
0,0.0,[],"['Drive to fabric store', 'Sew button onto item']",Drive to fabric store,0,0, A
1,19.230769230769237,['Drive to fabric store'],"['pass needle through needle hole in button', 'get some thread']",get some thread,1,0, A
2,26.923076923076923,"['Drive to fabric store', 'get some thread']","['find shirt with missing button', 'Cut off end from needle']",find shirt with missing button,0,0, A
3,30.76923076923077,"['Drive to fabric store', 'get some thread', 'find shirt with missing button']","['Place new button where I want it to go', 'Cut thread']",Place new button where I want it to go,0,0, A
4,50.0,"['Drive to fabric store', 'get some thread', 'find shirt with missing button', 'Place new button where I want it to go']","['Poke a hole in the fabric', 'Cut off any loose threads with a scissors.']",Poke a hole in the fabric,0,0, A
5,80.76923076923077,"['Drive to fabric store', 'get some thread', 'find shirt with missing button', 'Place new button where I want it to go', 'Poke a hole in the fabric']","['knot thread', 'Thread needle']",knot thread,0,0, A
6,84.61538461538461,"['Drive to fabric store', 'get some thread', 'find shirt with missing button', 'Place new button where I want it to go', 'Poke a hole in the fabric', 'knot thread']","['Select a button', 'Cut off the extra thread']",Cut off the extra thread,1,0, A
0,0.0,[],"['Drive to fabric store', 'put button where other button was located']",Drive to fabric store,0,0, A
1,19.230769230769237,['Drive to fabric store'],"['Bring the needle up through another hole on button.', 'Get the thread']",Get the thread,1,0, A
2,34.61538461538461,"['Drive to fabric store', 'Get the thread']","['Put needle through button and clothing.', 'Thread needle.']",Thread needle.,1,0, A
3,88.46153846153845,"['Drive to fabric store', 'Get the thread', 'Thread needle.']","['Push needle through first hole', 'put the supplies away']",put the supplies away,1,0, A
0,0.0,[],"['Tie knot in end of thread', 'Take out sewing kit.']",Take out sewing kit.,1,0, A
1,34.61538461538461,['Take out sewing kit.'],"['Tie knot in thread', 'Thread the needle']",Thread the needle,1,0, A
2,42.30769230769231,"['Take out sewing kit.', 'Thread the needle']","['Cut excess thread', 'Get needle']",Cut excess thread,0,0, A
3,46.15384615384615,"['Take out sewing kit.', 'Thread the needle', 'Cut excess thread']","['Find a button to sew.', 'Sew button onto item']",Sew button onto item,1,0, A
4,80.76923076923077,"['Take out sewing kit.', 'Thread the needle', 'Cut excess thread', 'Sew button onto item']","['Find a button that matches the others on your garment', 'Tie off thread']",Tie off thread,1,0, A
0,0.0,[],"['Get out sewing kit', 'use the string to make it stay in place']",Get out sewing kit,0,0, A
1,11.538461538461538,['Get out sewing kit'],"['Stick the needle through', 'get needle']",get needle,1,0, A
2,15.384615384615383,"['Get out sewing kit', 'get needle']","['Select thread of correct color', 'Put needle through one hole']",Select thread of correct color,0,0, A
3,30.76923076923077,"['Get out sewing kit', 'get needle', 'Select thread of correct color']","['Place new button where I want it to go', 'Clean up.']",Place new button where I want it to go,0,0, A
4,34.61538461538461,"['Get out sewing kit', 'get needle', 'Select thread of correct color', 'Place new button where I want it to go']","['when done tie the end properly', 'Thread the needle.']",Thread the needle.,1,0, A
5,53.84615384615385,"['Get out sewing kit', 'get needle', 'Select thread of correct color', 'Place new button where I want it to go', 'Thread the needle.']","['Take a needle', 'Pull it back out the other hole']",Pull it back out the other hole,1,0, A
0,0.0,[],"['Drive to fabric store', 'Sew button.']",Drive to fabric store,0,0, A
1,19.230769230769237,['Drive to fabric store'],"['Cut away any extra string', 'Take thread from sewing kit']",Take thread from sewing kit,1,0, A
2,23.07692307692308,"['Drive to fabric store', 'Take thread from sewing kit']","['gather button', 'when done tie the end properly']",gather button,0,0, A
3,38.46153846153847,"['Drive to fabric store', 'Take thread from sewing kit', 'gather button']","['Get a needle', 'Tie knot in thread']",Tie knot in thread,1,0, A
4,50.0,"['Drive to fabric store', 'Take thread from sewing kit', 'gather button', 'Tie knot in thread']","['Drive to fabric store', 'Push needle through button and fabric.']",Push needle through button and fabric.,1,0, A
5,53.84615384615385,"['Drive to fabric store', 'Take thread from sewing kit', 'gather button', 'Tie knot in thread', 'Push needle through button and fabric.']","['Get out needle', 'Return the needle through the fabric and through a different button hole']",Return the needle through the fabric and through a different button hole,1,0, A
0,0.0,[],"['Thread needle with some thread.', 'get thread, needle, button to be sewn']","get thread, needle, button to be sewn",1,0, A
1,26.923076923076923,"['get thread, needle, button to be sewn']","['Get your sewing kit', 'Get clothing']",Get clothing,1,0, A
2,46.15384615384615,"['get thread, needle, button to be sewn', 'Get clothing']","['Stitch the button on', 'Find a thread']",Stitch the button on,0,0, A
0,0.0,[],"['Get sewing basket', 'grab object the button is being sewed']",Get sewing basket,0,0, A
1,34.61538461538461,['Get sewing basket'],"['Thread a needle with thread that matches shirt that needs a new button.', 'Tie another knot at the end of the thread.']",Thread a needle with thread that matches shirt that needs a new button.,0,0, A
2,53.84615384615385,"['Get sewing basket', 'Thread a needle with thread that matches shirt that needs a new button.']","['Find a button that matches', 'Use the needle to guide the thread']",Use the needle to guide the thread,1,0, A
3,84.61538461538461,"['Get sewing basket', 'Thread a needle with thread that matches shirt that needs a new button.', 'Use the needle to guide the thread']","['Get extra button', 'Cut thread']",Cut thread,1,0, A
0,0.0,[],"['Repeat several times until button is attached solidly to the fabric.', 'Gather supplies']",Gather supplies,1,0, A
1,26.923076923076923,['Gather supplies'],"['Put needle away', 'Lay down garment']",Lay down garment,1,0, A
2,30.76923076923077,"['Gather supplies', 'Lay down garment']","['Check if the button is tight', 'Place button in desired position']",Place button in desired position,1,0, A
3,61.53846153846154,"['Gather supplies', 'Lay down garment', 'Place button in desired position']","['Put needle and thread back in drawer', 'Push needle through hole']",Push needle through hole,1,0, A
4,65.38461538461539,"['Gather supplies', 'Lay down garment', 'Place button in desired position', 'Push needle through hole']","['pull needle through to knot', 'thread the needle']",pull needle through to knot,0,0, A
5,69.23076923076923,"['Gather supplies', 'Lay down garment', 'Place button in desired position', 'Push needle through hole', 'pull needle through to knot']","['Put thread through button', 'Hold button in place']",Hold button in place,1,0, A
0,0.0,[],"['Get sewing kit', 'Use the needle to go through the button holes and the fabric']",Get sewing kit,0,0, A
1,7.6923076923076925,['Get sewing kit'],"['Take a needle and required thread', 'Tie off the thread on the underside of the garment']",Take a needle and required thread,0,0, A
2,30.76923076923077,"['Get sewing kit', 'Take a needle and required thread']","['Mark on clothing where button is to go', 'Cut off any loose threads with a scissors.']",Mark on clothing where button is to go,0,0, A
3,61.53846153846154,"['Get sewing kit', 'Take a needle and required thread', 'Mark on clothing where button is to go']","['Get a needle.', 'Start sewing going into the back of the garment.']",Start sewing going into the back of the garment.,1,0, A
4,65.38461538461539,"['Get sewing kit', 'Take a needle and required thread', 'Mark on clothing where button is to go', 'Start sewing going into the back of the garment.']","['Pull needle out other side.', 'Thread the needle.']",Pull needle out other side.,0,0, A
5,69.23076923076923,"['Get sewing kit', 'Take a needle and required thread', 'Mark on clothing where button is to go', 'Start sewing going into the back of the garment.', 'Pull needle out other side.']","['Sew button through third hole', 'Remove thread and needle from kit']",Sew button through third hole,0,0, A
0,0.0,[],"['Thread needle.', 'Drive to fabric store']",Drive to fabric store,1,0, A
1,19.230769230769237,['Drive to fabric store'],"['Apply button by driving needle through button', 'get some thread']",get some thread,1,0, A
2,34.61538461538461,"['Drive to fabric store', 'get some thread']","['Thread needle', 'Cut thread']",Thread needle,0,0, A
3,42.30769230769231,"['Drive to fabric store', 'get some thread', 'Thread needle']","['Cut length of thread', 'find the needle']",Cut length of thread,0,0, A
4,46.15384615384615,"['Drive to fabric store', 'get some thread', 'Thread needle', 'Cut length of thread']","['Find a button', 'Stick needle through hole and secure with thread']",Stick needle through hole and secure with thread,1,0, A
5,84.61538461538461,"['Drive to fabric store', 'get some thread', 'Thread needle', 'Cut length of thread', 'Stick needle through hole and secure with thread']","['Get the item of clothing the button is to go on', 'Cut thread from spindle']",Cut thread from spindle,1,0, A
6,88.46153846153845,"['Drive to fabric store', 'get some thread', 'Thread needle', 'Cut length of thread', 'Stick needle through hole and secure with thread', 'Cut thread from spindle']","['put back all the materials', 'Pick up shirt missing button.']",put back all the materials,0,0, A
7,92.3076923076923,"['Drive to fabric store', 'get some thread', 'Thread needle', 'Cut length of thread', 'Stick needle through hole and secure with thread', 'Cut thread from spindle', 'put back all the materials']","['thread the needle', 'Check new button']",Check new button,1,0, A
0,0.0,[],"['Grab the fabric and button', 'Place needle through button eyelets.']",Grab the fabric and button,0,0, A
1,30.76923076923077,['Grab the fabric and button'],"['Put the button up to the garment', 'Bring the needle up through another hole on button.']",Put the button up to the garment,0,0, A
2,42.30769230769231,"['Grab the fabric and button', 'Put the button up to the garment']","['Cut length of thread', 'Cut thread from spindle']",Cut length of thread,0,0, A
3,46.15384615384615,"['Grab the fabric and button', 'Put the button up to the garment', 'Cut length of thread']","['sew the button with criss-cross movement of needle', 'Choose a button.']",sew the button with criss-cross movement of needle,0,0, A
4,76.92307692307693,"['Grab the fabric and button', 'Put the button up to the garment', 'Cut length of thread', 'sew the button with criss-cross movement of needle']","['Take a button', 'repeat steps 4-5 until button is secured to shirt']",repeat steps 4-5 until button is secured to shirt,1,0, A
5,80.76923076923077,"['Grab the fabric and button', 'Put the button up to the garment', 'Cut length of thread', 'sew the button with criss-cross movement of needle', 'repeat steps 4-5 until button is secured to shirt']","['Place button where you want it to go', 'Secure the button with a knot']",Secure the button with a knot,1,0, A
6,88.46153846153845,"['Grab the fabric and button', 'Put the button up to the garment', 'Cut length of thread', 'sew the button with criss-cross movement of needle', 'repeat steps 4-5 until button is secured to shirt', 'Secure the button with a knot']","['getting out thread', 'Put all the items away']",Put all the items away,1,0, A
0,0.0,[],"['Drive to fabric store', 'Do this several times until the button is secure']",Drive to fabric store,0,0, A
1,19.230769230769237,['Drive to fabric store'],"['Sew button into place', 'Get thread']",Get thread,1,0, A
2,26.923076923076923,"['Drive to fabric store', 'Get thread']","['Get the garment', 'Cut thread']",Get the garment,0,0, A
3,50.0,"['Drive to fabric store', 'Get thread', 'Get the garment']","['Take out sewing kit.', 'push the needle through the fabric']",push the needle through the fabric,1,0, A
4,53.84615384615385,"['Drive to fabric store', 'Get thread', 'Get the garment', 'push the needle through the fabric']","['Clean up.', 'Crisscross on the button']",Crisscross on the button,1,0, A
5,80.76923076923077,"['Drive to fabric store', 'Get thread', 'Get the garment', 'push the needle through the fabric', 'Crisscross on the button']","['tie knot on thread', 'putting the button on the fabric']",tie knot on thread,0,0, A
6,88.46153846153845,"['Drive to fabric store', 'Get thread', 'Get the garment', 'push the needle through the fabric', 'Crisscross on the button', 'tie knot on thread']","['Tie a knot in the end of thread', 'Put needle and thread back in drawer']",Put needle and thread back in drawer,1,0, A
7,92.3076923076923,"['Drive to fabric store', 'Get thread', 'Get the garment', 'push the needle through the fabric', 'Crisscross on the button', 'tie knot on thread', 'Put needle and thread back in drawer']","['Check if the button is tight', 'Insert needle through first side of button (step 3)']",Check if the button is tight,0,0, A
0,0.0,[],"['Drive to fabric store', 'Cut off any loose threads with a scissors.']",Drive to fabric store,0,0, A
1,19.230769230769237,['Drive to fabric store'],"[""Make sure it's secure"", 'Take thread from sewing kit']",Take thread from sewing kit,1,0, A
2,26.923076923076923,"['Drive to fabric store', 'Take thread from sewing kit']","['Tie another knot at the end of the thread.', 'Get clothing']",Get clothing,1,0, A
3,46.15384615384615,"['Drive to fabric store', 'Take thread from sewing kit', 'Get clothing']","['MAKE SURE BUTTON IS SECURE', 'Use the needle to sew the broken button']",Use the needle to sew the broken button,1,0, A
0,0.0,[],"['Cut excess thread', 'Get a thimble']",Get a thimble,1,0, A
1,26.923076923076923,['Get a thimble'],"['Push needle through other hole of button and through clothes', 'grab object the button is being sewed']",grab object the button is being sewed,1,0, A
2,30.76923076923077,"['Get a thimble', 'grab object the button is being sewed']","['Place button on fabric and hold with thumb and index finger', 'Tie the thread so the button will not come loose']",Place button on fabric and hold with thumb and index finger,0,0, A
3,34.61538461538461,"['Get a thimble', 'grab object the button is being sewed', 'Place button on fabric and hold with thumb and index finger']","['Continue to loop the needle and thread through the button holes.', 'Thread the needle']",Thread the needle,1,0, A
4,53.84615384615385,"['Get a thimble', 'grab object the button is being sewed', 'Place button on fabric and hold with thumb and index finger', 'Thread the needle']","['Crisscross on the button', 'Get your sewing kit']",Crisscross on the button,0,0, A
5,80.76923076923077,"['Get a thimble', 'grab object the button is being sewed', 'Place button on fabric and hold with thumb and index finger', 'Thread the needle', 'Crisscross on the button']","['Tie the end of the string so it will not unravel', 'Find a button to sew.']",Tie the end of the string so it will not unravel,0,0, A
0,0.0,[],"['Get out sewing kit.', 'make sure button is secure']",Get out sewing kit.,0,0, A
1,34.61538461538461,['Get out sewing kit.'],"['Thread sewing needle with chosen thread.', 'Continue repeating pushing up and pushing thread back down']",Thread sewing needle with chosen thread.,0,0, A
2,46.15384615384615,"['Get out sewing kit.', 'Thread sewing needle with chosen thread.']","['get needle', 'Sew on the button.']",Sew on the button.,1,0, A
3,53.84615384615385,"['Get out sewing kit.', 'Thread sewing needle with chosen thread.', 'Sew on the button.']","['Choose thread color', 'Pull through other end']",Pull through other end,1,0, A
4,84.61538461538461,"['Get out sewing kit.', 'Thread sewing needle with chosen thread.', 'Sew on the button.', 'Pull through other end']","['Cut loose ends.', 'thread needle with thread']",Cut loose ends.,0,0, A
0,0.0,[],"['Tie a knot.', 'Find sewing kit.']",Find sewing kit.,1,0, A
1,19.230769230769237,['Find sewing kit.'],"['Keep threading until the button is firmly attached', 'get thread']",get thread,1,0, A
2,26.923076923076923,"['Find sewing kit.', 'get thread']","['Take the cloth to be sewed', 'Place needle through clothing.']",Take the cloth to be sewed,0,0, A
3,50.0,"['Find sewing kit.', 'get thread', 'Take the cloth to be sewed']","['Put thread through needle.', 'Get thread and needle']",Put thread through needle.,0,0, A
4,61.53846153846154,"['Find sewing kit.', 'get thread', 'Take the cloth to be sewed', 'Put thread through needle.']","['Get shirt', 'Start sewing going into the back of the garment.']",Start sewing going into the back of the garment.,1,0, A
5,65.38461538461539,"['Find sewing kit.', 'get thread', 'Take the cloth to be sewed', 'Put thread through needle.', 'Start sewing going into the back of the garment.']","['Find an extra button', 'Put the needle thorough the back of the button hole.']",Put the needle thorough the back of the button hole.,1,0, A
6,76.92307692307693,"['Find sewing kit.', 'get thread', 'Take the cloth to be sewed', 'Put thread through needle.', 'Start sewing going into the back of the garment.', 'Put the needle thorough the back of the button hole.']","['Repeat 4 or 5 times', 'Tie knot in end of thread']",Repeat 4 or 5 times,0,0, A
7,84.61538461538461,"['Find sewing kit.', 'get thread', 'Take the cloth to be sewed', 'Put thread through needle.', 'Start sewing going into the back of the garment.', 'Put the needle thorough the back of the button hole.', 'Repeat 4 or 5 times']","['Get a sewing needle.', 'cut thread from button']",cut thread from button,1,0, A
8,88.46153846153845,"['Find sewing kit.', 'get thread', 'Take the cloth to be sewed', 'Put thread through needle.', 'Start sewing going into the back of the garment.', 'Put the needle thorough the back of the button hole.', 'Repeat 4 or 5 times', 'cut thread from button']","['Clean up.', 'Place button where you want it.']",Clean up.,0,0, A
0,0.0,[],"['cut the thread', 'Drive to fabric store']",Drive to fabric store,1,0, A
1,19.230769230769237,['Drive to fabric store'],"[""Pull a thread of a matching color through the needle's eye"", 'push needle to back of the item']",Pull a thread of a matching color through the needle's eye,0,0, A
2,26.923076923076923,"['Drive to fabric store', ""Pull a thread of a matching color through the needle's eye""]","['Pull til it stops at the knot, push through fabric and another button hole', 'Get shirt']",Get shirt,1,0, A
3,46.15384615384615,"['Drive to fabric store', ""Pull a thread of a matching color through the needle's eye"", 'Get shirt']","['Get a needle.', 'Push the needle through one button hole and back out another hole']",Push the needle through one button hole and back out another hole,1,0, A
4,61.53846153846154,"['Drive to fabric store', ""Pull a thread of a matching color through the needle's eye"", 'Get shirt', 'Push the needle through one button hole and back out another hole']","['take needle bring up through the back of the item', 'Find some thread and needle']",take needle bring up through the back of the item,0,0, A
5,80.76923076923077,"['Drive to fabric store', ""Pull a thread of a matching color through the needle's eye"", 'Get shirt', 'Push the needle through one button hole and back out another hole', 'take needle bring up through the back of the item']","['tie knot on thread', 'Tie knot']",tie knot on thread,0,0, A
6,84.61538461538461,"['Drive to fabric store', ""Pull a thread of a matching color through the needle's eye"", 'Get shirt', 'Push the needle through one button hole and back out another hole', 'take needle bring up through the back of the item', 'tie knot on thread']","['Take button and put it on shirt where you want it', 'Cut excess thread']",Cut excess thread,1,0, A
7,88.46153846153845,"['Drive to fabric store', ""Pull a thread of a matching color through the needle's eye"", 'Get shirt', 'Push the needle through one button hole and back out another hole', 'take needle bring up through the back of the item', 'tie knot on thread', 'Cut excess thread']","['Put everything away.', 'Select thread of correct color']",Put everything away.,0,0, A
8,92.3076923076923,"['Drive to fabric store', ""Pull a thread of a matching color through the needle's eye"", 'Get shirt', 'Push the needle through one button hole and back out another hole', 'take needle bring up through the back of the item', 'tie knot on thread', 'Cut excess thread', 'Put everything away.']","['Check if the button is tight', 'Get a needle']",Check if the button is tight,0,0, A
0,0.0,[],"['Repeat for all holes to reinforce', 'Get button, thread, needle and scissors']","Get button, thread, needle and scissors",1,0, A
1,26.923076923076923,"['Get button, thread, needle and scissors']","['Place item on flat surface', 'tie thread at the end']",Place item on flat surface,0,0, A
2,30.76923076923077,"['Get button, thread, needle and scissors', 'Place item on flat surface']","['Determine proper placement for button', 'Cut excess thread']",Determine proper placement for button,0,0, A
3,53.84615384615385,"['Get button, thread, needle and scissors', 'Place item on flat surface', 'Determine proper placement for button']","['Thread the opposite diagonal hole with the needle and tighten the string', 'gather button']",Thread the opposite diagonal hole with the needle and tighten the string,0,0, A
4,80.76923076923077,"['Get button, thread, needle and scissors', 'Place item on flat surface', 'Determine proper placement for button', 'Thread the opposite diagonal hole with the needle and tighten the string']","['Tie knot on thread.', 'Get a needle.']",Tie knot on thread.,0,0, A
5,88.46153846153845,"['Get button, thread, needle and scissors', 'Place item on flat surface', 'Determine proper placement for button', 'Thread the opposite diagonal hole with the needle and tighten the string', 'Tie knot on thread.']","['Put needle and thread back in drawer', 'Position button in correct place.']",Put needle and thread back in drawer,0,0, A
6,92.3076923076923,"['Get button, thread, needle and scissors', 'Place item on flat surface', 'Determine proper placement for button', 'Thread the opposite diagonal hole with the needle and tighten the string', 'Tie knot on thread.', 'Put needle and thread back in drawer']","['Stick needle through hole and secure with thread', 'Check new button']",Check new button,1,0, A
0,0.0,[],"['Place button where you want it.', 'Drive to fabric store']",Drive to fabric store,1,0, A
1,19.230769230769237,['Drive to fabric store'],"['Cut off excess thread', 'Get the thread']",Get the thread,1,0, A
2,26.923076923076923,"['Drive to fabric store', 'Get the thread']","['Pick up shirt missing button.', 'MAKE SURE BUTTON IS SECURE']",Pick up shirt missing button.,0,0, A
3,34.61538461538461,"['Drive to fabric store', 'Get the thread', 'Pick up shirt missing button.']","['Thread the needle, double it up and tie a knot at the end', 'Pass the needle through the second button hole']","Thread the needle, double it up and tie a knot at the end",0,0, A
4,46.15384615384615,"['Drive to fabric store', 'Get the thread', 'Pick up shirt missing button.', 'Thread the needle, double it up and tie a knot at the end']","['Sew the button onto the garment by passing the needle through all 4 button holes.', 'grab a needle and string']",Sew the button onto the garment by passing the needle through all 4 button holes.,0,0, A
5,80.76923076923077,"['Drive to fabric store', 'Get the thread', 'Pick up shirt missing button.', 'Thread the needle, double it up and tie a knot at the end', 'Sew the button onto the garment by passing the needle through all 4 button holes.']","['tie the thread to the sewing needle', 'Tie off finishing knot']",Tie off finishing knot,1,0, A
0,0.0,[],"['Tie off thread', 'Get out needle, thread, button, and clothing item.']","Get out needle, thread, button, and clothing item.",1,0, A
1,7.6923076923076925,"['Get out needle, thread, button, and clothing item.']","['find needle and thread', 'Start to sew on button']",find needle and thread,0,0, A
2,30.76923076923077,"['Get out needle, thread, button, and clothing item.', 'find needle and thread']","['place botton where you want it', 'Get sewing basket']",place botton where you want it,0,0, A
3,50.0,"['Get out needle, thread, button, and clothing item.', 'find needle and thread', 'place botton where you want it']","['Put supplies away', 'put the needle into the fabric']",put the needle into the fabric,1,0, A
4,53.84615384615385,"['Get out needle, thread, button, and clothing item.', 'find needle and thread', 'place botton where you want it', 'put the needle into the fabric']","['Run needle and thread through button hole and fabric hole', 'Get the item of clothing the button is to go on']",Run needle and thread through button hole and fabric hole,0,0, A
5,80.76923076923077,"['Get out needle, thread, button, and clothing item.', 'find needle and thread', 'place botton where you want it', 'put the needle into the fabric', 'Run needle and thread through button hole and fabric hole']","['Tie the thread round in between the garment and button', 'Get a button.']",Tie the thread round in between the garment and button,0,0, A
0,0.0,[],"['Tie the thread', 'Drive to fabric store']",Drive to fabric store,1,0, A
1,19.230769230769237,['Drive to fabric store'],"['Sew on', 'Select thread']",Select thread,1,0, A
2,30.76923076923077,"['Drive to fabric store', 'Select thread']","['Find the location where button needs to be sewn.', 'Tie a knot.']",Find the location where button needs to be sewn.,0,0, A
3,61.53846153846154,"['Drive to fabric store', 'Select thread', 'Find the location where button needs to be sewn.']","['Get supplies - shirt, new button, thread, needle', 'Start sewing going into the back of the garment.']",Start sewing going into the back of the garment.,1,0, A
4,76.92307692307693,"['Drive to fabric store', 'Select thread', 'Find the location where button needs to be sewn.', 'Start sewing going into the back of the garment.']","['Get thread', 'repeat steps 4-5 until button is secured to shirt']",repeat steps 4-5 until button is secured to shirt,1,0, A
5,84.61538461538461,"['Drive to fabric store', 'Select thread', 'Find the location where button needs to be sewn.', 'Start sewing going into the back of the garment.', 'repeat steps 4-5 until button is secured to shirt']","['Cut off excess thread', 'Put button on shirt.']",Cut off excess thread,0,0, A
6,88.46153846153845,"['Drive to fabric store', 'Select thread', 'Find the location where button needs to be sewn.', 'Start sewing going into the back of the garment.', 'repeat steps 4-5 until button is secured to shirt', 'Cut off excess thread']","['put items away when done', 'pull through on the other side']",put items away when done,0,0, A
7,92.3076923076923,"['Drive to fabric store', 'Select thread', 'Find the location where button needs to be sewn.', 'Start sewing going into the back of the garment.', 'repeat steps 4-5 until button is secured to shirt', 'Cut off excess thread', 'put items away when done']","['Proceed to insert needle into button holes and through clothing/ item until securely sewn', 'Check the button']",Check the button,1,0, A
0,0.0,[],"['Get out sewing kit', 'place button on cloth where it needs to go']",Get out sewing kit,0,0, A
1,11.538461538461538,['Get out sewing kit'],"['moving the needle in and out of the button holes', 'getting out needle']",getting out needle,1,0, A
2,15.384615384615383,"['Get out sewing kit', 'getting out needle']","['Tie knot with thread', 'Find matching thread']",Find matching thread,1,0, A
3,34.61538461538461,"['Get out sewing kit', 'getting out needle', 'Find matching thread']","['Tie off finishing knot', 'Thread needle']",Thread needle,1,0, A
4,50.0,"['Get out sewing kit', 'getting out needle', 'Find matching thread', 'Thread needle']","['put sewing kit away', 'Put needle through one hole']",Put needle through one hole,1,0, A
5,65.38461538461539,"['Get out sewing kit', 'getting out needle', 'Find matching thread', 'Thread needle', 'Put needle through one hole']","['Place the button on the cloth', 'Put the needle thorough the back of the button hole.']",Put the needle thorough the back of the button hole.,1,0, A
6,69.23076923076923,"['Get out sewing kit', 'getting out needle', 'Find matching thread', 'Thread needle', 'Put needle through one hole', 'Put the needle thorough the back of the button hole.']","['Sew through the diagonal hole of the button and the garment.', 'thread the needle']",Sew through the diagonal hole of the button and the garment.,0,0, A
0,0.0,[],"['tie a knot at the end of the string', 'Get out needle, thread, button, and clothing item.']","Get out needle, thread, button, and clothing item.",1,0, A
1,15.384615384615383,"['Get out needle, thread, button, and clothing item.']","['Find right color string', 'Push through other holes']",Find right color string,0,0, A
2,34.61538461538461,"['Get out needle, thread, button, and clothing item.', 'Find right color string']","['Thread the needle', 'Tie off the thread on the underside of the garment']",Thread the needle,0,0, A
3,61.53846153846154,"['Get out needle, thread, button, and clothing item.', 'Find right color string', 'Thread the needle']","['getting out thread', 'Starting from the bottom, poke needle through hole in button']","Starting from the bottom, poke needle through hole in button",1,0, A
4,76.92307692307693,"['Get out needle, thread, button, and clothing item.', 'Find right color string', 'Thread the needle', 'Starting from the bottom, poke needle through hole in button']","['Find a suitable button', 'stitching the button on']",stitching the button on,1,0, A
0,0.0,[],"['Get sewing basket', 'Tie end in a knot']",Get sewing basket,0,0, A
1,11.538461538461538,['Get sewing basket'],"['Get a needle', 'Sew button through third hole']",Get a needle,0,0, A
2,19.230769230769237,"['Get sewing basket', 'Get a needle']","['Get thread', 'Clean up.']",Get thread,0,0, A
3,26.923076923076923,"['Get sewing basket', 'Get a needle', 'Get thread']","['tie knot on thread', 'Get a shirt.']",Get a shirt.,1,0, A
4,50.0,"['Get sewing basket', 'Get a needle', 'Get thread', 'Get a shirt.']","['Get sewing kit', 'Push needle through the button holes']",Push needle through the button holes,1,0, A
5,80.76923076923077,"['Get sewing basket', 'Get a needle', 'Get thread', 'Get a shirt.', 'Push needle through the button holes']","['Thread a needle with thread that matches shirt that needs a new button.', 'make sure button is secure']",make sure button is secure,1,0, A
6,88.46153846153845,"['Get sewing basket', 'Get a needle', 'Get thread', 'Get a shirt.', 'Push needle through the button holes', 'make sure button is secure']","['Find thread', 'Put supplies away']",Put supplies away,1,0, A
7,92.3076923076923,"['Get sewing basket', 'Get a needle', 'Get thread', 'Get a shirt.', 'Push needle through the button holes', 'make sure button is secure', 'Put supplies away']","['Check new button', 'Find an extra button']",Check new button,0,0, A
0,0.0,[],"['Thread needle with some thread.', 'Get scissors, needle, button and thread']","Get scissors, needle, button and thread",1,0, A
1,15.384615384615383,"['Get scissors, needle, button and thread']","['when done tie the end properly', 'Find right color string']",Find right color string,1,0, A
2,23.07692307692308,"['Get scissors, needle, button and thread', 'Find right color string']","['Find a button.', 'tie a knot in the thread']",Find a button.,0,0, A
3,34.61538461538461,"['Get scissors, needle, button and thread', 'Find right color string', 'Find a button.']","['thread needle with thread', 'knot thread']",thread needle with thread,0,0, A
4,42.30769230769231,"['Get scissors, needle, button and thread', 'Find right color string', 'Find a button.', 'thread needle with thread']","['Cut away old strings', 'tie thread at the end']",Cut away old strings,0,0, A
5,46.15384615384615,"['Get scissors, needle, button and thread', 'Find right color string', 'Find a button.', 'thread needle with thread', 'Cut away old strings']","['moving the needle in and out of the fabric', 'Choose thread color']",moving the needle in and out of the fabric,0,0, A
6,50.0,"['Get scissors, needle, button and thread', 'Find right color string', 'Find a button.', 'thread needle with thread', 'Cut away old strings', 'moving the needle in and out of the fabric']","['Get needle.', 'Poke hole with needle through button hole and fabric']",Poke hole with needle through button hole and fabric,1,0, A
7,53.84615384615385,"['Get scissors, needle, button and thread', 'Find right color string', 'Find a button.', 'thread needle with thread', 'Cut away old strings', 'moving the needle in and out of the fabric', 'Poke hole with needle through button hole and fabric']","['Find an extra button', 'Pull thread through opposite button hole']",Pull thread through opposite button hole,1,0, A
8,76.92307692307693,"['Get scissors, needle, button and thread', 'Find right color string', 'Find a button.', 'thread needle with thread', 'Cut away old strings', 'moving the needle in and out of the fabric', 'Poke hole with needle through button hole and fabric', 'Pull thread through opposite button hole']","['stitching the button on', 'Put button on shirt.']",stitching the button on,0,0, A
9,80.76923076923077,"['Get scissors, needle, button and thread', 'Find right color string', 'Find a button.', 'thread needle with thread', 'Cut away old strings', 'moving the needle in and out of the fabric', 'Poke hole with needle through button hole and fabric', 'Pull thread through opposite button hole', 'stitching the button on']","['Repeat to make loop and knot it.', 'slide thread through hole']",Repeat to make loop and knot it.,0,0, A
0,0.0,[],"['Cut thread.', 'get thread, needle, button to be sewn']","get thread, needle, button to be sewn",1,0, A
1,26.923076923076923,"['get thread, needle, button to be sewn']","['Hold shirt with non-dominant hand', 'Keep threading until the button is firmly attached']",Hold shirt with non-dominant hand,0,0, A
2,34.61538461538461,"['get thread, needle, button to be sewn', 'Hold shirt with non-dominant hand']","['stitching the button on', 'Thread the needle']",Thread the needle,1,0, A
3,42.30769230769231,"['get thread, needle, button to be sewn', 'Hold shirt with non-dominant hand', 'Thread the needle']","['Cut thread string to how much is needed', 'Clean up.']",Cut thread string to how much is needed,0,0, A
4,61.53846153846154,"['get thread, needle, button to be sewn', 'Hold shirt with non-dominant hand', 'Thread the needle', 'Cut thread string to how much is needed']","['take needle bring up through the back of the item', 'Get needle']",take needle bring up through the back of the item,0,0, A
5,80.76923076923077,"['get thread, needle, button to be sewn', 'Hold shirt with non-dominant hand', 'Thread the needle', 'Cut thread string to how much is needed', 'take needle bring up through the back of the item']","['Make a knot on last pass', 'Grab button']",Make a knot on last pass,0,0, A
6,88.46153846153845,"['get thread, needle, button to be sewn', 'Hold shirt with non-dominant hand', 'Thread the needle', 'Cut thread string to how much is needed', 'take needle bring up through the back of the item', 'Make a knot on last pass']","['Take out the needle', 'push the needle through the button']",Take out the needle,0,0, A
0,0.0,[],"['Get out sewing kit.', 'Make a knot']",Get out sewing kit.,0,0, A
1,7.6923076923076925,['Get out sewing kit.'],"['Cut off the extra thread', 'Get a thread and a needle']",Get a thread and a needle,1,0, A
2,26.923076923076923,"['Get out sewing kit.', 'Get a thread and a needle']","['Pick up shirt missing button.', 'Put away needle and thread']",Pick up shirt missing button.,0,0, A
3,46.15384615384615,"['Get out sewing kit.', 'Get a thread and a needle', 'Pick up shirt missing button.']","['Sew button into place', 'Get thread']",Sew button into place,0,0, A
4,61.53846153846154,"['Get out sewing kit.', 'Get a thread and a needle', 'Pick up shirt missing button.', 'Sew button into place']","['get thread, needle, button to be sewn', 'take needle bring up through the back of the item']",take needle bring up through the back of the item,1,0, A
5,76.92307692307693,"['Get out sewing kit.', 'Get a thread and a needle', 'Pick up shirt missing button.', 'Sew button into place', 'take needle bring up through the back of the item']","['Place button on desired spot on shirt.', 'repeat until button is secure']",repeat until button is secure,1,0, A
6,80.76923076923077,"['Get out sewing kit.', 'Get a thread and a needle', 'Pick up shirt missing button.', 'Sew button into place', 'take needle bring up through the back of the item', 'repeat until button is secure']","['Get a needle', 'Tie thread at end']",Tie thread at end,1,0, A
0,0.0,[],"['Knot the ends of the thread together.', 'Gather supplies']",Gather supplies,1,0, A
1,15.384615384615383,['Gather supplies'],"['Start sewing going into the back of the garment.', 'Find matching thread']",Find matching thread,1,0, A
2,30.76923076923077,"['Gather supplies', 'Find matching thread']","['line it up with the hole', 'Move needle down to hole opposite first hole']",line it up with the hole,0,0, A
3,50.0,"['Gather supplies', 'Find matching thread', 'line it up with the hole']","['Check the button', 'Put thread through needle.']",Put thread through needle.,1,0, A
4,53.84615384615385,"['Gather supplies', 'Find matching thread', 'line it up with the hole', 'Put thread through needle.']","['Get sewing basket', 'repeat the same way']",repeat the same way,1,0, A
5,57.692307692307686,"['Gather supplies', 'Find matching thread', 'line it up with the hole', 'Put thread through needle.', 'repeat the same way']","['gather needle', 'Put needle through button and clothing.']",Put needle through button and clothing.,1,0, A
0,0.0,[],"['use the string to make it stay in place', 'Drive to fabric store']",Drive to fabric store,1,0, A
1,19.230769230769237,['Drive to fabric store'],"['Get the proper colored thread', 'Pull thread through and secure button']",Get the proper colored thread,0,0, A
2,34.61538461538461,"['Drive to fabric store', 'Get the proper colored thread']","['threading the needle', 'Cut excess thread']",threading the needle,0,0, A
3,53.84615384615385,"['Drive to fabric store', 'Get the proper colored thread', 'threading the needle']","['Thread the opposite diagonal hole with the needle and tighten the string', 'Check new button']",Thread the opposite diagonal hole with the needle and tighten the string,0,0, A
4,61.53846153846154,"['Drive to fabric store', 'Get the proper colored thread', 'threading the needle', 'Thread the opposite diagonal hole with the needle and tighten the string']","['Find thread', 'Starting from the bottom, poke needle through hole in button']","Starting from the bottom, poke needle through hole in button",1,0, A
5,76.92307692307693,"['Drive to fabric store', 'Get the proper colored thread', 'threading the needle', 'Thread the opposite diagonal hole with the needle and tighten the string', 'Starting from the bottom, poke needle through hole in button']","['thread the needle', 'Repeat']",Repeat,1,0, A
6,84.61538461538461,"['Drive to fabric store', 'Get the proper colored thread', 'threading the needle', 'Thread the opposite diagonal hole with the needle and tighten the string', 'Starting from the bottom, poke needle through hole in button', 'Repeat']","['Grab a needle and thread', 'Cut off end from needle']",Cut off end from needle,1,0, A
0,0.0,[],"['Insert needle through other side of button on back side', 'Get out sewing kit.']",Get out sewing kit.,1,0, A
1,23.07692307692308,['Get out sewing kit.'],"['Get a replacement button.', 'cut loose thread']",Get a replacement button.,0,0, A
2,30.76923076923077,"['Get out sewing kit.', 'Get a replacement button.']","['Tie end in a knot', 'Put button on shirt']",Put button on shirt,1,0, A
3,34.61538461538461,"['Get out sewing kit.', 'Get a replacement button.', 'Put button on shirt']","['Push thread through needle and tie in a knot', 'Cut excess thread']",Push thread through needle and tie in a knot,0,0, A
4,38.46153846153847,"['Get out sewing kit.', 'Get a replacement button.', 'Put button on shirt', 'Push thread through needle and tie in a knot']","['Find needle and thread', 'Tie knot in other end of thread']",Tie knot in other end of thread,1,0, A
5,42.30769230769231,"['Get out sewing kit.', 'Get a replacement button.', 'Put button on shirt', 'Push thread through needle and tie in a knot', 'Tie knot in other end of thread']","['Tie off the thread on the underside of the garment', 'Cut about 16 inches worth of thread.']",Cut about 16 inches worth of thread.,1,0, A
6,46.15384615384615,"['Get out sewing kit.', 'Get a replacement button.', 'Put button on shirt', 'Push thread through needle and tie in a knot', 'Tie knot in other end of thread', 'Cut about 16 inches worth of thread.']","['Get thread.', 'Sew button into place']",Sew button into place,1,0, A
0,0.0,[],"['Stitch the button on', 'Get a thimble']",Get a thimble,1,0, A
1,7.6923076923076925,['Get a thimble'],"['Move needle down to hole opposite first hole', 'Grab a needle and thread']",Grab a needle and thread,1,0, A
2,26.923076923076923,"['Get a thimble', 'Grab a needle and thread']","['Hold shirt with non-dominant hand', 'Cut off excess thread']",Hold shirt with non-dominant hand,0,0, A
3,34.61538461538461,"['Get a thimble', 'Grab a needle and thread', 'Hold shirt with non-dominant hand']","['Cut thread from spindle', 'Thread the needle']",Thread the needle,1,0, A
4,42.30769230769231,"['Get a thimble', 'Grab a needle and thread', 'Hold shirt with non-dominant hand', 'Thread the needle']","['get thread, needle, button to be sewn', 'measure and cut length of thread']",measure and cut length of thread,1,0, A
5,46.15384615384615,"['Get a thimble', 'Grab a needle and thread', 'Hold shirt with non-dominant hand', 'Thread the needle', 'measure and cut length of thread']","['Sew the button in place with the needle and thread', 'Take out right colored thread.']",Sew the button in place with the needle and thread,0,0, A
6,61.53846153846154,"['Get a thimble', 'Grab a needle and thread', 'Hold shirt with non-dominant hand', 'Thread the needle', 'measure and cut length of thread', 'Sew the button in place with the needle and thread']","['Take out sewing kit', 'Sew button onto fabric through the first hole']",Sew button onto fabric through the first hole,1,0, A
7,76.92307692307693,"['Get a thimble', 'Grab a needle and thread', 'Hold shirt with non-dominant hand', 'Thread the needle', 'measure and cut length of thread', 'Sew the button in place with the needle and thread', 'Sew button onto fabric through the first hole']","['Continue repeating pushing up and pushing thread back down', 'Find shirt']",Continue repeating pushing up and pushing thread back down,0,0, A
0,0.0,[],"['Cut thread', 'Grab the fabric and button']",Grab the fabric and button,1,0, A
1,30.76923076923077,['Grab the fabric and button'],"['put the supplies away', 'Place button where it belongs on garment']",Place button where it belongs on garment,1,0, A
2,50.0,"['Grab the fabric and button', 'Place button where it belongs on garment']","['Find a needle and thread', 'Poke a hole in the fabric']",Poke a hole in the fabric,1,0, A
3,61.53846153846154,"['Grab the fabric and button', 'Place button where it belongs on garment', 'Poke a hole in the fabric']","['Pass the needle through one of the button holes', 'Take out right colored thread.']",Pass the needle through one of the button holes,0,0, A
4,65.38461538461539,"['Grab the fabric and button', 'Place button where it belongs on garment', 'Poke a hole in the fabric', 'Pass the needle through one of the button holes']","['Bring the needle up through another hole on button.', 'Thread needle']",Bring the needle up through another hole on button.,0,0, A
5,69.23076923076923,"['Grab the fabric and button', 'Place button where it belongs on garment', 'Poke a hole in the fabric', 'Pass the needle through one of the button holes', 'Bring the needle up through another hole on button.']","['Sew button through third hole', 'use the string to make it stay in place']",Sew button through third hole,0,0, A
0,0.0,[],"['Find sewing kit.', 'Sew button onto item']",Find sewing kit.,0,0, A
1,7.6923076923076925,['Find sewing kit.'],"['Get a thread and a needle', 'knot thread']",Get a thread and a needle,0,0, A
2,26.923076923076923,"['Find sewing kit.', 'Get a thread and a needle']","['knot thread', 'Hold shirt with non-dominant hand']",Hold shirt with non-dominant hand,1,0, A
3,34.61538461538461,"['Find sewing kit.', 'Get a thread and a needle', 'Hold shirt with non-dominant hand']","['When button is securely in place tie knot in thread at back of garment', 'Thread the needle']",Thread the needle,1,0, A
4,50.0,"['Find sewing kit.', 'Get a thread and a needle', 'Hold shirt with non-dominant hand', 'Thread the needle']","['Push needle through the button hole into the fabric', 'get needle']",Push needle through the button hole into the fabric,0,0, A
5,76.92307692307693,"['Find sewing kit.', 'Get a thread and a needle', 'Hold shirt with non-dominant hand', 'Thread the needle', 'Push needle through the button hole into the fabric']","['Thread the needle', 'Continue until button is secure']",Continue until button is secure,1,0, A
6,84.61538461538461,"['Find sewing kit.', 'Get a thread and a needle', 'Hold shirt with non-dominant hand', 'Thread the needle', 'Push needle through the button hole into the fabric', 'Continue until button is secure']","['Snip excess thread off', 'Thread the needle']",Snip excess thread off,0,0, A
7,88.46153846153845,"['Find sewing kit.', 'Get a thread and a needle', 'Hold shirt with non-dominant hand', 'Thread the needle', 'Push needle through the button hole into the fabric', 'Continue until button is secure', 'Snip excess thread off']","['Get out sewing kit', 'Take out the needle']",Take out the needle,1,0, A
0,0.0,[],"['repeat until button is secure', 'Get supplies - shirt, new button, thread, needle']","Get supplies - shirt, new button, thread, needle",1,0, A
1,26.923076923076923,"['Get supplies - shirt, new button, thread, needle']","['grab object the button is being sewed', 'Bring the needle up through another hole on button.']",grab object the button is being sewed,0,0, A
2,34.61538461538461,"['Get supplies - shirt, new button, thread, needle', 'grab object the button is being sewed']","['thread needle', 'Sew button through second hole']",thread needle,0,0, A
3,53.84615384615385,"['Get supplies - shirt, new button, thread, needle', 'grab object the button is being sewed', 'thread needle']","['Push needle through button hole', 'Get needle and thread']",Push needle through button hole,0,0, A
0,0.0,[],"['Thread the needle', 'Get scissors, needle, button and thread']","Get scissors, needle, button and thread",1,0, A
1,15.384615384615383,"['Get scissors, needle, button and thread']","['Sew thread on needle through hole of button.', 'Find matching thread']",Find matching thread,1,0, A
2,19.230769230769237,"['Get scissors, needle, button and thread', 'Find matching thread']","['Insert the needle from the bottom where the button is to be sewn', 'Get thread.']",Get thread.,1,0, A
3,23.07692307692308,"['Get scissors, needle, button and thread', 'Find matching thread', 'Get thread.']","['find a button', 'use needle and thread to sew button onto shirt']",find a button,0,0, A
4,30.76923076923077,"['Get scissors, needle, button and thread', 'Find matching thread', 'Get thread.', 'find a button']","['Continue sewing.', 'Place button where you want it.']",Place button where you want it.,1,0, A
5,46.15384615384615,"['Get scissors, needle, button and thread', 'Find matching thread', 'Get thread.', 'find a button', 'Place button where you want it.']","['Pass needle through shirt and button holes', 'find a button']",Pass needle through shirt and button holes,0,0, A
0,0.0,[],"['get sewing kit', 'Insert needle through button and into fabric where the button belongs.']",get sewing kit,0,0, A
1,7.6923076923076925,['get sewing kit'],"['Use needle to go through button holes', 'locate needle and thread']",locate needle and thread,1,0, A
2,30.76923076923077,"['get sewing kit', 'locate needle and thread']","['Find the location where button needs to be sewn.', 'cut the thread when finished']",Find the location where button needs to be sewn.,0,0, A
3,50.0,"['get sewing kit', 'locate needle and thread', 'Find the location where button needs to be sewn.']","['Pick a needle', 'Push needle through the button holes']",Push needle through the button holes,1,0, A
4,65.38461538461539,"['get sewing kit', 'locate needle and thread', 'Find the location where button needs to be sewn.', 'Push needle through the button holes']","['Sew button through second hole', 'Get sewing basket']",Sew button through second hole,0,0, A
5,69.23076923076923,"['get sewing kit', 'locate needle and thread', 'Find the location where button needs to be sewn.', 'Push needle through the button holes', 'Sew button through second hole']","['Hold button in place', 'Sew thread on needle through hole of button.']",Hold button in place,0,0, A
6,73.07692307692307,"['get sewing kit', 'locate needle and thread', 'Find the location where button needs to be sewn.', 'Push needle through the button holes', 'Sew button through second hole', 'Hold button in place']","['Get back the needle through the fourth button hole', 'Grab the fabric and button']",Get back the needle through the fourth button hole,0,0, A
7,80.76923076923077,"['get sewing kit', 'locate needle and thread', 'Find the location where button needs to be sewn.', 'Push needle through the button holes', 'Sew button through second hole', 'Hold button in place', 'Get back the needle through the fourth button hole']","['Make a knot', 'Get the proper colored thread']",Make a knot,0,0, A
8,88.46153846153845,"['get sewing kit', 'locate needle and thread', 'Find the location where button needs to be sewn.', 'Push needle through the button holes', 'Sew button through second hole', 'Hold button in place', 'Get back the needle through the fourth button hole', 'Make a knot']","['Put away needle and thread', 'Tie knot in end of thread']",Put away needle and thread,0,0, A
9,92.3076923076923,"['get sewing kit', 'locate needle and thread', 'Find the location where button needs to be sewn.', 'Push needle through the button holes', 'Sew button through second hole', 'Hold button in place', 'Get back the needle through the fourth button hole', 'Make a knot', 'Put away needle and thread']","['MAKE SURE BUTTON IS SECURE', 'insert needle through cloth']",MAKE SURE BUTTON IS SECURE,0,0, A
0,0.0,[],"['insert needle through cloth', 'Get scissors, needle, button and thread']","Get scissors, needle, button and thread",1,0, A
1,7.6923076923076925,"['Get scissors, needle, button and thread']","['Get needle and thread', 'Put needle through button and clothing.']",Get needle and thread,0,0, A
2,34.61538461538461,"['Get scissors, needle, button and thread', 'Get needle and thread']","['Make a knot', 'attach string to needle']",attach string to needle,1,0, A
3,50.0,"['Get scissors, needle, button and thread', 'Get needle and thread', 'attach string to needle']","['Pull out a length of thread.', 'Put the thread through the button and start threading']",Put the thread through the button and start threading,1,0, A
4,80.76923076923077,"['Get scissors, needle, button and thread', 'Get needle and thread', 'attach string to needle', 'Put the thread through the button and start threading']","['Tie knot on thread.', 'knot thread']",Tie knot on thread.,0,0, A
5,88.46153846153845,"['Get scissors, needle, button and thread', 'Get needle and thread', 'attach string to needle', 'Put the thread through the button and start threading', 'Tie knot on thread.']","['put sewing kit away', 'Place the button in the right spot']",put sewing kit away,0,0, A
0,0.0,[],"['Drive to fabric store', 'gather garment for buttoning']",Drive to fabric store,0,0, A
1,19.230769230769237,['Drive to fabric store'],"[""Pull a thread of a matching color through the needle's eye"", 'Tie off thread']",Pull a thread of a matching color through the needle's eye,0,0, A
2,23.07692307692308,"['Drive to fabric store', ""Pull a thread of a matching color through the needle's eye""]","['FIND THE REPLACEMENT BUTTON', 'Sew button through third hole']",FIND THE REPLACEMENT BUTTON,0,0, A
3,34.61538461538461,"['Drive to fabric store', ""Pull a thread of a matching color through the needle's eye"", 'FIND THE REPLACEMENT BUTTON']","['Check the button', 'Put thread through needle hole']",Put thread through needle hole,1,0, A
4,42.30769230769231,"['Drive to fabric store', ""Pull a thread of a matching color through the needle's eye"", 'FIND THE REPLACEMENT BUTTON', 'Put thread through needle hole']","['Cut the excess thread', 'Cut away old strings']",Cut away old strings,1,0, A
5,61.53846153846154,"['Drive to fabric store', ""Pull a thread of a matching color through the needle's eye"", 'FIND THE REPLACEMENT BUTTON', 'Put thread through needle hole', 'Cut away old strings']","['Insert needle through one side of button', 'Find some thread and needle']",Insert needle through one side of button,0,0, A
6,76.92307692307693,"['Drive to fabric store', ""Pull a thread of a matching color through the needle's eye"", 'FIND THE REPLACEMENT BUTTON', 'Put thread through needle hole', 'Cut away old strings', 'Insert needle through one side of button']","['stitching the button on', 'Thread the needle']",stitching the button on,0,0, A
7,84.61538461538461,"['Drive to fabric store', ""Pull a thread of a matching color through the needle's eye"", 'FIND THE REPLACEMENT BUTTON', 'Put thread through needle hole', 'Cut away old strings', 'Insert needle through one side of button', 'stitching the button on']","['cut thread so that need will detach', 'Get sewing kit']",cut thread so that need will detach,0,0, A
0,0.0,[],"['Drive to fabric store', 'Put button in proper place']",Drive to fabric store,0,0, A
1,19.230769230769237,['Drive to fabric store'],"['Get the proper colored thread', 'Start to sew the button onto the fabric.']",Get the proper colored thread,0,0, A
2,34.61538461538461,"['Drive to fabric store', 'Get the proper colored thread']","['Thread needle.', 'Repeat procedure until button is secure']",Thread needle.,0,0, A
3,46.15384615384615,"['Drive to fabric store', 'Get the proper colored thread', 'Thread needle.']","['Get scissors, needle, button and thread', 'use the string to make it stay in place']",use the string to make it stay in place,1,0, A
0,0.0,[],"['Return the needle through the fabric and through a different button hole', 'Get out needle, thread, button, and clothing item.']","Get out needle, thread, button, and clothing item.",1,0, A
1,7.6923076923076925,"['Get out needle, thread, button, and clothing item.']","['Cut thread', 'Get needle and thread']",Get needle and thread,1,0, A
2,19.230769230769237,"['Get out needle, thread, button, and clothing item.', 'Get needle and thread']","['Continue sewing.', 'get thread']",get thread,1,0, A
3,23.07692307692308,"['Get out needle, thread, button, and clothing item.', 'Get needle and thread', 'get thread']","['Find a matching button', 'Tie off thread']",Find a matching button,0,0, A
4,50.0,"['Get out needle, thread, button, and clothing item.', 'Get needle and thread', 'get thread', 'Find a matching button']","['Take a needle and required thread', 'Push the needle through the fabric']",Push the needle through the fabric,1,0, A
5,76.92307692307693,"['Get out needle, thread, button, and clothing item.', 'Get needle and thread', 'get thread', 'Find a matching button', 'Push the needle through the fabric']","['Do this several times until the button is secure', 'Thread needle with some thread.']",Do this several times until the button is secure,0,0, A
0,0.0,[],"['Get button, thread, needle and scissors', 'knot thread']","Get button, thread, needle and scissors",0,0, A
1,30.76923076923077,"['Get button, thread, needle and scissors']","['place botton where you want it', 'Secure the button with a knot']",place botton where you want it,0,0, A
2,61.53846153846154,"['Get button, thread, needle and scissors', 'place botton where you want it']","['Get a needle', 'Put needle into one button hole through shirt.']",Put needle into one button hole through shirt.,1,0, A
3,80.76923076923077,"['Get button, thread, needle and scissors', 'place botton where you want it', 'Put needle into one button hole through shirt.']","['knot thread', 'Hold button to material.']",knot thread,0,0, A
4,88.46153846153845,"['Get button, thread, needle and scissors', 'place botton where you want it', 'Put needle into one button hole through shirt.', 'knot thread']","['Knot the end to make it stay', 'put needle and thread away']",put needle and thread away,1,0, A
0,0.0,[],"['Stitch the button on', 'Get supplies - shirt, new button, thread, needle']","Get supplies - shirt, new button, thread, needle",1,0, A
1,7.6923076923076925,"['Get supplies - shirt, new button, thread, needle']","['Continue until button is secure', 'Find some thread and needle']",Find some thread and needle,1,0, A
2,26.923076923076923,"['Get supplies - shirt, new button, thread, needle', 'Find some thread and needle']","['take the cloth to be sewed', 'Pull it back out the other hole']",take the cloth to be sewed,0,0, A
3,50.0,"['Get supplies - shirt, new button, thread, needle', 'Find some thread and needle', 'take the cloth to be sewed']","['Put thread through needle.', 'Remove the old button']",Put thread through needle.,0,0, A
4,65.38461538461539,"['Get supplies - shirt, new button, thread, needle', 'Find some thread and needle', 'take the cloth to be sewed', 'Put thread through needle.']","['Pull needle out other side.', 'Place button on desired spot on shirt.']",Pull needle out other side.,0,0, A
5,69.23076923076923,"['Get supplies - shirt, new button, thread, needle', 'Find some thread and needle', 'take the cloth to be sewed', 'Put thread through needle.', 'Pull needle out other side.']","['Put needle in other button hole.', 'Thread the needle, double it up and tie a knot at the end']",Put needle in other button hole.,0,0, A
0,0.0,[],"['push the needle through the fabric', 'Drive to fabric store']",Drive to fabric store,1,0, A
1,19.230769230769237,['Drive to fabric store'],"['Find thread that matches button color.', 'MAKE SURE BUTTON IS SECURE']",Find thread that matches button color.,0,0, A
2,23.07692307692308,"['Drive to fabric store', 'Find thread that matches button color.']","['Find a button', 'Start to sew the button onto the fabric.']",Find a button,0,0, A
3,30.76923076923077,"['Drive to fabric store', 'Find thread that matches button color.', 'Find a button']","['Cut off remaining thread', 'Put button on shirt']",Put button on shirt,1,0, A
4,53.84615384615385,"['Drive to fabric store', 'Find thread that matches button color.', 'Find a button', 'Put button on shirt']","['Get the thread', 'Place needle through button eyelets.']",Place needle through button eyelets.,1,0, A
5,84.61538461538461,"['Drive to fabric store', 'Find thread that matches button color.', 'Find a button', 'Put button on shirt', 'Place needle through button eyelets.']","['grab a needle', 'Cut off any loose threads with a scissors.']",Cut off any loose threads with a scissors.,1,0, A
0,0.0,[],"['Thread needle', 'Drive to fabric store']",Drive to fabric store,1,0, A
1,19.230769230769237,['Drive to fabric store'],"['gathering thread', 'tying a knot with thread']",gathering thread,0,0, A
2,26.923076923076923,"['Drive to fabric store', 'gathering thread']","['Grab the garment that you would like to sew the button to.', 'Cut loose ends']",Grab the garment that you would like to sew the button to.,0,0, A
3,50.0,"['Drive to fabric store', 'gathering thread', 'Grab the garment that you would like to sew the button to.']","['insert needle through cloth', 'Get thread']",insert needle through cloth,0,0, A
4,53.84615384615385,"['Drive to fabric store', 'gathering thread', 'Grab the garment that you would like to sew the button to.', 'insert needle through cloth']","['Find a matching button', 'pass needle through needle hole in button']",pass needle through needle hole in button,1,0, A
0,0.0,[],"['Tie the thread', 'Get button, thread, needle and scissors']","Get button, thread, needle and scissors",1,0, A
1,30.76923076923077,"['Get button, thread, needle and scissors']","['Get your sewing kit', 'Place button onto item of clothing']",Place button onto item of clothing,1,0, A
2,61.53846153846154,"['Get button, thread, needle and scissors', 'Place button onto item of clothing']","['Pull the needle until thread is completely on the other side of shirt', 'Find needle']",Pull the needle until thread is completely on the other side of shirt,0,0, A
3,65.38461538461539,"['Get button, thread, needle and scissors', 'Place button onto item of clothing', 'Pull the needle until thread is completely on the other side of shirt']","['Slide button onto needle and thread.', 'Find a button']",Slide button onto needle and thread.,0,0, A
4,69.23076923076923,"['Get button, thread, needle and scissors', 'Place button onto item of clothing', 'Pull the needle until thread is completely on the other side of shirt', 'Slide button onto needle and thread.']","['Put needle in other button hole.', 'Put button in the right area']",Put needle in other button hole.,0,0, A
5,73.07692307692307,"['Get button, thread, needle and scissors', 'Place button onto item of clothing', 'Pull the needle until thread is completely on the other side of shirt', 'Slide button onto needle and thread.', 'Put needle in other button hole.']","['gather garment for buttoning', 'Get back the needle through the fourth button hole']",Get back the needle through the fourth button hole,1,0, A
0,0.0,[],"['Gather supplies', 'Tie knot in end of thread']",Gather supplies,0,0, A
1,15.384615384615383,['Gather supplies'],"['Insert the needle from the bottom where the button is to be sewn', 'Choose thread color']",Choose thread color,1,0, A
2,30.76923076923077,"['Gather supplies', 'Choose thread color']","['When done knot end.', 'line new button up with corresponding button hole']",line new button up with corresponding button hole,1,0, A
3,42.30769230769231,"['Gather supplies', 'Choose thread color', 'line new button up with corresponding button hole']","['Cross over to perpendicular hole, push needle back through', 'Cut excess thread']",Cut excess thread,1,0, A
4,46.15384615384615,"['Gather supplies', 'Choose thread color', 'line new button up with corresponding button hole', 'Cut excess thread']","['Find a button', 'Sew on button']",Sew on button,1,0, A
5,80.76923076923077,"['Gather supplies', 'Choose thread color', 'line new button up with corresponding button hole', 'Cut excess thread', 'Sew on button']","['Thread needle.', 'Tie off thread']",Tie off thread,1,0, A
6,84.61538461538461,"['Gather supplies', 'Choose thread color', 'line new button up with corresponding button hole', 'Cut excess thread', 'Sew on button', 'Tie off thread']","['threading the needle', 'Cut the thread.']",Cut the thread.,1,0, A
7,88.46153846153845,"['Gather supplies', 'Choose thread color', 'line new button up with corresponding button hole', 'Cut excess thread', 'Sew on button', 'Tie off thread', 'Cut the thread.']","['take the cloth to be sewed', 'Put everything away.']",Put everything away.,1,0, A
8,92.3076923076923,"['Gather supplies', 'Choose thread color', 'line new button up with corresponding button hole', 'Cut excess thread', 'Sew on button', 'Tie off thread', 'Cut the thread.', 'Put everything away.']","['Thread needle', 'Check if the button is tight']",Check if the button is tight,1,0, A
0,0.0,[],"['Get out sewing kit', 'use the string to make it stay in place']",Get out sewing kit,0,0, A
1,11.538461538461538,['Get out sewing kit'],"['Get needle', 'Continue sewing.']",Get needle,0,0, A
2,15.384615384615383,"['Get out sewing kit', 'Get needle']","['Select thread of correct color', 'Sew the button']",Select thread of correct color,0,0, A
3,23.07692307692308,"['Get out sewing kit', 'Get needle', 'Select thread of correct color']","['Put needle and thread through holes', 'Find a button']",Find a button,1,0, A
4,50.0,"['Get out sewing kit', 'Get needle', 'Select thread of correct color', 'Find a button']","['Pull through other side.', 'Poke a hole in the fabric']",Poke a hole in the fabric,1,0, A
5,61.53846153846154,"['Get out sewing kit', 'Get needle', 'Select thread of correct color', 'Find a button', 'Poke a hole in the fabric']","['Put needle into one button hole through shirt.', 'Drive to fabric store']",Put needle into one button hole through shirt.,0,0, A
6,65.38461538461539,"['Get out sewing kit', 'Get needle', 'Select thread of correct color', 'Find a button', 'Poke a hole in the fabric', 'Put needle into one button hole through shirt.']","['Find thread that matches', 'Then push needle through material']",Then push needle through material,1,0, A
7,76.92307692307693,"['Get out sewing kit', 'Get needle', 'Select thread of correct color', 'Find a button', 'Poke a hole in the fabric', 'Put needle into one button hole through shirt.', 'Then push needle through material']","['Get needle.', 'Continue to loop the needle and thread through the button holes.']",Continue to loop the needle and thread through the button holes.,1,0, A
0,0.0,[],"['Ending again in the back of the garment cut off the thread.', 'Drive to fabric store']",Drive to fabric store,1,0, A
1,19.230769230769237,['Drive to fabric store'],"['Apply button by driving needle through button', 'Purchase thread']",Purchase thread,1,0, A
2,26.923076923076923,"['Drive to fabric store', 'Purchase thread']","['Push needle through other hole of button and through clothes', 'Get shirt']",Get shirt,1,0, A
3,46.15384615384615,"['Drive to fabric store', 'Purchase thread', 'Get shirt']","['Put thread through buttonhole', 'Find sewing kit.']",Put thread through buttonhole,0,0, A
0,0.0,[],"['sew onto fabric securely', 'Find sewing kit']",Find sewing kit,1,0, A
1,11.538461538461538,['Find sewing kit'],"['Put away needle and thread', 'get needle']",get needle,1,0, A
2,19.230769230769237,"['Find sewing kit', 'get needle']","['Get thread.', 'Tie off your thread.']",Get thread.,0,0, A
3,34.61538461538461,"['Find sewing kit', 'get needle', 'Get thread.']","['Insert needle through first side of button (step 3)', 'Fix the thread in the needle']",Fix the thread in the needle,1,0, A
4,53.84615384615385,"['Find sewing kit', 'get needle', 'Get thread.', 'Fix the thread in the needle']","['Get thread and needle', 'Pull it back out the other hole']",Pull it back out the other hole,1,0, A
5,80.76923076923077,"['Find sewing kit', 'get needle', 'Get thread.', 'Fix the thread in the needle', 'Pull it back out the other hole']","['tying a knot with thread', 'Place button on clothing']",tying a knot with thread,0,0, A
6,84.61538461538461,"['Find sewing kit', 'get needle', 'Get thread.', 'Fix the thread in the needle', 'Pull it back out the other hole', 'tying a knot with thread']","['Cut the needle off of the thread.', 'Thread needle']",Cut the needle off of the thread.,0,0, A
7,88.46153846153845,"['Find sewing kit', 'get needle', 'Get thread.', 'Fix the thread in the needle', 'Pull it back out the other hole', 'tying a knot with thread', 'Cut the needle off of the thread.']","['Clean up.', 'Get the button']",Clean up.,0,0, A
8,92.3076923076923,"['Find sewing kit', 'get needle', 'Get thread.', 'Fix the thread in the needle', 'Pull it back out the other hole', 'tying a knot with thread', 'Cut the needle off of the thread.', 'Clean up.']","['Check new button', 'Sew in a pattern that looks like an X through the holes of the button.']",Check new button,0,0, A
0,0.0,[],"['Drive to fabric store', 'Put the thread through the button and start threading']",Drive to fabric store,0,0, A
1,19.230769230769237,['Drive to fabric store'],"['Bring the needle up through another hole on button.', 'Get thread']",Get thread,1,0, A
2,23.07692307692308,"['Drive to fabric store', 'Get thread']","['Find replacement button.', 'Cut off the extra thread']",Find replacement button.,0,0, A
3,26.923076923076923,"['Drive to fabric store', 'Get thread', 'Find replacement button.']","['Place item on flat surface', 'Repeat until button is tight']",Place item on flat surface,0,0, A
4,30.76923076923077,"['Drive to fabric store', 'Get thread', 'Find replacement button.', 'Place item on flat surface']","['Put button on shirt', 'Tie the end of the string']",Put button on shirt,0,0, A
5,61.53846153846154,"['Drive to fabric store', 'Get thread', 'Find replacement button.', 'Place item on flat surface', 'Put button on shirt']","['Thread one hole with the needle', 'Find thread that matches']",Thread one hole with the needle,0,0, A
6,65.38461538461539,"['Drive to fabric store', 'Get thread', 'Find replacement button.', 'Place item on flat surface', 'Put button on shirt', 'Thread one hole with the needle']","['Bring the needle up through another hole on button.', 'Get shirt']",Bring the needle up through another hole on button.,0,0, A
7,69.23076923076923,"['Drive to fabric store', 'Get thread', 'Find replacement button.', 'Place item on flat surface', 'Put button on shirt', 'Thread one hole with the needle', 'Bring the needle up through another hole on button.']","['Get clothes', 'Sew through the diagonal hole of the button and the garment.']",Sew through the diagonal hole of the button and the garment.,1,0, A
0,0.0,[],"['tying a knot with thread', 'Find sewing kit.']",Find sewing kit.,1,0, A
1,11.538461538461538,['Find sewing kit.'],"['grab a needle', 'Wrap the thread']",grab a needle,0,0, A
2,23.07692307692308,"['Find sewing kit.', 'grab a needle']","['Take a matching button', 'Repeat steps 4 through 6 about 30 times']",Take a matching button,0,0, A
3,30.76923076923077,"['Find sewing kit.', 'grab a needle', 'Take a matching button']","['place button where you want it', 'Put everything away.']",place button where you want it,0,0, A
4,34.61538461538461,"['Find sewing kit.', 'grab a needle', 'Take a matching button', 'place button where you want it']","['Get back the needle through the third button hole', 'Thread needle.']",Thread needle.,1,0, A
5,46.15384615384615,"['Find sewing kit.', 'grab a needle', 'Take a matching button', 'place button where you want it', 'Thread needle.']","['Pull out a length of thread.', 'Stick needle through hole and secure with thread']",Stick needle through hole and secure with thread,1,0, A
6,80.76923076923077,"['Find sewing kit.', 'grab a needle', 'Take a matching button', 'place button where you want it', 'Thread needle.', 'Stick needle through hole and secure with thread']","['When button is securely in place tie knot in thread at back of garment', 'slide thread through hole']",When button is securely in place tie knot in thread at back of garment,0,0, A
7,88.46153846153845,"['Find sewing kit.', 'grab a needle', 'Take a matching button', 'place button where you want it', 'Thread needle.', 'Stick needle through hole and secure with thread', 'When button is securely in place tie knot in thread at back of garment']","['Put the needle and thread away', 'Put button on shirt.']",Put the needle and thread away,0,0, A
8,92.3076923076923,"['Find sewing kit.', 'grab a needle', 'Take a matching button', 'place button where you want it', 'Thread needle.', 'Stick needle through hole and secure with thread', 'When button is securely in place tie knot in thread at back of garment', 'Put the needle and thread away']","['Take shirt', 'Check if the button is tight']",Check if the button is tight,1,0, A
0,0.0,[],"['Repeat for remaining holes', 'Get the sewing kit.']",Get the sewing kit.,1,0, A
1,11.538461538461538,['Get the sewing kit.'],"['Cut off remaining thread', 'Take needle from sewing kit']",Take needle from sewing kit,1,0, A
2,23.07692307692308,"['Get the sewing kit.', 'Take needle from sewing kit']","['Find similar button', 'Pass thread through button holes.']",Find similar button,0,0, A
3,50.0,"['Get the sewing kit.', 'Take needle from sewing kit', 'Find similar button']","['push needle through button and shirt', 'Get out sewing kit']",push needle through button and shirt,0,0, A
4,80.76923076923077,"['Get the sewing kit.', 'Take needle from sewing kit', 'Find similar button', 'push needle through button and shirt']","['Get button', 'Tie end in a knot']",Tie end in a knot,1,0, A
5,84.61538461538461,"['Get the sewing kit.', 'Take needle from sewing kit', 'Find similar button', 'push needle through button and shirt', 'Tie end in a knot']","['Cut the excess thread', 'attach button to shirt']",Cut the excess thread,0,0, A
0,0.0,[],"['Thread the needle', 'Grab the fabric and button']",Grab the fabric and button,1,0, A
1,26.923076923076923,['Grab the fabric and button'],"['Cut off excess thread', 'find shirt with missing button']",find shirt with missing button,1,0, A
2,46.15384615384615,"['Grab the fabric and button', 'find shirt with missing button']","['Move needle in and out of button holes to secure to shirt.', 'put needle into adjoining hole']",Move needle in and out of button holes to secure to shirt.,0,0, A
3,53.84615384615385,"['Grab the fabric and button', 'find shirt with missing button', 'Move needle in and out of button holes to secure to shirt.']","['MAKE SURE BUTTON IS SECURE', 'Pull thread through and secure button']",Pull thread through and secure button,1,0, A
4,84.61538461538461,"['Grab the fabric and button', 'find shirt with missing button', 'Move needle in and out of button holes to secure to shirt.', 'Pull thread through and secure button']","['cut thread from button', 'thread the needle']",cut thread from button,0,0, A
5,88.46153846153845,"['Grab the fabric and button', 'find shirt with missing button', 'Move needle in and out of button holes to secure to shirt.', 'Pull thread through and secure button', 'cut thread from button']","['Take out the needle', 'Push needle through first hole']",Take out the needle,0,0, A
6,92.3076923076923,"['Grab the fabric and button', 'find shirt with missing button', 'Move needle in and out of button holes to secure to shirt.', 'Pull thread through and secure button', 'cut thread from button', 'Take out the needle']","['Sew button onto fabric through the first hole', 'Check new button']",Check new button,1,0, A
0,0.0,[],"['Get button, thread, needle and scissors', 'Repeat until button is tight']","Get button, thread, needle and scissors",0,0, A
1,26.923076923076923,"['Get button, thread, needle and scissors']","['pass needle through needle hole in button', 'get item to be sewn']",get item to be sewn,1,0, A
2,34.61538461538461,"['Get button, thread, needle and scissors', 'get item to be sewn']","['Tie of thread on inside', 'pull the thread through the eye of needle']",pull the thread through the eye of needle,1,0, A
3,42.30769230769231,"['Get button, thread, needle and scissors', 'get item to be sewn', 'pull the thread through the eye of needle']","['Grab a needle and thread', 'measure and cut length of thread']",measure and cut length of thread,1,0, A
4,61.53846153846154,"['Get button, thread, needle and scissors', 'get item to be sewn', 'pull the thread through the eye of needle', 'measure and cut length of thread']","['Find sewing kit', 'Sew button onto fabric through the first hole']",Sew button onto fabric through the first hole,1,0, A
5,76.92307692307693,"['Get button, thread, needle and scissors', 'get item to be sewn', 'pull the thread through the eye of needle', 'measure and cut length of thread', 'Sew button onto fabric through the first hole']","['Repeat procedure until button is secure', 'Place the thread through the needle']",Repeat procedure until button is secure,0,0, A
0,0.0,[],"['Put button on shirt.', 'Get sewing kit']",Get sewing kit,1,0, A
1,11.538461538461538,['Get sewing kit'],"['get needle', 'Start sewing going into the back of the garment.']",get needle,0,0, A
2,30.76923076923077,"['Get sewing kit', 'get needle']","['Place button where it is to be sewed', 'Place needle through clothing.']",Place button where it is to be sewed,0,0, A
3,46.15384615384615,"['Get sewing kit', 'get needle', 'Place button where it is to be sewed']","['Pass needle through shirt and button holes', 'locate needle and thread']",Pass needle through shirt and button holes,0,0, A
4,50.0,"['Get sewing kit', 'get needle', 'Place button where it is to be sewed', 'Pass needle through shirt and button holes']","['Get needle and thread', 'Insert the thread through the button']",Insert the thread through the button,1,0, A
5,76.92307692307693,"['Get sewing kit', 'get needle', 'Place button where it is to be sewed', 'Pass needle through shirt and button holes', 'Insert the thread through the button']","['Continue to loop the needle and thread through the button holes.', 'gather needle']",Continue to loop the needle and thread through the button holes.,0,0, A
6,80.76923076923077,"['Get sewing kit', 'get needle', 'Place button where it is to be sewed', 'Pass needle through shirt and button holes', 'Insert the thread through the button', 'Continue to loop the needle and thread through the button holes.']","['line it up with the hole', 'Tie another knot at the end of the thread.']",Tie another knot at the end of the thread.,1,0, A
0,0.0,[],"['stitching the button on', 'Get sewing kit']",Get sewing kit,1,0, A
1,7.6923076923076925,['Get sewing kit'],"['Take out thread and needle', 'cut thread from button']",Take out thread and needle,0,0, A
2,34.61538461538461,"['Get sewing kit', 'Take out thread and needle']","['Gather supplies', 'Thread the needle and tie a knot at end of thread.']",Thread the needle and tie a knot at end of thread.,1,0, A
3,61.53846153846154,"['Get sewing kit', 'Take out thread and needle', 'Thread the needle and tie a knot at end of thread.']","['Use scissors to cut thread', 'Pull the needle until thread is completely on the other side of shirt']",Pull the needle until thread is completely on the other side of shirt,1,0, A
4,76.92307692307693,"['Get sewing kit', 'Take out thread and needle', 'Thread the needle and tie a knot at end of thread.', 'Pull the needle until thread is completely on the other side of shirt']","['Repeat until sewed on.', 'Find a needle']",Repeat until sewed on.,0,0, A
5,80.76923076923077,"['Get sewing kit', 'Take out thread and needle', 'Thread the needle and tie a knot at end of thread.', 'Pull the needle until thread is completely on the other side of shirt', 'Repeat until sewed on.']","['Tie ends.', 'Get thread.']",Tie ends.,0,0, A
6,88.46153846153845,"['Get sewing kit', 'Take out thread and needle', 'Thread the needle and tie a knot at end of thread.', 'Pull the needle until thread is completely on the other side of shirt', 'Repeat until sewed on.', 'Tie ends.']","['Put away needle and thread', 'Tie knot in end of thread']",Put away needle and thread,0,0, A
0,0.0,[],"['Repeat procedure until button is secure', 'Drive to fabric store']",Drive to fabric store,1,0, A
1,19.230769230769237,['Drive to fabric store'],"['Tie knot on thread.', 'Get thread']",Get thread,1,0, A
2,30.76923076923077,"['Drive to fabric store', 'Get thread']","['Get back the needle through the third button hole', 'Align button']",Align button,1,0, A
3,34.61538461538461,"['Drive to fabric store', 'Get thread', 'Align button']","['Thread a needle', 'Tie off thread']",Thread a needle,0,0, A
4,42.30769230769231,"['Drive to fabric store', 'Get thread', 'Align button', 'Thread a needle']","['Cut thread', 'Cut away old strings']",Cut away old strings,1,0, A
5,46.15384615384615,"['Drive to fabric store', 'Get thread', 'Align button', 'Thread a needle', 'Cut away old strings']","['Find similar color thread to use.', 'sew button into fabric making sure stitches are secure']",sew button into fabric making sure stitches are secure,1,0, A
0,0.0,[],"['Drive to fabric store', 'Make a knot in fabric with thread behind the button']",Drive to fabric store,0,0, A
1,19.230769230769237,['Drive to fabric store'],"['Push needle through button and fabric.', 'Select thread']",Select thread,1,0, A
2,26.923076923076923,"['Drive to fabric store', 'Select thread']","['Find shirt', 'Continue repeating pushing up and pushing thread back down']",Find shirt,0,0, A
3,34.61538461538461,"['Drive to fabric store', 'Select thread', 'Find shirt']","['cut the thread when finished', 'Position needle with thread']",Position needle with thread,1,0, A
4,53.84615384615385,"['Drive to fabric store', 'Select thread', 'Find shirt', 'Position needle with thread']","['Find some thread', 'Place needle through button eyelets.']",Place needle through button eyelets.,1,0, A
5,80.76923076923077,"['Drive to fabric store', 'Select thread', 'Find shirt', 'Position needle with thread', 'Place needle through button eyelets.']","['take the needle and matching thread', ""TIE A KNOT IN THE END OF THE THREAD SO THE BUTTON DOESN'T COME OFF""]",TIE A KNOT IN THE END OF THE THREAD SO THE BUTTON DOESN'T COME OFF,1,0, A
0,0.0,[],"['MAKE SURE BUTTON IS SECURE', 'Drive to fabric store']",Drive to fabric store,1,0, A
1,19.230769230769237,['Drive to fabric store'],"['Get thread', 'cut remaining thread away']",Get thread,0,0, A
2,26.923076923076923,"['Drive to fabric store', 'Get thread']","['Cut loose ends.', 'Get the piece of apparel that needs to sew the button on.']",Get the piece of apparel that needs to sew the button on.,1,0, A
3,30.76923076923077,"['Drive to fabric store', 'Get thread', 'Get the piece of apparel that needs to sew the button on.']","['place the button', 'Tie off the end of the thread']",place the button,0,0, A
4,46.15384615384615,"['Drive to fabric store', 'Get thread', 'Get the piece of apparel that needs to sew the button on.', 'place the button']","['ATTACH BUTTON USING NEEDLE AND THREAD', 'Get needle and thread']",ATTACH BUTTON USING NEEDLE AND THREAD,0,0, A
5,76.92307692307693,"['Drive to fabric store', 'Get thread', 'Get the piece of apparel that needs to sew the button on.', 'place the button', 'ATTACH BUTTON USING NEEDLE AND THREAD']","['Repeat', 'Place the button at right place']",Repeat,0,0, A
6,80.76923076923077,"['Drive to fabric store', 'Get thread', 'Get the piece of apparel that needs to sew the button on.', 'place the button', 'ATTACH BUTTON USING NEEDLE AND THREAD', 'Repeat']","['Tie off the thread', 'Pick thread to use']",Tie off the thread,0,0, A
7,88.46153846153845,"['Drive to fabric store', 'Get thread', 'Get the piece of apparel that needs to sew the button on.', 'place the button', 'ATTACH BUTTON USING NEEDLE AND THREAD', 'Repeat', 'Tie off the thread']","['Get a thimble', 'Put away thread and needle']",Put away thread and needle,1,0, A
0,0.0,[],"['Find sewing kit.', 'tie off thread']",Find sewing kit.,0,0, A
1,11.538461538461538,['Find sewing kit.'],"['Then push needle through material', 'Find a needle']",Find a needle,1,0, A
2,15.384615384615383,"['Find sewing kit.', 'Find a needle']","['Find matching thread', 'tie off thread']",Find matching thread,0,0, A
3,23.07692307692308,"['Find sewing kit.', 'Find a needle', 'Find matching thread']","['Get button', 'Put needle and thread back in drawer']",Get button,0,0, A
4,26.923076923076923,"['Find sewing kit.', 'Find a needle', 'Find matching thread', 'Get button']","['Tie the end with a knot.', 'Hold shirt with non-dominant hand']",Hold shirt with non-dominant hand,1,0, A
5,30.76923076923077,"['Find sewing kit.', 'Find a needle', 'Find matching thread', 'Get button', 'Hold shirt with non-dominant hand']","['Tie off thread', 'Hold button in place on clothing.']",Hold button in place on clothing.,1,0, A
6,50.0,"['Find sewing kit.', 'Find a needle', 'Find matching thread', 'Get button', 'Hold shirt with non-dominant hand', 'Hold button in place on clothing.']","['Take thread from sewing kit', 'Put the thread through the button and start threading']",Put the thread through the button and start threading,1,0, A
7,53.84615384615385,"['Find sewing kit.', 'Find a needle', 'Find matching thread', 'Get button', 'Hold shirt with non-dominant hand', 'Hold button in place on clothing.', 'Put the thread through the button and start threading']","['Find matching button, or old button.', 'Place needle through button eyelets.']",Place needle through button eyelets.,1,0, A
8,84.61538461538461,"['Find sewing kit.', 'Find a needle', 'Find matching thread', 'Get button', 'Hold shirt with non-dominant hand', 'Hold button in place on clothing.', 'Put the thread through the button and start threading', 'Place needle through button eyelets.']","['gather needle and thread', 'Cut off excess thread']",Cut off excess thread,1,0, A
0,0.0,[],"['Drive to fabric store', 'Thread the needle and tie a knot at end of thread.']",Drive to fabric store,0,0, A
1,19.230769230769237,['Drive to fabric store'],"['Cut away old strings', 'Find thread that matches']",Find thread that matches,1,0, A
2,30.76923076923077,"['Drive to fabric store', 'Find thread that matches']","['Take out the needle', 'Place the button on the cloth']",Place the button on the cloth,1,0, A
3,46.15384615384615,"['Drive to fabric store', 'Find thread that matches', 'Place the button on the cloth']","['Sew the button', 'Choose thread color']",Sew the button,0,0, A
4,84.61538461538461,"['Drive to fabric store', 'Find thread that matches', 'Place the button on the cloth', 'Sew the button']","['Cut the thread', 'Get clothing']",Cut the thread,0,0, A
0,0.0,[],"[""Insert the thread into the eye of the needle and tie a knot so it's attached."", 'Get scissors, needle, button and thread']","Get scissors, needle, button and thread",1,0, A
1,15.384615384615383,"['Get scissors, needle, button and thread']","['repeat 6 more times', 'Find matching thread']",Find matching thread,1,0, A
2,30.76923076923077,"['Get scissors, needle, button and thread', 'Find matching thread']","['Position button on shirt', 'Cut thread']",Position button on shirt,0,0, A
3,61.53846153846154,"['Get scissors, needle, button and thread', 'Find matching thread', 'Position button on shirt']","['Pull the needle until thread is completely on the other side of shirt', 'Take a needle and required thread']",Pull the needle until thread is completely on the other side of shirt,0,0, A
4,80.76923076923077,"['Get scissors, needle, button and thread', 'Find matching thread', 'Position button on shirt', 'Pull the needle until thread is completely on the other side of shirt']","[""Insert the thread into the eye of the needle and tie a knot so it's attached."", 'tug to make sure it is secure']",tug to make sure it is secure,1,0, A
5,84.61538461538461,"['Get scissors, needle, button and thread', 'Find matching thread', 'Position button on shirt', 'Pull the needle until thread is completely on the other side of shirt', 'tug to make sure it is secure']","['Place the button on the cloth', 'cut the thread']",cut the thread,1,0, A
6,88.46153846153845,"['Get scissors, needle, button and thread', 'Find matching thread', 'Position button on shirt', 'Pull the needle until thread is completely on the other side of shirt', 'tug to make sure it is secure', 'cut the thread']","['Put supplies away', 'Position button in correct place.']",Put supplies away,0,0, A
7,92.3076923076923,"['Get scissors, needle, button and thread', 'Find matching thread', 'Position button on shirt', 'Pull the needle until thread is completely on the other side of shirt', 'tug to make sure it is secure', 'cut the thread', 'Put supplies away']","['Check if the button is tight', 'thread the needle']",Check if the button is tight,0,0, A
0,0.0,[],"['Pass the needle through one of the button holes', 'Drive to fabric store']",Drive to fabric store,1,0, A
1,19.230769230769237,['Drive to fabric store'],"['Cut a length of thread more than double what you will need', 'push needle to back of the item']",Cut a length of thread more than double what you will need,0,0, A
2,30.76923076923077,"['Drive to fabric store', 'Cut a length of thread more than double what you will need']","['Line the button up in the place where the old one would have been', 'Repeat until button is secure']",Line the button up in the place where the old one would have been,0,0, A
3,61.53846153846154,"['Drive to fabric store', 'Cut a length of thread more than double what you will need', 'Line the button up in the place where the old one would have been']","['Put needle into one button hole through shirt.', 'Get a needle and thread']",Put needle into one button hole through shirt.,0,0, A
4,80.76923076923077,"['Drive to fabric store', 'Cut a length of thread more than double what you will need', 'Line the button up in the place where the old one would have been', 'Put needle into one button hole through shirt.']","['Get item that needs button sewing on', 'Secure the button with a knot']",Secure the button with a knot,1,0, A
0,0.0,[],"['Sew button onto fabric through the first hole', 'get thread, needle, button to be sewn']","get thread, needle, button to be sewn",1,0, A
1,26.923076923076923,"['get thread, needle, button to be sewn']","['grab object the button is being sewed', 'repeat steps 4-5 until button is secured to shirt']",grab object the button is being sewed,0,0, A
2,34.61538461538461,"['get thread, needle, button to be sewn', 'grab object the button is being sewed']","['Thread the needle', 'repeat 5-8 several times until button is secure']",Thread the needle,0,0, A
3,53.84615384615385,"['get thread, needle, button to be sewn', 'grab object the button is being sewed', 'Thread the needle']","['Use the needle to guide the thread', 'Find shirt']",Use the needle to guide the thread,0,0, A
4,76.92307692307693,"['get thread, needle, button to be sewn', 'grab object the button is being sewed', 'Thread the needle', 'Use the needle to guide the thread']","['Repeat procedure until button is secure', 'Get thread']",Repeat procedure until button is secure,0,0, A
5,80.76923076923077,"['get thread, needle, button to be sewn', 'grab object the button is being sewed', 'Thread the needle', 'Use the needle to guide the thread', 'Repeat procedure until button is secure']","['Break the thread and tie a final knot', 'Pull out a length of thread.']",Break the thread and tie a final knot,0,0, A
6,88.46153846153845,"['get thread, needle, button to be sewn', 'grab object the button is being sewed', 'Thread the needle', 'Use the needle to guide the thread', 'Repeat procedure until button is secure', 'Break the thread and tie a final knot']","['Hold shirt with non-dominant hand', 'Take out the needle']",Take out the needle,1,0, A
7,92.3076923076923,"['get thread, needle, button to be sewn', 'grab object the button is being sewed', 'Thread the needle', 'Use the needle to guide the thread', 'Repeat procedure until button is secure', 'Break the thread and tie a final knot', 'Take out the needle']","['Check the button', 'Put needle through button and shirt']",Check the button,0,0, A
0,0.0,[],"['Knot the end to make it stay', 'Get sewing kit']",Get sewing kit,1,0, A
1,34.61538461538461,['Get sewing kit'],"['Sew through the diagonal hole of the button and the garment.', 'Position needle with thread']",Position needle with thread,1,0, A
2,53.84615384615385,"['Get sewing kit', 'Position needle with thread']","['Pull the needle through a hole in the button, then back into the fabric', 'Find a suitable button']","Pull the needle through a hole in the button, then back into the fabric",0,0, A
3,57.692307692307686,"['Get sewing kit', 'Position needle with thread', 'Pull the needle through a hole in the button, then back into the fabric']","['Place needle through clothing.', 'Tie the thread round in between the garment and button']",Place needle through clothing.,0,0, A
4,61.53846153846154,"['Get sewing kit', 'Position needle with thread', 'Pull the needle through a hole in the button, then back into the fabric', 'Place needle through clothing.']","['Pass the needle through one of the button holes', 'Obtain needle and thread']",Pass the needle through one of the button holes,0,0, A
5,80.76923076923077,"['Get sewing kit', 'Position needle with thread', 'Pull the needle through a hole in the button, then back into the fabric', 'Place needle through clothing.', 'Pass the needle through one of the button holes']","['Tie a knot.', 'Place button on item']",Tie a knot.,0,0, A
0,0.0,[],"['get sewing kit', 'Repeat to make loop and knot it.']",get sewing kit,0,0, A
1,7.6923076923076925,['get sewing kit'],"['Tie another knot at the end of the thread.', 'Get a needle and thread']",Get a needle and thread,1,0, A
2,30.76923076923077,"['get sewing kit', 'Get a needle and thread']","['Hold button to material.', 'Check the button']",Hold button to material.,0,0, A
3,42.30769230769231,"['get sewing kit', 'Get a needle and thread', 'Hold button to material.']","['Find some thread and needle', 'Cut excess thread']",Cut excess thread,1,0, A
4,61.53846153846154,"['get sewing kit', 'Get a needle and thread', 'Hold button to material.', 'Cut excess thread']","['take needle bring up through the back of the item', 'MAKE SURE BUTTON IS SECURE']",take needle bring up through the back of the item,0,0, A
5,80.76923076923077,"['get sewing kit', 'Get a needle and thread', 'Hold button to material.', 'Cut excess thread', 'take needle bring up through the back of the item']","['place the button', 'Tie the thread']",Tie the thread,1,0, A
0,0.0,[],"['sew onto fabric securely', 'Get a thimble']",Get a thimble,1,0, A
1,26.923076923076923,['Get a thimble'],"['put needle and thread away', 'grab object the button is being sewed']",grab object the button is being sewed,1,0, A
2,34.61538461538461,"['Get a thimble', 'grab object the button is being sewed']","['Get a thimble', 'pull the thread through the eye of needle']",pull the thread through the eye of needle,1,0, A
3,61.53846153846154,"['Get a thimble', 'grab object the button is being sewed', 'pull the thread through the eye of needle']","['Get out needle, thread, button, and clothing item.', 'Pass the needle through one of the button holes']",Pass the needle through one of the button holes,1,0, A
4,76.92307692307693,"['Get a thimble', 'grab object the button is being sewed', 'pull the thread through the eye of needle', 'Pass the needle through one of the button holes']","['Get extra button', 'Repeat procedure until button is secure']",Repeat procedure until button is secure,1,0, A
5,84.61538461538461,"['Get a thimble', 'grab object the button is being sewed', 'pull the thread through the eye of needle', 'Pass the needle through one of the button holes', 'Repeat procedure until button is secure']","['Cut off remaining thread', 'Place the thread inside the needle']",Cut off remaining thread,0,0, A
0,0.0,[],"[""Repeat until it's stable"", 'Get out sewing kit.']",Get out sewing kit.,1,0, A
1,23.07692307692308,['Get out sewing kit.'],"['Get button', 'MAKE SURE BUTTON IS SECURE']",Get button,0,0, A
2,61.53846153846154,"['Get out sewing kit.', 'Get button']","['push the needle through the button', 'Take needle from sewing kit']",push the needle through the button,0,0, A
3,76.92307692307693,"['Get out sewing kit.', 'Get button', 'push the needle through the button']","['Find needle', 'Continue sewing.']",Continue sewing.,1,0, A
0,0.0,[],"['Place the button in the right spot', 'Drive to fabric store']",Drive to fabric store,1,0, A
1,19.230769230769237,['Drive to fabric store'],"['push needle to back of the item', 'Get some thread.']",Get some thread.,1,0, A
2,34.61538461538461,"['Drive to fabric store', 'Get some thread.']","['tie the thread to the sewing needle', 'cut the thread when finished']",tie the thread to the sewing needle,0,0, A
3,61.53846153846154,"['Drive to fabric store', 'Get some thread.', 'tie the thread to the sewing needle']","['Get thread and needle', 'Push needle through first hole']",Push needle through first hole,1,0, A
4,65.38461538461539,"['Drive to fabric store', 'Get some thread.', 'tie the thread to the sewing needle', 'Push needle through first hole']","['Get the button', 'Then push needle through material']",Then push needle through material,1,0, A
5,76.92307692307693,"['Drive to fabric store', 'Get some thread.', 'tie the thread to the sewing needle', 'Push needle through first hole', 'Then push needle through material']","['Find thread that matches', 'Repeat several times until button is attached solidly to the fabric.']",Repeat several times until button is attached solidly to the fabric.,1,0, A
0,0.0,[],"['Drive to fabric store', 'Cut the thread.']",Drive to fabric store,0,0, A
1,19.230769230769237,['Drive to fabric store'],"['Tie the end with a knot.', 'Get thread']",Get thread,1,0, A
2,23.07692307692308,"['Drive to fabric store', 'Get thread']","['sew button into fabric making sure stitches are secure', 'Find similar button']",Find similar button,1,0, A
3,30.76923076923077,"['Drive to fabric store', 'Get thread', 'Find similar button']","['place button on cloth where it needs to go', 'Find sewing kit']",place button on cloth where it needs to go,0,0, A
4,34.61538461538461,"['Drive to fabric store', 'Get thread', 'Find similar button', 'place button on cloth where it needs to go']","['Repeat until sewed on.', 'Put thread in needle']",Put thread in needle,1,0, A
5,61.53846153846154,"['Drive to fabric store', 'Get thread', 'Find similar button', 'place button on cloth where it needs to go', 'Put thread in needle']","['Get garment which you would like to sew button on to.', 'Sew button onto fabric through the first hole']",Sew button onto fabric through the first hole,1,0, A
6,80.76923076923077,"['Drive to fabric store', 'Get thread', 'Find similar button', 'place button on cloth where it needs to go', 'Put thread in needle', 'Sew button onto fabric through the first hole']","['Obtain needle and thread', 'When button is securely in place tie knot in thread at back of garment']",When button is securely in place tie knot in thread at back of garment,1,0, A
7,88.46153846153845,"['Drive to fabric store', 'Get thread', 'Find similar button', 'place button on cloth where it needs to go', 'Put thread in needle', 'Sew button onto fabric through the first hole', 'When button is securely in place tie knot in thread at back of garment']","['Tie knot in end of thread', 'Clean up.']",Clean up.,1,0, A
8,92.3076923076923,"['Drive to fabric store', 'Get thread', 'Find similar button', 'place button on cloth where it needs to go', 'Put thread in needle', 'Sew button onto fabric through the first hole', 'When button is securely in place tie knot in thread at back of garment', 'Clean up.']","['Check the button', 'Take a matching button']",Check the button,0,0, A
0,0.0,[],"['Drive to fabric store', 'sew button into fabric making sure stitches are secure']",Drive to fabric store,0,0, A
1,19.230769230769237,['Drive to fabric store'],"['Push needle through button hole', 'Get out thread']",Get out thread,1,0, A
2,26.923076923076923,"['Drive to fabric store', 'Get out thread']","['Tie off the thread', 'Find a piece of clothing.']",Find a piece of clothing.,1,0, A
3,46.15384615384615,"['Drive to fabric store', 'Get out thread', 'Find a piece of clothing.']","['find the needle', 'Sew button.']",Sew button.,1,0, A
4,50.0,"['Drive to fabric store', 'Get out thread', 'Find a piece of clothing.', 'Sew button.']","['Choose thread to sew button on with.', 'Poke a hole in the fabric']",Poke a hole in the fabric,1,0, A
5,65.38461538461539,"['Drive to fabric store', 'Get out thread', 'Find a piece of clothing.', 'Sew button.', 'Poke a hole in the fabric']","['Thread the needle', 'Slide button onto needle and thread.']",Slide button onto needle and thread.,1,0, A
6,69.23076923076923,"['Drive to fabric store', 'Get out thread', 'Find a piece of clothing.', 'Sew button.', 'Poke a hole in the fabric', 'Slide button onto needle and thread.']","['use the string to make it stay in place', 'Sew button through third hole']",Sew button through third hole,1,0, A
0,0.0,[],"['Get out sewing kit.', 'Thread button onto clothing']",Get out sewing kit.,0,0, A
1,19.230769230769237,['Get out sewing kit.'],"['Find a thread', 'Start sewing']",Find a thread,0,0, A
2,30.76923076923077,"['Get out sewing kit.', 'Find a thread']","['Hold button to material.', 'knot thread']",Hold button to material.,0,0, A
3,61.53846153846154,"['Get out sewing kit.', 'Find a thread', 'Hold button to material.']","['cut the thread', 'Pull the needle until thread is completely on the other side of shirt']",Pull the needle until thread is completely on the other side of shirt,1,0, A
4,80.76923076923077,"['Get out sewing kit.', 'Find a thread', 'Hold button to material.', 'Pull the needle until thread is completely on the other side of shirt']","[""TIE A KNOT IN THE END OF THE THREAD SO THE BUTTON DOESN'T COME OFF"", 'Cut about 16 inches worth of thread.']",TIE A KNOT IN THE END OF THE THREAD SO THE BUTTON DOESN'T COME OFF,0,0, A
0,0.0,[],"['Make a knot on last pass', 'Get your sewing kit']",Get your sewing kit,1,0, A
1,19.230769230769237,['Get your sewing kit'],"['Get thread.', 'Stick the needle through']",Get thread.,0,0, A
2,30.76923076923077,"['Get your sewing kit', 'Get thread.']","['Hold button to material.', 'Place needle through clothing.']",Hold button to material.,0,0, A
3,53.84615384615385,"['Get your sewing kit', 'Get thread.', 'Hold button to material.']","['Find similar color thread to use.', 'repeat the same way']",repeat the same way,1,0, A
4,76.92307692307693,"['Get your sewing kit', 'Get thread.', 'Hold button to material.', 'repeat the same way']","['Repeat this until the button is secure', 'Get thread and needle']",Repeat this until the button is secure,0,0, A
5,80.76923076923077,"['Get your sewing kit', 'Get thread.', 'Hold button to material.', 'repeat the same way', 'Repeat this until the button is secure']","['tie knot on thread', 'Get proper button']",tie knot on thread,0,0, A
6,88.46153846153845,"['Get your sewing kit', 'Get thread.', 'Hold button to material.', 'repeat the same way', 'Repeat this until the button is secure', 'tie knot on thread']","['put items away when done', 'Cut away any loose threads.']",put items away when done,0,0, A
0,0.0,[],"['Push needle through button and fabric.', 'Drive to fabric store']",Drive to fabric store,1,0, A
1,19.230769230769237,['Drive to fabric store'],"['Select thread', 'Sew button into place']",Select thread,0,0, A
2,30.76923076923077,"['Drive to fabric store', 'Select thread']","['Put everything away.', 'put button where other button was located']",put button where other button was located,1,0, A
3,42.30769230769231,"['Drive to fabric store', 'Select thread', 'put button where other button was located']","['MAKE SURE BUTTON IS SECURE', 'Cut excess thread']",Cut excess thread,1,0, A
4,46.15384615384615,"['Drive to fabric store', 'Select thread', 'put button where other button was located', 'Cut excess thread']","['Get needle', 'Sew on the button.']",Sew on the button.,1,0, A
5,50.0,"['Drive to fabric store', 'Select thread', 'put button where other button was located', 'Cut excess thread', 'Sew on the button.']","['pull through on the other side', 'Cut thread.']",pull through on the other side,0,0, A
6,61.53846153846154,"['Drive to fabric store', 'Select thread', 'put button where other button was located', 'Cut excess thread', 'Sew on the button.', 'pull through on the other side']","['push the needle through the button', 'Cut off remaining thread']",push the needle through the button,0,0, A
7,65.38461538461539,"['Drive to fabric store', 'Select thread', 'put button where other button was located', 'Cut excess thread', 'Sew on the button.', 'pull through on the other side', 'push the needle through the button']","['Tie a knot in the end of thread', 'Bring the needle up through another hole on button.']",Bring the needle up through another hole on button.,1,0, A
8,76.92307692307693,"['Drive to fabric store', 'Select thread', 'put button where other button was located', 'Cut excess thread', 'Sew on the button.', 'pull through on the other side', 'push the needle through the button', 'Bring the needle up through another hole on button.']","['Continue until button is secure', 'Find thread']",Continue until button is secure,0,0, A
0,0.0,[],"['Cut loose ends', 'Get out needle, thread, button, and clothing item.']","Get out needle, thread, button, and clothing item.",1,0, A
1,26.923076923076923,"['Get out needle, thread, button, and clothing item.']","['Pull through', 'Get clothes']",Get clothes,1,0, A
2,46.15384615384615,"['Get out needle, thread, button, and clothing item.', 'Get clothes']","['Get sewing basket', 'Move needle in and out of button holes to secure to shirt.']",Move needle in and out of button holes to secure to shirt.,1,0, A
0,0.0,[],"['Push the needle through one button hole and back out another hole', 'Get out sewing kit']",Get out sewing kit,1,0, A
1,23.07692307692308,['Get out sewing kit'],"['When done knot end.', 'Find a button']",Find a button,1,0, A
2,38.46153846153847,"['Get out sewing kit', 'Find a button']","['get needle', 'Tie knot in other end of thread']",Tie knot in other end of thread,1,0, A
3,46.15384615384615,"['Get out sewing kit', 'Find a button', 'Tie knot in other end of thread']","['Push the needle through one button hole and back out another hole', 'Get a needle and thread.']",Push the needle through one button hole and back out another hole,0,0, A
4,80.76923076923077,"['Get out sewing kit', 'Find a button', 'Tie knot in other end of thread', 'Push the needle through one button hole and back out another hole']","['when done tie the end properly', 'FIND THE REPLACEMENT BUTTON']",when done tie the end properly,0,0, A
0,0.0,[],"['cut thread', 'Drive to fabric store']",Drive to fabric store,1,0, A
1,19.230769230769237,['Drive to fabric store'],"['Sew through the holes of the button', 'gathering thread']",gathering thread,1,0, A
2,26.923076923076923,"['Drive to fabric store', 'gathering thread']","['Continue until button is secure', 'Grab the garment that you would like to sew the button to.']",Grab the garment that you would like to sew the button to.,1,0, A
3,50.0,"['Drive to fabric store', 'gathering thread', 'Grab the garment that you would like to sew the button to.']","['Push needle through the button holes', 'Grab the fabric and button']",Push needle through the button holes,0,0, A
4,76.92307692307693,"['Drive to fabric store', 'gathering thread', 'Grab the garment that you would like to sew the button to.', 'Push needle through the button holes']","['Find button replacement', 'repeat steps 4-5 until button is secured to shirt']",repeat steps 4-5 until button is secured to shirt,1,0, A
0,0.0,[],"['tug to make sure it is secure', 'Drive to fabric store']",Drive to fabric store,1,0, A
1,19.230769230769237,['Drive to fabric store'],"['Push needle through first hole', 'Pick thread to use']",Pick thread to use,1,0, A
2,34.61538461538461,"['Drive to fabric store', 'Pick thread to use']","['Tie knot on thread.', 'Thread the needle']",Thread the needle,1,0, A
3,42.30769230769231,"['Drive to fabric store', 'Pick thread to use', 'Thread the needle']","['Cut excess thread', 'Put the needle thorough the back of the button hole.']",Cut excess thread,0,0, A
4,61.53846153846154,"['Drive to fabric store', 'Pick thread to use', 'Thread the needle', 'Cut excess thread']","['Pull the needle until thread is completely on the other side of shirt', 'cut remaining thread away']",Pull the needle until thread is completely on the other side of shirt,0,0, A
5,76.92307692307693,"['Drive to fabric store', 'Pick thread to use', 'Thread the needle', 'Cut excess thread', 'Pull the needle until thread is completely on the other side of shirt']","['repeat 6 more times', 'Get some thread']",repeat 6 more times,0,0, A
6,80.76923076923077,"['Drive to fabric store', 'Pick thread to use', 'Thread the needle', 'Cut excess thread', 'Pull the needle until thread is completely on the other side of shirt', 'repeat 6 more times']","['Get item that needs button sewing on', 'Make a knot']",Make a knot,1,0, A
7,88.46153846153845,"['Drive to fabric store', 'Pick thread to use', 'Thread the needle', 'Cut excess thread', 'Pull the needle until thread is completely on the other side of shirt', 'repeat 6 more times', 'Make a knot']","['Put away needle and thread', 'Grab thread and needle']",Put away needle and thread,0,0, A
8,92.3076923076923,"['Drive to fabric store', 'Pick thread to use', 'Thread the needle', 'Cut excess thread', 'Pull the needle until thread is completely on the other side of shirt', 'repeat 6 more times', 'Make a knot', 'Put away needle and thread']","['Check the button', 'Sew the button onto the garment by passing the needle through all 4 button holes.']",Check the button,0,0, A
0,0.0,[],"['place button where you want it', 'Drive to fabric store']",Drive to fabric store,1,0, A
1,19.230769230769237,['Drive to fabric store'],"['Cut a length of thread more than double what you will need', 'Continue to loop the needle and thread through the button holes.']",Cut a length of thread more than double what you will need,0,0, A
2,26.923076923076923,"['Drive to fabric store', 'Cut a length of thread more than double what you will need']","['Get garment which you would like to sew button on to.', 'Tie another knot at the end of the thread.']",Get garment which you would like to sew button on to.,0,0, A
3,34.61538461538461,"['Drive to fabric store', 'Cut a length of thread more than double what you will need', 'Get garment which you would like to sew button on to.']","['Make knot between thread and clothing.', 'Thread a needle.']",Thread a needle.,1,0, A
4,88.46153846153845,"['Drive to fabric store', 'Cut a length of thread more than double what you will need', 'Get garment which you would like to sew button on to.', 'Thread a needle.']","['Grab the fabric and button', 'put back all the materials']",put back all the materials,1,0, A
5,92.3076923076923,"['Drive to fabric store', 'Cut a length of thread more than double what you will need', 'Get garment which you would like to sew button on to.', 'Thread a needle.', 'put back all the materials']","['Check the button', 'Thread sewing needle with chosen thread.']",Check the button,0,0, A
0,0.0,[],"['Thread a needle with thread that matches shirt that needs a new button.', 'Drive to fabric store']",Drive to fabric store,1,0, A
1,19.230769230769237,['Drive to fabric store'],"['Tie off thread', 'Select thread']",Select thread,1,0, A
2,34.61538461538461,"['Drive to fabric store', 'Select thread']","['Tie off thread', 'Position needle with thread']",Position needle with thread,1,0, A
3,61.53846153846154,"['Drive to fabric store', 'Select thread', 'Position needle with thread']","['Push needle through first hole', 'cut the thread']",Push needle through first hole,0,0, A
4,76.92307692307693,"['Drive to fabric store', 'Select thread', 'Position needle with thread', 'Push needle through first hole']","[""Repeat until it's stable"", ""Pull a thread of a matching color through the needle's eye""]",Repeat until it's stable,0,0, A
5,80.76923076923077,"['Drive to fabric store', 'Select thread', 'Position needle with thread', 'Push needle through first hole', ""Repeat until it's stable""]","['Knot thread', 'Thread the needle.']",Knot thread,0,0, A
6,84.61538461538461,"['Drive to fabric store', 'Select thread', 'Position needle with thread', 'Push needle through first hole', ""Repeat until it's stable"", 'Knot thread']","['cut thread', 'Get needle and thread']",cut thread,0,0, A
0,0.0,[],"['Drive to fabric store', 'Tie ends.']",Drive to fabric store,0,0, A
1,19.230769230769237,['Drive to fabric store'],"['Put the thread through the button and start threading', 'Purchase thread']",Purchase thread,1,0, A
2,26.923076923076923,"['Drive to fabric store', 'Purchase thread']","['Pull it back out the other hole', 'take the cloth to be sewed']",take the cloth to be sewed,1,0, A
3,34.61538461538461,"['Drive to fabric store', 'Purchase thread', 'take the cloth to be sewed']","['thread needle', 'Cross over to perpendicular hole, push needle back through']",thread needle,0,0, A
4,46.15384615384615,"['Drive to fabric store', 'Purchase thread', 'take the cloth to be sewed', 'thread needle']","['Look through sewing kit for a button that matches clothing.', 'Pass needle through shirt and button holes']",Pass needle through shirt and button holes,1,0, A
5,61.53846153846154,"['Drive to fabric store', 'Purchase thread', 'take the cloth to be sewed', 'thread needle', 'Pass needle through shirt and button holes']","['cut the thread when finished', 'Start sewing going into the back of the garment.']",Start sewing going into the back of the garment.,1,0, A
6,80.76923076923077,"['Drive to fabric store', 'Purchase thread', 'take the cloth to be sewed', 'thread needle', 'Pass needle through shirt and button holes', 'Start sewing going into the back of the garment.']","['Tie knot.', 'Find a button']",Tie knot.,0,0, A
0,0.0,[],"['Get out sewing kit', 'Poke hole with needle through button hole and fabric']",Get out sewing kit,0,0, A
1,7.6923076923076925,['Get out sewing kit'],"['Secure the button with a knot', 'Find a needle and thread']",Find a needle and thread,1,0, A
2,23.07692307692308,"['Get out sewing kit', 'Find a needle and thread']","['take the button', 'Insert the needle back into the garment from the top of the button']",take the button,0,0, A
3,30.76923076923077,"['Get out sewing kit', 'Find a needle and thread', 'take the button']","['When done knot end.', 'putting the button on the fabric']",putting the button on the fabric,1,0, A
4,34.61538461538461,"['Get out sewing kit', 'Find a needle and thread', 'take the button', 'putting the button on the fabric']","['thread the needle', 'Tie knot.']",thread the needle,0,0, A
5,38.46153846153847,"['Get out sewing kit', 'Find a needle and thread', 'take the button', 'putting the button on the fabric', 'thread the needle']","['Get out needle', 'Knot the ends of the thread together.']",Knot the ends of the thread together.,1,0, A
6,50.0,"['Get out sewing kit', 'Find a needle and thread', 'take the button', 'putting the button on the fabric', 'thread the needle', 'Knot the ends of the thread together.']","['Cut excess thread', 'Insert the needle from the bottom where the button is to be sewn']",Insert the needle from the bottom where the button is to be sewn,1,0, A
7,65.38461538461539,"['Get out sewing kit', 'Find a needle and thread', 'take the button', 'putting the button on the fabric', 'thread the needle', 'Knot the ends of the thread together.', 'Insert the needle from the bottom where the button is to be sewn']","['putting the button on the fabric', 'Slide button onto needle and thread.']",Slide button onto needle and thread.,1,0, A
8,76.92307692307693,"['Get out sewing kit', 'Find a needle and thread', 'take the button', 'putting the button on the fabric', 'thread the needle', 'Knot the ends of the thread together.', 'Insert the needle from the bottom where the button is to be sewn', 'Slide button onto needle and thread.']","['Fix the thread in the needle', 'Keep threading until the button is firmly attached']",Keep threading until the button is firmly attached,1,0, A
9,84.61538461538461,"['Get out sewing kit', 'Find a needle and thread', 'take the button', 'putting the button on the fabric', 'thread the needle', 'Knot the ends of the thread together.', 'Insert the needle from the bottom where the button is to be sewn', 'Slide button onto needle and thread.', 'Keep threading until the button is firmly attached']","['Tie knot to secure thread and button to clothes', 'Get item that needs a button']",Tie knot to secure thread and button to clothes,0,0, A
10,88.46153846153845,"['Get out sewing kit', 'Find a needle and thread', 'take the button', 'putting the button on the fabric', 'thread the needle', 'Knot the ends of the thread together.', 'Insert the needle from the bottom where the button is to be sewn', 'Slide button onto needle and thread.', 'Keep threading until the button is firmly attached', 'Tie knot to secure thread and button to clothes']","['Collect thread and needle.', 'put back all the materials']",put back all the materials,1,0, A
11,92.3076923076923,"['Get out sewing kit', 'Find a needle and thread', 'take the button', 'putting the button on the fabric', 'thread the needle', 'Knot the ends of the thread together.', 'Insert the needle from the bottom where the button is to be sewn', 'Slide button onto needle and thread.', 'Keep threading until the button is firmly attached', 'Tie knot to secure thread and button to clothes', 'put back all the materials']","['Check the button', 'Gather supplies']",Check the button,0,0, A
0,0.0,[],"['Get sewing kit', 'Knot the end to make it stay']",Get sewing kit,0,0, A
1,19.230769230769237,['Get sewing kit'],"['Take out right colored thread.', 'repeat 6 more times']",Take out right colored thread.,0,0, A
2,26.923076923076923,"['Get sewing kit', 'Take out right colored thread.']","['Get out sewing kit', 'Get the item of clothing the button is to go on']",Get the item of clothing the button is to go on,1,0, A
3,50.0,"['Get sewing kit', 'Take out right colored thread.', 'Get the item of clothing the button is to go on']","['get thread', 'Push needle through the button holes']",Push needle through the button holes,1,0, A
4,61.53846153846154,"['Get sewing kit', 'Take out right colored thread.', 'Get the item of clothing the button is to go on', 'Push needle through the button holes']","['Find thread that matches button color.', 'take needle bring up through the back of the item']",take needle bring up through the back of the item,1,0, A
5,80.76923076923077,"['Get sewing kit', 'Take out right colored thread.', 'Get the item of clothing the button is to go on', 'Push needle through the button holes', 'take needle bring up through the back of the item']","['Get button', 'Tie off thread']",Tie off thread,1,0, A
0,0.0,[],"['Get out sewing kit.', 'Position button on shirt']",Get out sewing kit.,0,0, A
1,34.61538461538461,['Get out sewing kit.'],"['Thread needle', ""Make sure it's secure""]",Thread needle,0,0, A
2,50.0,"['Get out sewing kit.', 'Thread needle']","['Get needle', 'Starting on inside of garment, push through with needle.']","Starting on inside of garment, push through with needle.",1,0, A
3,80.76923076923077,"['Get out sewing kit.', 'Thread needle', 'Starting on inside of garment, push through with needle.']","['grab a needle', 'Tie the thread round in between the garment and button']",Tie the thread round in between the garment and button,1,0, A
0,0.0,[],"['Get scissors, needle, button and thread', 'cut the thread']","Get scissors, needle, button and thread",0,0, A
1,15.384615384615383,"['Get scissors, needle, button and thread']","['Choose thread color', 'cut thread so that need will detach']",Choose thread color,0,0, A
2,19.230769230769237,"['Get scissors, needle, button and thread', 'Choose thread color']","['Get thread', 'Slide button onto needle and thread.']",Get thread,0,0, A
3,26.923076923076923,"['Get scissors, needle, button and thread', 'Choose thread color', 'Get thread']","['Repeat step 8 until button is sewn on', 'Get the garment']",Get the garment,1,0, A
4,34.61538461538461,"['Get scissors, needle, button and thread', 'Choose thread color', 'Get thread', 'Get the garment']","['Repeat for remaining holes', 'Thread needle']",Thread needle,1,0, A
5,46.15384615384615,"['Get scissors, needle, button and thread', 'Choose thread color', 'Get thread', 'Get the garment', 'Thread needle']","['Pass needle through shirt and button holes', 'Find button replacement']",Pass needle through shirt and button holes,0,0, A
6,84.61538461538461,"['Get scissors, needle, button and thread', 'Choose thread color', 'Get thread', 'Get the garment', 'Thread needle', 'Pass needle through shirt and button holes']","['break the thread', 'Find matching button, or old button.']",break the thread,0,0, A
0,0.0,[],"['Using threaded needle, sew button on to garment.', 'Get scissors, needle, button and thread']","Get scissors, needle, button and thread",1,0, A
1,7.6923076923076925,"['Get scissors, needle, button and thread']","['Tie off your thread.', 'Get a needle and thread']",Get a needle and thread,1,0, A
2,26.923076923076923,"['Get scissors, needle, button and thread', 'Get a needle and thread']","['Get clothing', 'knot thread']",Get clothing,0,0, A
3,50.0,"['Get scissors, needle, button and thread', 'Get a needle and thread', 'Get clothing']","['Stick the needle through', 'Get thread']",Stick the needle through,0,0, A
4,65.38461538461539,"['Get scissors, needle, button and thread', 'Get a needle and thread', 'Get clothing', 'Stick the needle through']","['Thread a needle.', 'Sew button through second hole']",Sew button through second hole,1,0, A
5,76.92307692307693,"['Get scissors, needle, button and thread', 'Get a needle and thread', 'Get clothing', 'Stick the needle through', 'Sew button through second hole']","['Get a thimble', 'Keep repeating the sewing to reinforce the strength']",Keep repeating the sewing to reinforce the strength,1,0, A
0,0.0,[],"['Drive to fabric store', 'Cut length of thread']",Drive to fabric store,0,0, A
1,19.230769230769237,['Drive to fabric store'],"['get some thread', 'Put needle through button and shirt']",get some thread,0,0, A
2,23.07692307692308,"['Drive to fabric store', 'get some thread']","['Secure the button with a knot', 'Find a button']",Find a button,1,0, A
3,38.46153846153847,"['Drive to fabric store', 'get some thread', 'Find a button']","[""Make sure it's secure"", 'Tie knot in end of thread']",Tie knot in end of thread,1,0, A
4,50.0,"['Drive to fabric store', 'get some thread', 'Find a button', 'Tie knot in end of thread']","['Put the thread through the button and start threading', 'grab a needle and string']",Put the thread through the button and start threading,0,0, A
5,76.92307692307693,"['Drive to fabric store', 'get some thread', 'Find a button', 'Tie knot in end of thread', 'Put the thread through the button and start threading']","['Tie knot in thread.', 'Repeat steps 4 through 6 about 30 times']",Repeat steps 4 through 6 about 30 times,1,0, A
6,84.61538461538461,"['Drive to fabric store', 'get some thread', 'Find a button', 'Tie knot in end of thread', 'Put the thread through the button and start threading', 'Repeat steps 4 through 6 about 30 times']","['Cut off end from needle', 'Place new button where I want it to go']",Cut off end from needle,0,0, A
0,0.0,[],"['Get out sewing kit', 'Tie the end of the string so it will not unravel']",Get out sewing kit,0,0, A
1,34.61538461538461,['Get out sewing kit'],"['thread the needle', 'Do this through all holes of button']",thread the needle,0,0, A
2,53.84615384615385,"['Get out sewing kit', 'thread the needle']","['Place needle through button eyelets.', 'Find thread color to match button or item requiring the button']",Place needle through button eyelets.,0,0, A
3,76.92307692307693,"['Get out sewing kit', 'thread the needle', 'Place needle through button eyelets.']","['Repeat several times, going through a different hole each time.', 'GET SOME NEEDLE AND THREAD']","Repeat several times, going through a different hole each time.",0,0, A
4,84.61538461538461,"['Get out sewing kit', 'thread the needle', 'Place needle through button eyelets.', 'Repeat several times, going through a different hole each time.']","['Find a thread', 'Cut thread.']",Cut thread.,1,0, A
5,88.46153846153845,"['Get out sewing kit', 'thread the needle', 'Place needle through button eyelets.', 'Repeat several times, going through a different hole each time.', 'Cut thread.']","['Tie knot in end of thread', 'Clean up.']",Clean up.,1,0, A
0,0.0,[],"['get sewing kit', 'Use the needle to go through the button holes and the fabric']",get sewing kit,0,0, A
1,11.538461538461538,['get sewing kit'],"['insert needle through cloth', 'Thread needle']",Thread needle,1,0, A
2,23.07692307692308,"['get sewing kit', 'Thread needle']","['Pass the needle through the second button hole', 'Get button']",Get button,1,0, A
3,26.923076923076923,"['get sewing kit', 'Thread needle', 'Get button']","['Get a shirt.', 'Repeat for remaining holes']",Get a shirt.,0,0, A
4,50.0,"['get sewing kit', 'Thread needle', 'Get button', 'Get a shirt.']","['Check new button', 'Stick the needle through']",Stick the needle through,1,0, A
5,65.38461538461539,"['get sewing kit', 'Thread needle', 'Get button', 'Get a shirt.', 'Stick the needle through']","['Get garment which you would like to sew button on to.', 'Slide button onto needle and thread.']",Slide button onto needle and thread.,1,0, A
6,76.92307692307693,"['get sewing kit', 'Thread needle', 'Get button', 'Get a shirt.', 'Stick the needle through', 'Slide button onto needle and thread.']","['Take thread from sewing kit', 'Repeat for all holes to reinforce']",Repeat for all holes to reinforce,1,0, A
0,0.0,[],"['Move needle in and out of button holes to secure to shirt.', 'Get a thimble']",Get a thimble,1,0, A
1,30.76923076923077,['Get a thimble'],"['Poke needle through opposite hole', 'Line the button up in the place where the old one would have been']",Line the button up in the place where the old one would have been,1,0, A
2,61.53846153846154,"['Get a thimble', 'Line the button up in the place where the old one would have been']","['take needle bring up through the back of the item', 'Find needle and thread']",take needle bring up through the back of the item,0,0, A
3,76.92307692307693,"['Get a thimble', 'Line the button up in the place where the old one would have been', 'take needle bring up through the back of the item']","['Collect thread and needle.', 'repeat until button is secure']",repeat until button is secure,1,0, A
0,0.0,[],"['Do this through all holes of button', 'Drive to fabric store']",Drive to fabric store,1,0, A
1,19.230769230769237,['Drive to fabric store'],"['Push needle through hole', 'Take thread from sewing kit']",Take thread from sewing kit,1,0, A
2,26.923076923076923,"['Drive to fabric store', 'Take thread from sewing kit']","['Take the cloth to be sewed', 'Cut thread']",Take the cloth to be sewed,0,0, A
3,30.76923076923077,"['Drive to fabric store', 'Take thread from sewing kit', 'Take the cloth to be sewed']","['place the button', 'Pull through other side.']",place the button,0,0, A
4,50.0,"['Drive to fabric store', 'Take thread from sewing kit', 'Take the cloth to be sewed', 'place the button']","['Push the needle through the fabric', 'Pick thread to use']",Push the needle through the fabric,0,0, A
5,76.92307692307693,"['Drive to fabric store', 'Take thread from sewing kit', 'Take the cloth to be sewed', 'place the button', 'Push the needle through the fabric']","['thread needle', 'Keep threading until the button is firmly attached']",Keep threading until the button is firmly attached,1,0, A
6,80.76923076923077,"['Drive to fabric store', 'Take thread from sewing kit', 'Take the cloth to be sewed', 'place the button', 'Push the needle through the fabric', 'Keep threading until the button is firmly attached']","[""Make sure it's secure"", 'Get needle and thread']",Make sure it's secure,0,0, A
7,84.61538461538461,"['Drive to fabric store', 'Take thread from sewing kit', 'Take the cloth to be sewed', 'place the button', 'Push the needle through the fabric', 'Keep threading until the button is firmly attached', ""Make sure it's secure""]","['Insert the needle back into the garment from the top of the button', 'cut the thread when finished']",cut the thread when finished,1,0, A
8,88.46153846153845,"['Drive to fabric store', 'Take thread from sewing kit', 'Take the cloth to be sewed', 'place the button', 'Push the needle through the fabric', 'Keep threading until the button is firmly attached', ""Make sure it's secure"", 'cut the thread when finished']","['Clean up.', 'Thread the opposite diagonal hole with the needle and tighten the string']",Clean up.,0,0, A
0,0.0,[],"['Get out sewing kit.', 'Sow the thread through the button holes quite a few times']",Get out sewing kit.,0,0, A
1,23.07692307692308,['Get out sewing kit.'],"['use the string to make it stay in place', 'Find a button']",Find a button,1,0, A
2,34.61538461538461,"['Get out sewing kit.', 'Find a button']","['Continue until the button is on tight', 'Thread needle']",Thread needle,1,0, A
3,61.53846153846154,"['Get out sewing kit.', 'Find a button', 'Thread needle']","['Cut off any loose threads with a scissors.', 'Pull thread through']",Pull thread through,1,0, A
4,80.76923076923077,"['Get out sewing kit.', 'Find a button', 'Thread needle', 'Pull thread through']","['Knot thread', 'Find thread that matches']",Knot thread,0,0, A
5,88.46153846153845,"['Get out sewing kit.', 'Find a button', 'Thread needle', 'Pull thread through', 'Knot thread']","['put sewing kit away', 'Take a needle and required thread']",put sewing kit away,0,0, A
6,92.3076923076923,"['Get out sewing kit.', 'Find a button', 'Thread needle', 'Pull thread through', 'Knot thread', 'put sewing kit away']","['Push thread through needle and tie in a knot', 'Check if the button is tight']",Check if the button is tight,1,0, A
0,0.0,[],"['Get a thimble', 'Stick needle through hole and secure with thread']",Get a thimble,0,0, A
1,26.923076923076923,['Get a thimble'],"['Hold shirt with non-dominant hand', 'Repeat']",Hold shirt with non-dominant hand,0,0, A
2,30.76923076923077,"['Get a thimble', 'Hold shirt with non-dominant hand']","[""Repeat until it's stable"", 'Place the button on the cloth']",Place the button on the cloth,1,0, A
3,53.84615384615385,"['Get a thimble', 'Hold shirt with non-dominant hand', 'Place the button on the cloth']","['Insert needle through other side of button on back side', 'Find a button']",Insert needle through other side of button on back side,0,0, A
4,80.76923076923077,"['Get a thimble', 'Hold shirt with non-dominant hand', 'Place the button on the cloth', 'Insert needle through other side of button on back side']","['When done knot end.', 'getting out needle']",When done knot end.,0,0, A
0,0.0,[],"['tie the thread to the sewing needle', 'Drive to fabric store']",Drive to fabric store,1,0, A
1,19.230769230769237,['Drive to fabric store'],"['Cut thread', 'Get the thread']",Get the thread,1,0, A
2,26.923076923076923,"['Drive to fabric store', 'Get the thread']","['Tie the end of the string so it will not unravel', 'Get shirt']",Get shirt,1,0, A
3,50.0,"['Drive to fabric store', 'Get the thread', 'Get shirt']","['cut the thread when finished', 'push needle through button and shirt']",push needle through button and shirt,1,0, A
4,80.76923076923077,"['Drive to fabric store', 'Get the thread', 'Get shirt', 'push needle through button and shirt']","['Tie off your thread.', 'Fix the thread in the needle']",Tie off your thread.,0,0, A
5,84.61538461538461,"['Drive to fabric store', 'Get the thread', 'Get shirt', 'push needle through button and shirt', 'Tie off your thread.']","['Cut loose ends.', 'Find needle and thread']",Cut loose ends.,0,0, A
6,88.46153846153845,"['Drive to fabric store', 'Get the thread', 'Get shirt', 'push needle through button and shirt', 'Tie off your thread.', 'Cut loose ends.']","['find needle and thread', 'Clean up.']",Clean up.,1,0, A
0,0.0,[],"['Drive to fabric store', 'knot thread']",Drive to fabric store,0,0, A
1,19.230769230769237,['Drive to fabric store'],"['Poke a hole in the fabric', 'Get thread']",Get thread,1,0, A
2,26.923076923076923,"['Drive to fabric store', 'Get thread']","['Wrap the thread', 'Get clothing']",Get clothing,1,0, A
3,30.76923076923077,"['Drive to fabric store', 'Get thread', 'Get clothing']","['Find the location where button needs to be sewn.', 'Knot thread']",Find the location where button needs to be sewn.,0,0, A
4,42.30769230769231,"['Drive to fabric store', 'Get thread', 'Get clothing', 'Find the location where button needs to be sewn.']","['measure and cut length of thread', 'Cross over to perpendicular hole, push needle back through']",measure and cut length of thread,0,0, A
5,46.15384615384615,"['Drive to fabric store', 'Get thread', 'Get clothing', 'Find the location where button needs to be sewn.', 'measure and cut length of thread']","['sew the button on the garment', 'Find thread that matches']",sew the button on the garment,0,0, A
6,50.0,"['Drive to fabric store', 'Get thread', 'Get clothing', 'Find the location where button needs to be sewn.', 'measure and cut length of thread', 'sew the button on the garment']","['Put thread through needle.', 'Cut excess thread']",Put thread through needle.,0,0, A
7,61.53846153846154,"['Drive to fabric store', 'Get thread', 'Get clothing', 'Find the location where button needs to be sewn.', 'measure and cut length of thread', 'sew the button on the garment', 'Put thread through needle.']","['Get shirt', 'Pull the needle until thread is completely on the other side of shirt']",Pull the needle until thread is completely on the other side of shirt,1,0, A
8,76.92307692307693,"['Drive to fabric store', 'Get thread', 'Get clothing', 'Find the location where button needs to be sewn.', 'measure and cut length of thread', 'sew the button on the garment', 'Put thread through needle.', 'Pull the needle until thread is completely on the other side of shirt']","['Repeat several times, going through a different hole each time.', 'Get needle.']","Repeat several times, going through a different hole each time.",0,0, A
9,80.76923076923077,"['Drive to fabric store', 'Get thread', 'Get clothing', 'Find the location where button needs to be sewn.', 'measure and cut length of thread', 'sew the button on the garment', 'Put thread through needle.', 'Pull the needle until thread is completely on the other side of shirt', 'Repeat several times, going through a different hole each time.']","['Break the thread and tie a final knot', 'Place button onto item of clothing']",Break the thread and tie a final knot,0,0, A
10,88.46153846153845,"['Drive to fabric store', 'Get thread', 'Get clothing', 'Find the location where button needs to be sewn.', 'measure and cut length of thread', 'sew the button on the garment', 'Put thread through needle.', 'Pull the needle until thread is completely on the other side of shirt', 'Repeat several times, going through a different hole each time.', 'Break the thread and tie a final knot']","['put sewing kit away', 'pull needle through to knot']",put sewing kit away,0,0, A
0,0.0,[],"['Tie knot at end of thread.', 'Drive to fabric store']",Drive to fabric store,1,0, A
1,19.230769230769237,['Drive to fabric store'],"['Repeat steps 4 through 6 about 30 times', 'Get thread']",Get thread,1,0, A
2,30.76923076923077,"['Drive to fabric store', 'Get thread']","['Determine proper placement for button', 'Do this through all holes of button']",Determine proper placement for button,0,0, A
3,46.15384615384615,"['Drive to fabric store', 'Get thread', 'Determine proper placement for button']","['Get needle.', 'Push needle through fabric and button hole']",Push needle through fabric and button hole,1,0, A
4,61.53846153846154,"['Drive to fabric store', 'Get thread', 'Determine proper placement for button', 'Push needle through fabric and button hole']","['Get thread', 'take needle bring up through the back of the item']",take needle bring up through the back of the item,1,0, A
5,65.38461538461539,"['Drive to fabric store', 'Get thread', 'Determine proper placement for button', 'Push needle through fabric and button hole', 'take needle bring up through the back of the item']","['Slide button onto needle and thread.', 'Place button on fabric']",Slide button onto needle and thread.,0,0, A
6,69.23076923076923,"['Drive to fabric store', 'Get thread', 'Determine proper placement for button', 'Push needle through fabric and button hole', 'take needle bring up through the back of the item', 'Slide button onto needle and thread.']","['Start to sew on button', 'Put needle in other button hole.']",Put needle in other button hole.,1,0, A
0,0.0,[],"['Pull the needle through a hole in the button, then back into the fabric', 'Drive to fabric store']",Drive to fabric store,1,0, A
1,19.230769230769237,['Drive to fabric store'],"['Pull til it stops at the knot, push through fabric and another button hole', 'Take out right colored thread.']",Take out right colored thread.,1,0, A
2,34.61538461538461,"['Drive to fabric store', 'Take out right colored thread.']","['Tie knot.', 'Put thread through a needle.']",Put thread through a needle.,1,0, A
3,88.46153846153845,"['Drive to fabric store', 'Take out right colored thread.', 'Put thread through a needle.']","['Get needle and thread', 'PUT NEEDLE AND THREAD AWAY']",PUT NEEDLE AND THREAD AWAY,1,0, A
0,0.0,[],"['Find sewing kit.', 'put items away when done']",Find sewing kit.,0,0, A
1,34.61538461538461,['Find sewing kit.'],"['slide thread through hole', 'tie a knot in the thread']",slide thread through hole,0,0, A
2,88.46153846153845,"['Find sewing kit.', 'slide thread through hole']","['Get a replacement button.', 'Put away thread and needle']",Put away thread and needle,1,0, A
3,92.3076923076923,"['Find sewing kit.', 'slide thread through hole', 'Put away thread and needle']","['Look through sewing kit for a button that matches clothing.', 'Check if the button is tight']",Check if the button is tight,1,0, A
0,0.0,[],"['Cut excess thread', 'Gather supplies']",Gather supplies,1,0, A
1,30.76923076923077,['Gather supplies'],"['Place button where it belongs on garment', 'Tie off finishing knot']",Place button where it belongs on garment,0,0, A
2,34.61538461538461,"['Gather supplies', 'Place button where it belongs on garment']","['Thread the needle and tie a knot at end of thread.', 'Check if the button is tight']",Thread the needle and tie a knot at end of thread.,0,0, A
3,50.0,"['Gather supplies', 'Place button where it belongs on garment', 'Thread the needle and tie a knot at end of thread.']","['PUT NEEDLE AND THREAD AWAY', 'Insert the needle from the bottom where the button is to be sewn']",Insert the needle from the bottom where the button is to be sewn,1,0, A
4,76.92307692307693,"['Gather supplies', 'Place button where it belongs on garment', 'Thread the needle and tie a knot at end of thread.', 'Insert the needle from the bottom where the button is to be sewn']","['Push through other holes', 'Thread needle.']",Push through other holes,0,0, A
5,80.76923076923077,"['Gather supplies', 'Place button where it belongs on garment', 'Thread the needle and tie a knot at end of thread.', 'Insert the needle from the bottom where the button is to be sewn', 'Push through other holes']","['knot thread', 'Lay down garment']",knot thread,0,0, A
6,88.46153846153845,"['Gather supplies', 'Place button where it belongs on garment', 'Thread the needle and tie a knot at end of thread.', 'Insert the needle from the bottom where the button is to be sewn', 'Push through other holes', 'knot thread']","['Put supplies away', 'Find a needle and thread']",Put supplies away,0,0, A
0,0.0,[],"['Find shirt', 'Find sewing kit']",Find sewing kit,1,0, A
1,11.538461538461538,['Find sewing kit'],"['Get needle', 'Pull til it stops at the knot, push through fabric and another button hole']",Get needle,0,0, A
2,30.76923076923077,"['Find sewing kit', 'Get needle']","['Tie off thread', 'Place button on clothing']",Place button on clothing,1,0, A
3,42.30769230769231,"['Find sewing kit', 'Get needle', 'Place button on clothing']","['Get the sewing kit.', 'Cut length of thread']",Cut length of thread,1,0, A
4,46.15384615384615,"['Find sewing kit', 'Get needle', 'Place button on clothing', 'Cut length of thread']","['use the string to make it stay in place', 'find the needle']",use the string to make it stay in place,0,0, A
5,84.61538461538461,"['Find sewing kit', 'Get needle', 'Place button on clothing', 'Cut length of thread', 'use the string to make it stay in place']","['Purchase buttons', 'Cut thread from spindle']",Cut thread from spindle,1,0, A
6,88.46153846153845,"['Find sewing kit', 'Get needle', 'Place button on clothing', 'Cut length of thread', 'use the string to make it stay in place', 'Cut thread from spindle']","['Get needle and thread', 'PUT NEEDLE AND THREAD AWAY']",PUT NEEDLE AND THREAD AWAY,1,0, A
7,92.3076923076923,"['Find sewing kit', 'Get needle', 'Place button on clothing', 'Cut length of thread', 'use the string to make it stay in place', 'Cut thread from spindle', 'PUT NEEDLE AND THREAD AWAY']","[""Insert the thread into the eye of the needle and tie a knot so it's attached."", 'MAKE SURE BUTTON IS SECURE']",MAKE SURE BUTTON IS SECURE,1,0, A
0,0.0,[],"['Drive to fabric store', 'Get back the needle through the third button hole']",Drive to fabric store,0,0, A
1,19.230769230769237,['Drive to fabric store'],"['Get thread.', 'Check new button']",Get thread.,0,0, A
2,30.76923076923077,"['Drive to fabric store', 'Get thread.']","['put button where other button was located', 'Put away thread and needle']",put button where other button was located,0,0, A
3,61.53846153846154,"['Drive to fabric store', 'Get thread.', 'put button where other button was located']","['Collect thread and needle.', 'Sew button onto fabric through the first hole']",Sew button onto fabric through the first hole,1,0, A
4,65.38461538461539,"['Drive to fabric store', 'Get thread.', 'put button where other button was located', 'Sew button onto fabric through the first hole']","['Put supplies away', 'Pass the needle through the second button hole']",Pass the needle through the second button hole,1,0, A
5,76.92307692307693,"['Drive to fabric store', 'Get thread.', 'put button where other button was located', 'Sew button onto fabric through the first hole', 'Pass the needle through the second button hole']","['Continue until the button is securely on the clothing', 'Tie knot in end of thread']",Continue until the button is securely on the clothing,0,0, A
0,0.0,[],"['Cut off any excess thread.', 'Drive to fabric store']",Drive to fabric store,1,0, A
1,19.230769230769237,['Drive to fabric store'],"['Get thread', 'Apply button by driving needle through button']",Get thread,0,0, A
2,26.923076923076923,"['Drive to fabric store', 'Get thread']","['Get out sewing kit.', 'Get a piece of clothing.']",Get a piece of clothing.,1,0, A
3,30.76923076923077,"['Drive to fabric store', 'Get thread', 'Get a piece of clothing.']","['Repeat until button is secure', 'place botton where you want it']",place botton where you want it,1,0, A
4,42.30769230769231,"['Drive to fabric store', 'Get thread', 'Get a piece of clothing.', 'place botton where you want it']","['Cut away old strings', 'get thread and needle']",Cut away old strings,0,0, A
5,61.53846153846154,"['Drive to fabric store', 'Get thread', 'Get a piece of clothing.', 'place botton where you want it', 'Cut away old strings']","['Take shirt', 'Start sewing going into the back of the garment.']",Start sewing going into the back of the garment.,1,0, A
6,80.76923076923077,"['Drive to fabric store', 'Get thread', 'Get a piece of clothing.', 'place botton where you want it', 'Cut away old strings', 'Start sewing going into the back of the garment.']","['tie off the thread', 'THREAD THE THREAD ONTO THE NEEDLE']",tie off the thread,0,0, A
7,84.61538461538461,"['Drive to fabric store', 'Get thread', 'Get a piece of clothing.', 'place botton where you want it', 'Cut away old strings', 'Start sewing going into the back of the garment.', 'tie off the thread']","['Cut thread', 'Get sewing basket']",Cut thread,0,0, A
8,88.46153846153845,"['Drive to fabric store', 'Get thread', 'Get a piece of clothing.', 'place botton where you want it', 'Cut away old strings', 'Start sewing going into the back of the garment.', 'tie off the thread', 'Cut thread']","['put sewing kit away', 'Place button in desired position']",put sewing kit away,0,0, A
9,92.3076923076923,"['Drive to fabric store', 'Get thread', 'Get a piece of clothing.', 'place botton where you want it', 'Cut away old strings', 'Start sewing going into the back of the garment.', 'tie off the thread', 'Cut thread', 'put sewing kit away']","['Start sewing', 'MAKE SURE BUTTON IS SECURE']",MAKE SURE BUTTON IS SECURE,1,0, A
0,0.0,[],"['Pull thread through opposite button hole', 'get thread, needle, button to be sewn']","get thread, needle, button to be sewn",1,0, A
1,26.923076923076923,"['get thread, needle, button to be sewn']","['Cut off end from needle', 'Get shirt']",Get shirt,1,0, A
2,46.15384615384615,"['get thread, needle, button to be sewn', 'Get shirt']","['use the string to make it stay in place', 'getting out thread']",use the string to make it stay in place,0,0, A
3,88.46153846153845,"['get thread, needle, button to be sewn', 'Get shirt', 'use the string to make it stay in place']","['Put needle away', 'Look through sewing kit for a button that matches clothing.']",Put needle away,0,0, A
4,92.3076923076923,"['get thread, needle, button to be sewn', 'Get shirt', 'use the string to make it stay in place', 'Put needle away']","['Thread needle with matching thread', 'MAKE SURE BUTTON IS SECURE']",MAKE SURE BUTTON IS SECURE,1,0, A
0,0.0,[],"['Get button, thread, needle and scissors', 'Put the needle and thread away']","Get button, thread, needle and scissors",0,0, A
1,30.76923076923077,"['Get button, thread, needle and scissors']","['Take button and put it on shirt where you want it', 'put needle into adjoining hole']",Take button and put it on shirt where you want it,0,0, A
2,46.15384615384615,"['Get button, thread, needle and scissors', 'Take button and put it on shirt where you want it']","['Get sewing kit', 'Proceed to insert needle into button holes and through clothing/ item until securely sewn']",Proceed to insert needle into button holes and through clothing/ item until securely sewn,1,0, A
3,80.76923076923077,"['Get button, thread, needle and scissors', 'Take button and put it on shirt where you want it', 'Proceed to insert needle into button holes and through clothing/ item until securely sewn']","['Put thread through a needle.', 'when done tie the end properly']",when done tie the end properly,1,0, A
4,88.46153846153845,"['Get button, thread, needle and scissors', 'Take button and put it on shirt where you want it', 'Proceed to insert needle into button holes and through clothing/ item until securely sewn', 'when done tie the end properly']","['Mark on clothing where button is to go', 'Put supplies away']",Put supplies away,1,0, A
0,0.0,[],"['Clean up.', 'Find sewing kit']",Find sewing kit,1,0, A
1,19.230769230769237,['Find sewing kit'],"['Get thread', 'Sew on the button.']",Get thread,0,0, A
2,34.61538461538461,"['Find sewing kit', 'Get thread']","['Thread needle.', 'Cut the thread.']",Thread needle.,0,0, A
3,38.46153846153847,"['Find sewing kit', 'Get thread', 'Thread needle.']","['Grab a needle and thread', 'Tie knot at end of thread.']",Tie knot at end of thread.,1,0, A
4,42.30769230769231,"['Find sewing kit', 'Get thread', 'Thread needle.', 'Tie knot at end of thread.']","['Cut thread string to how much is needed', 'Get sewing kit']",Cut thread string to how much is needed,0,0, A
5,61.53846153846154,"['Find sewing kit', 'Get thread', 'Thread needle.', 'Tie knot at end of thread.', 'Cut thread string to how much is needed']","['Insert needle through one side of button', 'get some thread']",Insert needle through one side of button,0,0, A
6,65.38461538461539,"['Find sewing kit', 'Get thread', 'Thread needle.', 'Tie knot at end of thread.', 'Cut thread string to how much is needed', 'Insert needle through one side of button']","['Get needle', 'Slide button onto needle and thread.']",Slide button onto needle and thread.,1,0, A
7,69.23076923076923,"['Find sewing kit', 'Get thread', 'Thread needle.', 'Tie knot at end of thread.', 'Cut thread string to how much is needed', 'Insert needle through one side of button', 'Slide button onto needle and thread.']","['Poke needle through opposite hole', 'Find a needle']",Poke needle through opposite hole,0,0, A
0,0.0,[],"['Thread needle.', 'Gather supplies']",Gather supplies,1,0, A
1,15.384615384615383,['Gather supplies'],"['Pull it back out the other hole', 'Select thread of correct color']",Select thread of correct color,1,0, A
2,34.61538461538461,"['Gather supplies', 'Select thread of correct color']","['Thread a needle with thread that matches shirt that needs a new button.', 'repeat until button is secure']",Thread a needle with thread that matches shirt that needs a new button.,0,0, A
3,42.30769230769231,"['Gather supplies', 'Select thread of correct color', 'Thread a needle with thread that matches shirt that needs a new button.']","['Repeat for all holes to reinforce', 'Cut about 16 inches worth of thread.']",Cut about 16 inches worth of thread.,1,0, A
4,61.53846153846154,"['Gather supplies', 'Select thread of correct color', 'Thread a needle with thread that matches shirt that needs a new button.', 'Cut about 16 inches worth of thread.']","['Put needle into one button hole through shirt.', 'Cut off end from needle']",Put needle into one button hole through shirt.,0,0, A
5,80.76923076923077,"['Gather supplies', 'Select thread of correct color', 'Thread a needle with thread that matches shirt that needs a new button.', 'Cut about 16 inches worth of thread.', 'Put needle into one button hole through shirt.']","['Knot the end to make it stay', 'knot thread']",knot thread,1,0, A
6,84.61538461538461,"['Gather supplies', 'Select thread of correct color', 'Thread a needle with thread that matches shirt that needs a new button.', 'Cut about 16 inches worth of thread.', 'Put needle into one button hole through shirt.', 'knot thread']","['Cut loose ends.', 'Knot the end to make it stay']",Cut loose ends.,0,0, A
7,88.46153846153845,"['Gather supplies', 'Select thread of correct color', 'Thread a needle with thread that matches shirt that needs a new button.', 'Cut about 16 inches worth of thread.', 'Put needle into one button hole through shirt.', 'knot thread', 'Cut loose ends.']","['put items away when done', 'Pull thread through and secure button']",put items away when done,0,0, A
8,92.3076923076923,"['Gather supplies', 'Select thread of correct color', 'Thread a needle with thread that matches shirt that needs a new button.', 'Cut about 16 inches worth of thread.', 'Put needle into one button hole through shirt.', 'knot thread', 'Cut loose ends.', 'put items away when done']","['Put one end of thread through the eye of the needle.', 'Check new button']",Check new button,1,0, A
0,0.0,[],"['Take out sewing kit', 'Sow the thread through the button holes quite a few times']",Take out sewing kit,0,0, A
1,19.230769230769237,['Take out sewing kit'],"['Thread button onto clothing', 'Find thread that matches button color.']",Find thread that matches button color.,1,0, A
2,26.923076923076923,"['Take out sewing kit', 'Find thread that matches button color.']","['Get a shirt.', 'Cut off excess thread']",Get a shirt.,0,0, A
3,30.76923076923077,"['Take out sewing kit', 'Find thread that matches button color.', 'Get a shirt.']","['Cut thread from spindle', 'Put button in proper place']",Put button in proper place,1,0, A
4,50.0,"['Take out sewing kit', 'Find thread that matches button color.', 'Get a shirt.', 'Put button in proper place']","['Put needle and thread through shirt', 'get thread, needle, button to be sewn']",Put needle and thread through shirt,0,0, A
5,76.92307692307693,"['Take out sewing kit', 'Find thread that matches button color.', 'Get a shirt.', 'Put button in proper place', 'Put needle and thread through shirt']","['Place button where you want it to go', 'Repeat 4 or 5 times']",Repeat 4 or 5 times,1,0, A
6,80.76923076923077,"['Take out sewing kit', 'Find thread that matches button color.', 'Get a shirt.', 'Put button in proper place', 'Put needle and thread through shirt', 'Repeat 4 or 5 times']","['Position button in correct place.', 'Tie the end with a knot.']",Tie the end with a knot.,1,0, A
0,0.0,[],"['Repeat until sewed on.', 'Drive to fabric store']",Drive to fabric store,1,0, A
1,19.230769230769237,['Drive to fabric store'],"['Get thread', 'Use the needle to guide the thread']",Get thread,0,0, A
2,26.923076923076923,"['Drive to fabric store', 'Get thread']","['Tie off the end of the thread', 'take the cloth to be sewed']",take the cloth to be sewed,1,0, A
3,34.61538461538461,"['Drive to fabric store', 'Get thread', 'take the cloth to be sewed']","['Thread the needle', 'Loop thread to create knot in thread.']",Thread the needle,0,0, A
4,38.46153846153847,"['Drive to fabric store', 'Get thread', 'take the cloth to be sewed', 'Thread the needle']","['tie knot at end of thread', 'put sewing kit away']",tie knot at end of thread,0,0, A
5,42.30769230769231,"['Drive to fabric store', 'Get thread', 'take the cloth to be sewed', 'Thread the needle', 'tie knot at end of thread']","['Continue to loop the needle and thread through the button holes.', 'Cut away any loose threads.']",Cut away any loose threads.,1,0, A
6,61.53846153846154,"['Drive to fabric store', 'Get thread', 'take the cloth to be sewed', 'Thread the needle', 'tie knot at end of thread', 'Cut away any loose threads.']","['Get item that needs a button', 'push the needle through the button']",push the needle through the button,1,0, A
7,76.92307692307693,"['Drive to fabric store', 'Get thread', 'take the cloth to be sewed', 'Thread the needle', 'tie knot at end of thread', 'Cut away any loose threads.', 'push the needle through the button']","['Repeat 5 times with other two button holes', 'Mark on clothing where button is to go']",Repeat 5 times with other two button holes,0,0, A
8,80.76923076923077,"['Drive to fabric store', 'Get thread', 'take the cloth to be sewed', 'Thread the needle', 'tie knot at end of thread', 'Cut away any loose threads.', 'push the needle through the button', 'Repeat 5 times with other two button holes']","['Cut thread string to how much is needed', 'tie a knot at the end of the string']",tie a knot at the end of the string,1,0, A
0,0.0,[],"['tug to make sure it is secure', 'Find sewing kit']",Find sewing kit,1,0, A
1,19.230769230769237,['Find sewing kit'],"['get thread', 'Push needle through the button hole into the fabric']",get thread,0,0, A
2,30.76923076923077,"['Find sewing kit', 'get thread']","['Sew button through fourth and final hole', 'Line the button up in the place where the old one would have been']",Line the button up in the place where the old one would have been,1,0, A
3,34.61538461538461,"['Find sewing kit', 'get thread', 'Line the button up in the place where the old one would have been']","['Thread the needle', 'Repeat several times until button is attached solidly to the fabric.']",Thread the needle,0,0, A
4,53.84615384615385,"['Find sewing kit', 'get thread', 'Line the button up in the place where the old one would have been', 'Thread the needle']","['Get thread and needle', 'Insert needle through other side of button on back side']",Insert needle through other side of button on back side,1,0, A
5,57.692307692307686,"['Find sewing kit', 'get thread', 'Line the button up in the place where the old one would have been', 'Thread the needle', 'Insert needle through other side of button on back side']","['Secure the button with a knot', ""pass needle and thread back through another of the button's needle holes""]",pass needle and thread back through another of the button's needle holes,1,0, A
6,76.92307692307693,"['Find sewing kit', 'get thread', 'Line the button up in the place where the old one would have been', 'Thread the needle', 'Insert needle through other side of button on back side', ""pass needle and thread back through another of the button's needle holes""]","['Repeat 4 or 5 times', 'Get needle and thread']",Repeat 4 or 5 times,0,0, A
7,84.61538461538461,"['Find sewing kit', 'get thread', 'Line the button up in the place where the old one would have been', 'Thread the needle', 'Insert needle through other side of button on back side', ""pass needle and thread back through another of the button's needle holes"", 'Repeat 4 or 5 times']","['Cut thread', 'find a button']",Cut thread,0,0, A
8,88.46153846153845,"['Find sewing kit', 'get thread', 'Line the button up in the place where the old one would have been', 'Thread the needle', 'Insert needle through other side of button on back side', ""pass needle and thread back through another of the button's needle holes"", 'Repeat 4 or 5 times', 'Cut thread']","['Bring the needle up through another hole on button.', 'Take out the needle']",Take out the needle,1,0, A
0,0.0,[],"['Drive to fabric store', 'stitching the button on']",Drive to fabric store,0,0, A
1,19.230769230769237,['Drive to fabric store'],"['Put the needle and thread away', 'Cut a length of thread more than double what you will need']",Cut a length of thread more than double what you will need,1,0, A
2,23.07692307692308,"['Drive to fabric store', 'Cut a length of thread more than double what you will need']","['Find a suitable button', 'Sew thread on needle through hole of button.']",Find a suitable button,0,0, A
3,30.76923076923077,"['Drive to fabric store', 'Cut a length of thread more than double what you will need', 'Find a suitable button']","['Put button on shirt.', 'repeat 5-8 several times until button is secure']",Put button on shirt.,0,0, A
4,50.0,"['Drive to fabric store', 'Cut a length of thread more than double what you will need', 'Find a suitable button', 'Put button on shirt.']","['Get a needle and thread.', 'Poke hole with needle through button hole and fabric']",Poke hole with needle through button hole and fabric,1,0, A
5,76.92307692307693,"['Drive to fabric store', 'Cut a length of thread more than double what you will need', 'Find a suitable button', 'Put button on shirt.', 'Poke hole with needle through button hole and fabric']","['Do this through all holes of button', 'Get a needle']",Do this through all holes of button,0,0, A
0,0.0,[],"['Drive to fabric store', 'Tie the end of the string so it will not unravel']",Drive to fabric store,0,0, A
1,19.230769230769237,['Drive to fabric store'],"['Pass needle through shirt and button holes', 'Get thread']",Get thread,1,0, A
2,26.923076923076923,"['Drive to fabric store', 'Get thread']","['Get item that needs button sewing on', 'Repeat until sewed on.']",Get item that needs button sewing on,0,0, A
3,46.15384615384615,"['Drive to fabric store', 'Get thread', 'Get item that needs button sewing on']","['Take out right colored thread.', 'sew the button on carefully']",sew the button on carefully,1,0, A
4,84.61538461538461,"['Drive to fabric store', 'Get thread', 'Get item that needs button sewing on', 'sew the button on carefully']","['cut the thread', 'Mark on clothing where button is to go']",cut the thread,0,0, A
0,0.0,[],"['measure and cut length of thread', 'Get sewing kit']",Get sewing kit,1,0, A
1,19.230769230769237,['Get sewing kit'],"['cut loose thread', 'Purchase thread']",Purchase thread,1,0, A
2,34.61538461538461,"['Get sewing kit', 'Purchase thread']","[""Make 4 x's in button."", 'Thread the needle']",Thread the needle,1,0, A
3,42.30769230769231,"['Get sewing kit', 'Purchase thread', 'Thread the needle']","['Cut away any loose threads.', 'Get the thread']",Cut away any loose threads.,0,0, A
4,61.53846153846154,"['Get sewing kit', 'Purchase thread', 'Thread the needle', 'Cut away any loose threads.']","['Get the needle', 'Thread one hole with the needle']",Thread one hole with the needle,1,0, A
5,76.92307692307693,"['Get sewing kit', 'Purchase thread', 'Thread the needle', 'Cut away any loose threads.', 'Thread one hole with the needle']","['Repeat steps 4 through 6 about 30 times', 'Get needle and thread']",Repeat steps 4 through 6 about 30 times,0,0, A
6,84.61538461538461,"['Get sewing kit', 'Purchase thread', 'Thread the needle', 'Cut away any loose threads.', 'Thread one hole with the needle', 'Repeat steps 4 through 6 about 30 times']","['Thread needle.', 'Cut thread from spindle']",Cut thread from spindle,1,0, A
7,88.46153846153845,"['Get sewing kit', 'Purchase thread', 'Thread the needle', 'Cut away any loose threads.', 'Thread one hole with the needle', 'Repeat steps 4 through 6 about 30 times', 'Cut thread from spindle']","['put needle and thread away', 'gather button']",put needle and thread away,0,0, A
8,92.3076923076923,"['Get sewing kit', 'Purchase thread', 'Thread the needle', 'Cut away any loose threads.', 'Thread one hole with the needle', 'Repeat steps 4 through 6 about 30 times', 'Cut thread from spindle', 'put needle and thread away']","['MAKE SURE BUTTON IS SECURE', 'Make a knot at end']",MAKE SURE BUTTON IS SECURE,0,0, A
0,0.0,[],"['knot thread', 'Drive to fabric store']",Drive to fabric store,1,0, A
1,19.230769230769237,['Drive to fabric store'],"['Sew through holes or shank in button.', 'Get the proper colored thread']",Get the proper colored thread,1,0, A
2,34.61538461538461,"['Drive to fabric store', 'Get the proper colored thread']","['repeat 5-8 several times until button is secure', 'thread the needle']",thread the needle,1,0, A
3,38.46153846153847,"['Drive to fabric store', 'Get the proper colored thread', 'thread the needle']","['Make a knot at end', 'Find some thread and needle']",Make a knot at end,0,0, A
4,42.30769230769231,"['Drive to fabric store', 'Get the proper colored thread', 'thread the needle', 'Make a knot at end']","['Cut away old strings', 'Tie ends.']",Cut away old strings,0,0, A
5,61.53846153846154,"['Drive to fabric store', 'Get the proper colored thread', 'thread the needle', 'Make a knot at end', 'Cut away old strings']","['Pull the needle until thread is completely on the other side of shirt', 'Get needle']",Pull the needle until thread is completely on the other side of shirt,0,0, A
6,65.38461538461539,"['Drive to fabric store', 'Get the proper colored thread', 'thread the needle', 'Make a knot at end', 'Cut away old strings', 'Pull the needle until thread is completely on the other side of shirt']","['Place button where it belongs on garment', 'Pull needle out other side.']",Pull needle out other side.,1,0, A
7,69.23076923076923,"['Drive to fabric store', 'Get the proper colored thread', 'thread the needle', 'Make a knot at end', 'Cut away old strings', 'Pull the needle until thread is completely on the other side of shirt', 'Pull needle out other side.']","['Get extra button', 'Move needle down to hole opposite first hole']",Move needle down to hole opposite first hole,1,0, A
0,0.0,[],"['cut the thread when finished', 'Drive to fabric store']",Drive to fabric store,1,0, A
1,19.230769230769237,['Drive to fabric store'],"['Pull through other side.', 'get some thread']",get some thread,1,0, A
2,26.923076923076923,"['Drive to fabric store', 'get some thread']","['Tie knot to secure thread and button to clothes', 'take the cloth to be sewed']",take the cloth to be sewed,1,0, A
3,30.76923076923077,"['Drive to fabric store', 'get some thread', 'take the cloth to be sewed']","['Repeat several times until button is secure', 'Place the button at right place']",Place the button at right place,1,0, A
4,61.53846153846154,"['Drive to fabric store', 'get some thread', 'take the cloth to be sewed', 'Place the button at right place']","['break the thread', 'push the needle through the button']",push the needle through the button,1,0, A
5,65.38461538461539,"['Drive to fabric store', 'get some thread', 'take the cloth to be sewed', 'Place the button at right place', 'push the needle through the button']","['Thread needle with matching thread', 'Pass the needle through the second button hole']",Pass the needle through the second button hole,1,0, A
6,69.23076923076923,"['Drive to fabric store', 'get some thread', 'take the cloth to be sewed', 'Place the button at right place', 'push the needle through the button', 'Pass the needle through the second button hole']","['Get out sewing kit.', 'Poke needle through opposite hole']",Poke needle through opposite hole,1,0, A
7,73.07692307692307,"['Drive to fabric store', 'get some thread', 'take the cloth to be sewed', 'Place the button at right place', 'push the needle through the button', 'Pass the needle through the second button hole', 'Poke needle through opposite hole']","['Pass the needle in and out of holes on button', 'Get back the needle through the fourth button hole']",Get back the needle through the fourth button hole,1,0, A
8,76.92307692307693,"['Drive to fabric store', 'get some thread', 'take the cloth to be sewed', 'Place the button at right place', 'push the needle through the button', 'Pass the needle through the second button hole', 'Poke needle through opposite hole', 'Get back the needle through the fourth button hole']","['Repeat several times until button is secure', 'Tie knot in other end of thread']",Repeat several times until button is secure,0,0, A
9,80.76923076923077,"['Drive to fabric store', 'get some thread', 'take the cloth to be sewed', 'Place the button at right place', 'push the needle through the button', 'Pass the needle through the second button hole', 'Poke needle through opposite hole', 'Get back the needle through the fourth button hole', 'Repeat several times until button is secure']","['Get sewing kit', 'Tie the end of the string so it will not unravel']",Tie the end of the string so it will not unravel,1,0, A
10,88.46153846153845,"['Drive to fabric store', 'get some thread', 'take the cloth to be sewed', 'Place the button at right place', 'push the needle through the button', 'Pass the needle through the second button hole', 'Poke needle through opposite hole', 'Get back the needle through the fourth button hole', 'Repeat several times until button is secure', 'Tie the end of the string so it will not unravel']","['Clean up.', 'Cut away any loose threads.']",Clean up.,0,0, A
0,0.0,[],"['Put an end of the thread through the eye of the needle', 'Drive to fabric store']",Drive to fabric store,1,0, A
1,19.230769230769237,['Drive to fabric store'],"['PUT NEEDLE AND THREAD AWAY', 'Find thread that matches']",Find thread that matches,1,0, A
2,30.76923076923077,"['Drive to fabric store', 'Find thread that matches']","['Continue until button is secure', 'Mark on clothing where button is to go']",Mark on clothing where button is to go,1,0, A
3,53.84615384615385,"['Drive to fabric store', 'Find thread that matches', 'Mark on clothing where button is to go']","['Grab the garment that you would like to sew the button to.', 'Pull it back out the other hole']",Pull it back out the other hole,1,0, A
4,76.92307692307693,"['Drive to fabric store', 'Find thread that matches', 'Mark on clothing where button is to go', 'Pull it back out the other hole']","['Continue crisscrossing thread between holes of button until button is tight.', 'Get the button.']",Continue crisscrossing thread between holes of button until button is tight.,0,0, A
5,80.76923076923077,"['Drive to fabric store', 'Find thread that matches', 'Mark on clothing where button is to go', 'Pull it back out the other hole', 'Continue crisscrossing thread between holes of button until button is tight.']","['thread needle', 'Tie a knot.']",Tie a knot.,1,0, A
0,0.0,[],"['Find sewing kit.', 'Grab the garment that you would like to sew the button to.']",Find sewing kit.,0,0, A
1,7.6923076923076925,['Find sewing kit.'],"['Continue until the button is on tight', 'find needle and thread']",find needle and thread,1,0, A
2,23.07692307692308,"['Find sewing kit.', 'find needle and thread']","['Find similar button', 'Tie off the thread on the underside of the garment']",Find similar button,0,0, A
3,26.923076923076923,"['Find sewing kit.', 'find needle and thread', 'Find similar button']","['taking the right button out', 'Get sewing kit']",taking the right button out,0,0, A
4,34.61538461538461,"['Find sewing kit.', 'find needle and thread', 'Find similar button', 'taking the right button out']","['Cut off end from needle', 'Thread needle.']",Thread needle.,1,0, A
5,53.84615384615385,"['Find sewing kit.', 'find needle and thread', 'Find similar button', 'taking the right button out', 'Thread needle.']","['Pull thread through opposite button hole', 'Find similar button']",Pull thread through opposite button hole,0,0, A
6,80.76923076923077,"['Find sewing kit.', 'find needle and thread', 'Find similar button', 'taking the right button out', 'Thread needle.', 'Pull thread through opposite button hole']","['Get thread.', 'Wrap the thread']",Wrap the thread,1,0, A
7,84.61538461538461,"['Find sewing kit.', 'find needle and thread', 'Find similar button', 'taking the right button out', 'Thread needle.', 'Pull thread through opposite button hole', 'Wrap the thread']","['Start sewing going into the back of the garment.', 'Cut thread']",Cut thread,1,0, A
0,0.0,[],"['Get sewing kit', 'cut the thread']",Get sewing kit,0,0, A
1,23.07692307692308,['Get sewing kit'],"['sew onto fabric securely', 'Find similar button']",Find similar button,1,0, A
2,30.76923076923077,"['Get sewing kit', 'Find similar button']","['Tie off thread', 'Hold button to material.']",Hold button to material.,1,0, A
3,61.53846153846154,"['Get sewing kit', 'Find similar button', 'Hold button to material.']","['Pull thread through', 'take the needle and matching thread']",Pull thread through,0,0, A
4,80.76923076923077,"['Get sewing kit', 'Find similar button', 'Hold button to material.', 'Pull thread through']","['Find button that matches lost button.', 'when done tie the end properly']",when done tie the end properly,1,0, A
5,88.46153846153845,"['Get sewing kit', 'Find similar button', 'Hold button to material.', 'Pull thread through', 'when done tie the end properly']","['Put all the items away', 'Put button in proper place']",Put all the items away,0,0, A
0,0.0,[],"['Sew button onto garment', 'Get out sewing kit.']",Get out sewing kit.,1,0, A
1,7.6923076923076925,['Get out sewing kit.'],"['Get needle and thread', 'Pull it back out the other hole']",Get needle and thread,0,0, A
2,11.538461538461538,"['Get out sewing kit.', 'Get needle and thread']","['Take a needle', 'moving the needle in and out of the button holes']",Take a needle,0,0, A
3,23.07692307692308,"['Get out sewing kit.', 'Get needle and thread', 'Take a needle']","['Start to sew the button onto the fabric.', 'Find button that matches lost button.']",Find button that matches lost button.,1,0, A
4,34.61538461538461,"['Get out sewing kit.', 'Get needle and thread', 'Take a needle', 'Find button that matches lost button.']","['Position needle with thread', 'Check the button']",Position needle with thread,0,0, A
5,53.84615384615385,"['Get out sewing kit.', 'Get needle and thread', 'Take a needle', 'Find button that matches lost button.', 'Position needle with thread']","['Find matching thread', 'pass needle through needle hole in button']",pass needle through needle hole in button,1,0, A
6,57.692307692307686,"['Get out sewing kit.', 'Get needle and thread', 'Take a needle', 'Find button that matches lost button.', 'Position needle with thread', 'pass needle through needle hole in button']","['Place needle through clothing.', 'Prepare needle and thread.']",Place needle through clothing.,0,0, A
0,0.0,[],"['put thread through needle', 'Grab the fabric and button']",Grab the fabric and button,1,0, A
1,30.76923076923077,['Grab the fabric and button'],"['Break the thread and tie a final knot', 'line it up with the hole']",line it up with the hole,1,0, A
2,50.0,"['Grab the fabric and button', 'line it up with the hole']","['Push the needle through the fabric', 'Get out sewing kit']",Push the needle through the fabric,0,0, A
3,80.76923076923077,"['Grab the fabric and button', 'line it up with the hole', 'Push the needle through the fabric']","['Tie ends.', 'place button where you want it']",Tie ends.,0,0, A
4,84.61538461538461,"['Grab the fabric and button', 'line it up with the hole', 'Push the needle through the fabric', 'Tie ends.']","['find the needle', 'cut loose thread']",cut loose thread,1,0, A
5,88.46153846153845,"['Grab the fabric and button', 'line it up with the hole', 'Push the needle through the fabric', 'Tie ends.', 'cut loose thread']","['Get item that needs button sewing on', 'put items away when done']",put items away when done,1,0, A
6,92.3076923076923,"['Grab the fabric and button', 'line it up with the hole', 'Push the needle through the fabric', 'Tie ends.', 'cut loose thread', 'put items away when done']","['sew onto fabric securely', 'Check if the button is tight']",Check if the button is tight,1,0, A
0,0.0,[],"['Get sewing kit', 'Insert the thread through the button']",Get sewing kit,0,0, A
1,11.538461538461538,['Get sewing kit'],"['Sew button onto fabric through the first hole', 'Get needle']",Get needle,1,0, A
2,19.230769230769237,"['Get sewing kit', 'Get needle']","['Cut a length of thread more than double what you will need', 'cut remaining thread away']",Cut a length of thread more than double what you will need,0,0, A
3,26.923076923076923,"['Get sewing kit', 'Get needle', 'Cut a length of thread more than double what you will need']","['Get clothes', 'Repeat until button is secure']",Get clothes,0,0, A
4,46.15384615384615,"['Get sewing kit', 'Get needle', 'Cut a length of thread more than double what you will need', 'Get clothes']","['Move needle in and out of button holes to secure to shirt.', 'find the button']",Move needle in and out of button holes to secure to shirt.,0,0, A
5,53.84615384615385,"['Get sewing kit', 'Get needle', 'Cut a length of thread more than double what you will need', 'Get clothes', 'Move needle in and out of button holes to secure to shirt.']","['Place needle through button eyelets.', 'Put needle and thread back in drawer']",Place needle through button eyelets.,0,0, A
6,84.61538461538461,"['Get sewing kit', 'Get needle', 'Cut a length of thread more than double what you will need', 'Get clothes', 'Move needle in and out of button holes to secure to shirt.', 'Place needle through button eyelets.']","['Thread needle', 'Snip excess thread off']",Snip excess thread off,1,0, A
7,88.46153846153845,"['Get sewing kit', 'Get needle', 'Cut a length of thread more than double what you will need', 'Get clothes', 'Move needle in and out of button holes to secure to shirt.', 'Place needle through button eyelets.', 'Snip excess thread off']","['Clean up.', 'Get button']",Clean up.,0,0, A
0,0.0,[],"['Drive to fabric store', 'Repeat to make loop and knot it.']",Drive to fabric store,0,0, A
1,19.230769230769237,['Drive to fabric store'],"['Sew button into place', 'Find thread that matches']",Find thread that matches,1,0, A
2,23.07692307692308,"['Drive to fabric store', 'Find thread that matches']","['use needle and thread to sew button onto shirt', 'Find button to be sewn']",Find button to be sewn,1,0, A
3,61.53846153846154,"['Drive to fabric store', 'Find thread that matches', 'Find button to be sewn']","['locate needle and thread', 'Sew button onto fabric through the first hole']",Sew button onto fabric through the first hole,1,0, A
4,80.76923076923077,"['Drive to fabric store', 'Find thread that matches', 'Find button to be sewn', 'Sew button onto fabric through the first hole']","['Tie the thread at the bottom of the button', 'putting the button on the fabric']",Tie the thread at the bottom of the button,0,0, A
5,84.61538461538461,"['Drive to fabric store', 'Find thread that matches', 'Find button to be sewn', 'Sew button onto fabric through the first hole', 'Tie the thread at the bottom of the button']","['Cut off any excess thread.', 'Position button on shirt']",Cut off any excess thread.,0,0, A
0,0.0,[],"['Drive to fabric store', 'Fix the thread in the needle']",Drive to fabric store,0,0, A
1,19.230769230769237,['Drive to fabric store'],"['push the needle through the fabric', 'Get the proper colored thread']",Get the proper colored thread,1,0, A
2,23.07692307692308,"['Drive to fabric store', 'Get the proper colored thread']","['take the button', 'Tie off thread']",take the button,0,0, A
3,26.923076923076923,"['Drive to fabric store', 'Get the proper colored thread', 'take the button']","['carefully cut off old button if exists', 'Cut off any excess thread.']",carefully cut off old button if exists,0,0, A
4,30.76923076923077,"['Drive to fabric store', 'Get the proper colored thread', 'take the button', 'carefully cut off old button if exists']","['Line the button back into place', 'Keep threading until the button is firmly attached']",Line the button back into place,0,0, A
5,61.53846153846154,"['Drive to fabric store', 'Get the proper colored thread', 'take the button', 'carefully cut off old button if exists', 'Line the button back into place']","['Start sewing going into the back of the garment.', 'Cut off excess thread']",Start sewing going into the back of the garment.,0,0, A
6,80.76923076923077,"['Drive to fabric store', 'Get the proper colored thread', 'take the button', 'carefully cut off old button if exists', 'Line the button back into place', 'Start sewing going into the back of the garment.']","['Line the button up in the place where the old one would have been', 'tie a knot at the end of the string']",tie a knot at the end of the string,1,0, A
7,84.61538461538461,"['Drive to fabric store', 'Get the proper colored thread', 'take the button', 'carefully cut off old button if exists', 'Line the button back into place', 'Start sewing going into the back of the garment.', 'tie a knot at the end of the string']","['cut the thread', 'Get needle.']",cut the thread,0,0, A
8,88.46153846153845,"['Drive to fabric store', 'Get the proper colored thread', 'take the button', 'carefully cut off old button if exists', 'Line the button back into place', 'Start sewing going into the back of the garment.', 'tie a knot at the end of the string', 'cut the thread']","['Get button', 'Put needle and thread back in drawer']",Put needle and thread back in drawer,1,0, A
0,0.0,[],"['Get your sewing kit', 'Place button close to clothing.']",Get your sewing kit,0,0, A
1,19.230769230769237,['Get your sewing kit'],"['Get thread', 'Put needle and thread through holes']",Get thread,0,0, A
2,30.76923076923077,"['Get your sewing kit', 'Get thread']","['cut loose thread', 'Place button in desired position']",Place button in desired position,1,0, A
3,46.15384615384615,"['Get your sewing kit', 'Get thread', 'Place button in desired position']","['Get button', 'sew the button on carefully']",sew the button on carefully,1,0, A
4,50.0,"['Get your sewing kit', 'Get thread', 'Place button in desired position', 'sew the button on carefully']","['put the needle into the fabric', 'locate needle and thread']",put the needle into the fabric,0,0, A
5,61.53846153846154,"['Get your sewing kit', 'Get thread', 'Place button in desired position', 'sew the button on carefully', 'put the needle into the fabric']","['Thread one hole with the needle', 'Get the item of clothing the button is to go on']",Thread one hole with the needle,0,0, A
6,80.76923076923077,"['Get your sewing kit', 'Get thread', 'Place button in desired position', 'sew the button on carefully', 'put the needle into the fabric', 'Thread one hole with the needle']","['Wrap the thread', 'Cut a length of thread more than double what you will need']",Wrap the thread,0,0, A
7,88.46153846153845,"['Get your sewing kit', 'Get thread', 'Place button in desired position', 'sew the button on carefully', 'put the needle into the fabric', 'Thread one hole with the needle', 'Wrap the thread']","['Clean up.', 'Lay down garment']",Clean up.,0,0, A
8,92.3076923076923,"['Get your sewing kit', 'Get thread', 'Place button in desired position', 'sew the button on carefully', 'put the needle into the fabric', 'Thread one hole with the needle', 'Wrap the thread', 'Clean up.']","['Grab thread and needle', 'Check if the button is tight']",Check if the button is tight,1,0, A
0,0.0,[],"['repeat steps 4-5 until button is secured to shirt', 'Get scissors, needle, button and thread']","Get scissors, needle, button and thread",1,0, A
1,26.923076923076923,"['Get scissors, needle, button and thread']","['Prepare garment for sewing', 'Tie off thread']",Prepare garment for sewing,0,0, A
2,50.0,"['Get scissors, needle, button and thread', 'Prepare garment for sewing']","['pull through on the other side', 'Find thread and needle.']",pull through on the other side,0,0, A
3,61.53846153846154,"['Get scissors, needle, button and thread', 'Prepare garment for sewing', 'pull through on the other side']","['Select thread of correct color', 'Pull the needle until thread is completely on the other side of shirt']",Pull the needle until thread is completely on the other side of shirt,1,0, A
4,65.38461538461539,"['Get scissors, needle, button and thread', 'Prepare garment for sewing', 'pull through on the other side', 'Pull the needle until thread is completely on the other side of shirt']","['place button on cloth where it needs to go', 'Put the needle thorough the back of the button hole.']",Put the needle thorough the back of the button hole.,1,0, A
5,76.92307692307693,"['Get scissors, needle, button and thread', 'Prepare garment for sewing', 'pull through on the other side', 'Pull the needle until thread is completely on the other side of shirt', 'Put the needle thorough the back of the button hole.']","['Grab the fabric and button', 'Repeat for all holes to reinforce']",Repeat for all holes to reinforce,1,0, A
0,0.0,[],"['Take out sewing kit', 'Push needle under material to next hole']",Take out sewing kit,0,0, A
1,19.230769230769237,['Take out sewing kit'],"['Find thread that matches', 'Snip excess thread off']",Find thread that matches,0,0, A
2,26.923076923076923,"['Take out sewing kit', 'Find thread that matches']","['Take shirt', 'put the supplies away']",Take shirt,0,0, A
3,30.76923076923077,"['Take out sewing kit', 'Find thread that matches', 'Take shirt']","['Align the button on the correct place on the cloth', 'tie a knot at the end of the string']",Align the button on the correct place on the cloth,0,0, A
4,42.30769230769231,"['Take out sewing kit', 'Find thread that matches', 'Take shirt', 'Align the button on the correct place on the cloth']","['Cut away old strings', 'repeat steps 4-5 until button is secured to shirt']",Cut away old strings,0,0, A
5,46.15384615384615,"['Take out sewing kit', 'Find thread that matches', 'Take shirt', 'Align the button on the correct place on the cloth', 'Cut away old strings']","['sew the button on carefully', 'Get proper button']",sew the button on carefully,0,0, A
6,84.61538461538461,"['Take out sewing kit', 'Find thread that matches', 'Take shirt', 'Align the button on the correct place on the cloth', 'Cut away old strings', 'sew the button on carefully']","['Put the thread through the button and start threading', 'Cut the excess thread']",Cut the excess thread,1,0, A
0,0.0,[],"['Check if the button is tight', 'Drive to fabric store']",Drive to fabric store,1,0, A
1,19.230769230769237,['Drive to fabric store'],"['Take out right colored thread.', 'Cut loose ends.']",Take out right colored thread.,0,0, A
2,26.923076923076923,"['Drive to fabric store', 'Take out right colored thread.']","['knot thread', 'take the cloth to be sewed']",take the cloth to be sewed,1,0, A
3,46.15384615384615,"['Drive to fabric store', 'Take out right colored thread.', 'take the cloth to be sewed']","['use the string to make it stay in place', 'Get needle and thread']",use the string to make it stay in place,0,0, A
4,88.46153846153845,"['Drive to fabric store', 'Take out right colored thread.', 'take the cloth to be sewed', 'use the string to make it stay in place']","['put sewing kit away', 'Tie knot with thread']",put sewing kit away,0,0, A
5,92.3076923076923,"['Drive to fabric store', 'Take out right colored thread.', 'take the cloth to be sewed', 'use the string to make it stay in place', 'put sewing kit away']","['Check the button', 'Find a spare button that matches the other buttons']",Check the button,0,0, A
0,0.0,[],"['Find sewing kit.', 'Use the needle to go through the button holes and the fabric']",Find sewing kit.,0,0, A
1,19.230769230769237,['Find sewing kit.'],"['stitching the button on', 'Pull out a length of thread.']",Pull out a length of thread.,1,0, A
2,30.76923076923077,"['Find sewing kit.', 'Pull out a length of thread.']","['Place button in desired position', 'When done knot end.']",Place button in desired position,0,0, A
3,61.53846153846154,"['Find sewing kit.', 'Pull out a length of thread.', 'Place button in desired position']","['Push needle through hole', 'Take a needle']",Push needle through hole,0,0, A
4,65.38461538461539,"['Find sewing kit.', 'Pull out a length of thread.', 'Place button in desired position', 'Push needle through hole']","['Slide button onto needle and thread.', 'Get a needle and thread.']",Slide button onto needle and thread.,0,0, A
5,69.23076923076923,"['Find sewing kit.', 'Pull out a length of thread.', 'Place button in desired position', 'Push needle through hole', 'Slide button onto needle and thread.']","['Thread needle with matching thread', 'Poke needle through opposite hole']",Poke needle through opposite hole,1,0, A
6,73.07692307692307,"['Find sewing kit.', 'Pull out a length of thread.', 'Place button in desired position', 'Push needle through hole', 'Slide button onto needle and thread.', 'Poke needle through opposite hole']","[""Pull a thread of a matching color through the needle's eye"", 'Pull through other side.']",Pull through other side.,1,0, A
0,0.0,[],"['Get supplies - shirt, new button, thread, needle', 'Tie knot to secure thread and button to clothes']","Get supplies - shirt, new button, thread, needle",0,0, A
1,15.384615384615383,"['Get supplies - shirt, new button, thread, needle']","['Find right color string', 'Tie a knot a the end of the thread']",Find right color string,0,0, A
2,30.76923076923077,"['Get supplies - shirt, new button, thread, needle', 'Find right color string']","['Insert the needle back into the garment from the top of the button', 'Put button in proper place']",Put button in proper place,1,0, A
3,46.15384615384615,"['Get supplies - shirt, new button, thread, needle', 'Find right color string', 'Put button in proper place']","['Take needle from sewing kit', 'put needle with thread into clothes']",put needle with thread into clothes,1,0, A
4,88.46153846153845,"['Get supplies - shirt, new button, thread, needle', 'Find right color string', 'Put button in proper place', 'put needle with thread into clothes']","['Clean up.', 'Thread one hole with the needle']",Clean up.,0,0, A
5,92.3076923076923,"['Get supplies - shirt, new button, thread, needle', 'Find right color string', 'Put button in proper place', 'put needle with thread into clothes', 'Clean up.']","['Find a button', 'Check if the button is tight']",Check if the button is tight,1,0, A
0,0.0,[],"['Sew button.', 'Drive to fabric store']",Drive to fabric store,1,0, A
1,19.230769230769237,['Drive to fabric store'],"['Choose thread to sew button on with.', 'put needle with thread into clothes']",Choose thread to sew button on with.,0,0, A
2,30.76923076923077,"['Drive to fabric store', 'Choose thread to sew button on with.']","['putting the button on the fabric', 'Cut off the extra thread']",putting the button on the fabric,0,0, A
3,42.30769230769231,"['Drive to fabric store', 'Choose thread to sew button on with.', 'putting the button on the fabric']","['measure and cut length of thread', 'Tie the end with a knot.']",measure and cut length of thread,0,0, A
4,61.53846153846154,"['Drive to fabric store', 'Choose thread to sew button on with.', 'putting the button on the fabric', 'measure and cut length of thread']","['Pull the needle until thread is completely on the other side of shirt', 'Pick a needle']",Pull the needle until thread is completely on the other side of shirt,0,0, A
5,80.76923076923077,"['Drive to fabric store', 'Choose thread to sew button on with.', 'putting the button on the fabric', 'measure and cut length of thread', 'Pull the needle until thread is completely on the other side of shirt']","['Tie knot in end of thread', 'Tie the thread round in between the garment and button']",Tie the thread round in between the garment and button,1,0, A
6,88.46153846153845,"['Drive to fabric store', 'Choose thread to sew button on with.', 'putting the button on the fabric', 'measure and cut length of thread', 'Pull the needle until thread is completely on the other side of shirt', 'Tie the thread round in between the garment and button']","['Get a needle', 'Put the needle and thread away']",Put the needle and thread away,1,0, A
0,0.0,[],"['Sew needle through other holes in an X formation', 'Get out sewing kit.']",Get out sewing kit.,1,0, A
1,23.07692307692308,['Get out sewing kit.'],"['Get button', 'Insert the needle with thread in button hole and shirt']",Get button,0,0, A
2,38.46153846153847,"['Get out sewing kit.', 'Get button']","['Tie a knot a the end of the thread', 'Get out sewing kit.']",Tie a knot a the end of the thread,0,0, A
3,50.0,"['Get out sewing kit.', 'Get button', 'Tie a knot a the end of the thread']","['put the needle into the fabric', 'Cut off excess thread']",put the needle into the fabric,0,0, A
4,65.38461538461539,"['Get out sewing kit.', 'Get button', 'Tie a knot a the end of the thread', 'put the needle into the fabric']","['Pass the needle through the second button hole', 'Put away needle and thread']",Pass the needle through the second button hole,0,0, A
5,69.23076923076923,"['Get out sewing kit.', 'Get button', 'Tie a knot a the end of the thread', 'put the needle into the fabric', 'Pass the needle through the second button hole']","['Hold button in place', 'Sew thread on needle through hole of button.']",Hold button in place,0,0, A
0,0.0,[],"['Insert needle through button and into fabric where the button belongs.', 'Get scissors, needle, button and thread']","Get scissors, needle, button and thread",1,0, A
1,15.384615384615383,"['Get scissors, needle, button and thread']","['Find matching thread', 'Tie ends.']",Find matching thread,0,0, A
2,23.07692307692308,"['Get scissors, needle, button and thread', 'Find matching thread']","['Get the button.', 'Repeat until button is secure']",Get the button.,0,0, A
3,26.923076923076923,"['Get scissors, needle, button and thread', 'Find matching thread', 'Get the button.']","['Get out sewing kit', 'Get shirt']",Get shirt,1,0, A
4,30.76923076923077,"['Get scissors, needle, button and thread', 'Find matching thread', 'Get the button.', 'Get shirt']","['tie off thread', 'Place button where it is to be sewed']",Place button where it is to be sewed,1,0, A
5,61.53846153846154,"['Get scissors, needle, button and thread', 'Find matching thread', 'Get the button.', 'Get shirt', 'Place button where it is to be sewed']","['Get the needle', 'Put needle into one button hole through shirt.']",Put needle into one button hole through shirt.,1,0, A
6,65.38461538461539,"['Get scissors, needle, button and thread', 'Find matching thread', 'Get the button.', 'Get shirt', 'Place button where it is to be sewed', 'Put needle into one button hole through shirt.']","['take the cloth to be sewed', 'Bring the needle up through another hole on button.']",Bring the needle up through another hole on button.,1,0, A
7,69.23076923076923,"['Get scissors, needle, button and thread', 'Find matching thread', 'Get the button.', 'Get shirt', 'Place button where it is to be sewed', 'Put needle into one button hole through shirt.', 'Bring the needle up through another hole on button.']","['Hold button in place', 'Check if the button is tight']",Hold button in place,0,0, A
0,0.0,[],"['Start to sew the button onto the fabric.', 'Get button, thread, needle and scissors']","Get button, thread, needle and scissors",1,0, A
1,26.923076923076923,"['Get button, thread, needle and scissors']","['Lay down garment', 'Take out sewing kit']",Lay down garment,0,0, A
2,34.61538461538461,"['Get button, thread, needle and scissors', 'Lay down garment']","['Put thread through needle', 'Push needle under material to next hole']",Put thread through needle,0,0, A
3,50.0,"['Get button, thread, needle and scissors', 'Lay down garment', 'Put thread through needle']","['Put needle and thread through shirt', 'Put away needle and thread']",Put needle and thread through shirt,0,0, A
4,80.76923076923077,"['Get button, thread, needle and scissors', 'Lay down garment', 'Put thread through needle', 'Put needle and thread through shirt']","['tie off the thread', 'Find a needle']",tie off the thread,0,0, A
5,88.46153846153845,"['Get button, thread, needle and scissors', 'Lay down garment', 'Put thread through needle', 'Put needle and thread through shirt', 'tie off the thread']","['put items away when done', 'Get sewing basket']",put items away when done,0,0, A
6,92.3076923076923,"['Get button, thread, needle and scissors', 'Lay down garment', 'Put thread through needle', 'Put needle and thread through shirt', 'tie off the thread', 'put items away when done']","['Check new button', 'insert needle through cloth']",Check new button,0,0, A
0,0.0,[],"['THREAD THE THREAD ONTO THE NEEDLE', 'Drive to fabric store']",Drive to fabric store,1,0, A
1,19.230769230769237,['Drive to fabric store'],"['Take out right colored thread.', 'Ending again in the back of the garment cut off the thread.']",Take out right colored thread.,0,0, A
2,26.923076923076923,"['Drive to fabric store', 'Take out right colored thread.']","['Continue sewing in an X pattern until the button is secure.', 'Get the item of clothing the button is to go on']",Get the item of clothing the button is to go on,1,0, A
3,30.76923076923077,"['Drive to fabric store', 'Take out right colored thread.', 'Get the item of clothing the button is to go on']","['Put button on shirt.', 'Cut off excess thread']",Put button on shirt.,0,0, A
4,42.30769230769231,"['Drive to fabric store', 'Take out right colored thread.', 'Get the item of clothing the button is to go on', 'Put button on shirt.']","['Choose thread to sew button on with.', 'Cut about 16 inches worth of thread.']",Cut about 16 inches worth of thread.,1,0, A
5,46.15384615384615,"['Drive to fabric store', 'Take out right colored thread.', 'Get the item of clothing the button is to go on', 'Put button on shirt.', 'Cut about 16 inches worth of thread.']","['Thread button onto clothing', 'Check if the button is tight']",Thread button onto clothing,0,0, A
6,76.92307692307693,"['Drive to fabric store', 'Take out right colored thread.', 'Get the item of clothing the button is to go on', 'Put button on shirt.', 'Cut about 16 inches worth of thread.', 'Thread button onto clothing']","['Keep repeating the sewing to reinforce the strength', 'get some thread']",Keep repeating the sewing to reinforce the strength,0,0, A
7,84.61538461538461,"['Drive to fabric store', 'Take out right colored thread.', 'Get the item of clothing the button is to go on', 'Put button on shirt.', 'Cut about 16 inches worth of thread.', 'Thread button onto clothing', 'Keep repeating the sewing to reinforce the strength']","['knot thread', 'Cut away any extra string']",Cut away any extra string,1,0, A
0,0.0,[],"['Drive to fabric store', 'Put thread in needle']",Drive to fabric store,0,0, A
1,19.230769230769237,['Drive to fabric store'],"['Bring the needle up through another hole on button.', 'get thread']",get thread,1,0, A
2,30.76923076923077,"['Drive to fabric store', 'get thread']","['Tie off your thread.', 'line new button up with corresponding button hole']",line new button up with corresponding button hole,1,0, A
3,50.0,"['Drive to fabric store', 'get thread', 'line new button up with corresponding button hole']","['Pick a needle', 'Put needle and thread through shirt']",Put needle and thread through shirt,1,0, A
4,76.92307692307693,"['Drive to fabric store', 'get thread', 'line new button up with corresponding button hole', 'Put needle and thread through shirt']","['repeat 5-8 several times until button is secure', 'Thread needle']",repeat 5-8 several times until button is secure,0,0, A
5,84.61538461538461,"['Drive to fabric store', 'get thread', 'line new button up with corresponding button hole', 'Put needle and thread through shirt', 'repeat 5-8 several times until button is secure']","['Cut off excess thread', 'Thread needle.']",Cut off excess thread,0,0, A
0,0.0,[],"['Get sewing kit', 'Pull thread through and secure button']",Get sewing kit,0,0, A
1,19.230769230769237,['Get sewing kit'],"['Take thread from sewing kit', 'Cut off remaining thread']",Take thread from sewing kit,0,0, A
2,23.07692307692308,"['Get sewing kit', 'Take thread from sewing kit']","['Tie of thread on inside', 'Get the button.']",Get the button.,1,0, A
3,38.46153846153847,"['Get sewing kit', 'Take thread from sewing kit', 'Get the button.']","['locate needle and thread', 'tie a knot in thread']",tie a knot in thread,1,0, A
4,61.53846153846154,"['Get sewing kit', 'Take thread from sewing kit', 'Get the button.', 'tie a knot in thread']","['Cut loose ends.', 'Start sewing going into the back of the garment.']",Start sewing going into the back of the garment.,1,0, A
5,76.92307692307693,"['Get sewing kit', 'Take thread from sewing kit', 'Get the button.', 'tie a knot in thread', 'Start sewing going into the back of the garment.']","['Find a piece of clothing.', 'Keep repeating the sewing to reinforce the strength']",Keep repeating the sewing to reinforce the strength,1,0, A
0,0.0,[],"['Hold button in place on clothing.', 'Take out sewing kit']",Take out sewing kit,1,0, A
1,19.230769230769237,['Take out sewing kit'],"['Pull out a length of thread.', 'When done knot end.']",Pull out a length of thread.,0,0, A
2,23.07692307692308,"['Take out sewing kit', 'Pull out a length of thread.']","['Find a button to sew.', 'put needle and thread away']",Find a button to sew.,0,0, A
3,50.0,"['Take out sewing kit', 'Pull out a length of thread.', 'Find a button to sew.']","['Put the thread through the button and start threading', 'Cut loose ends']",Put the thread through the button and start threading,0,0, A
4,61.53846153846154,"['Take out sewing kit', 'Pull out a length of thread.', 'Find a button to sew.', 'Put the thread through the button and start threading']","['Starting from the bottom, poke needle through hole in button', 'Check if the button is tight']","Starting from the bottom, poke needle through hole in button",0,0, A
5,76.92307692307693,"['Take out sewing kit', 'Pull out a length of thread.', 'Find a button to sew.', 'Put the thread through the button and start threading', 'Starting from the bottom, poke needle through hole in button']","['Find button to be sewn', 'Continue until button is secure']",Continue until button is secure,1,0, A
0,0.0,[],"['get thread, needle, button to be sewn', 'tie a knot at the end of the string']","get thread, needle, button to be sewn",0,0, A
1,26.923076923076923,"['get thread, needle, button to be sewn']","['Get a piece of clothing.', 'pull thread forward']",Get a piece of clothing.,0,0, A
2,34.61538461538461,"['get thread, needle, button to be sewn', 'Get a piece of clothing.']","['Thread needle', 'Make a knot']",Thread needle,0,0, A
3,50.0,"['get thread, needle, button to be sewn', 'Get a piece of clothing.', 'Thread needle']","['Insert the needle from the bottom where the button is to be sewn', 'Get needle.']",Insert the needle from the bottom where the button is to be sewn,0,0, A
4,80.76923076923077,"['get thread, needle, button to be sewn', 'Get a piece of clothing.', 'Thread needle', 'Insert the needle from the bottom where the button is to be sewn']","['Get button, thread, needle and scissors', 'knot thread']",knot thread,1,0, A
5,84.61538461538461,"['get thread, needle, button to be sewn', 'Get a piece of clothing.', 'Thread needle', 'Insert the needle from the bottom where the button is to be sewn', 'knot thread']","['Cut the excess thread', 'Hold shirt with non-dominant hand']",Cut the excess thread,0,0, A
6,88.46153846153845,"['get thread, needle, button to be sewn', 'Get a piece of clothing.', 'Thread needle', 'Insert the needle from the bottom where the button is to be sewn', 'knot thread', 'Cut the excess thread']","['put needle and thread away', 'Push needle through hole']",put needle and thread away,0,0, A
0,0.0,[],"['Repeat until button is tight', 'Drive to fabric store']",Drive to fabric store,1,0, A
1,19.230769230769237,['Drive to fabric store'],"['Tie off thread', 'Find similar color thread to use.']",Find similar color thread to use.,1,0, A
2,34.61538461538461,"['Drive to fabric store', 'Find similar color thread to use.']","['Repeat until sewed on.', 'Thread a needle with thread that matches shirt that needs a new button.']",Thread a needle with thread that matches shirt that needs a new button.,1,0, A
3,61.53846153846154,"['Drive to fabric store', 'Find similar color thread to use.', 'Thread a needle with thread that matches shirt that needs a new button.']","['Get supplies - shirt, new button, thread, needle', 'Pull the needle until thread is completely on the other side of shirt']",Pull the needle until thread is completely on the other side of shirt,1,0, A
4,80.76923076923077,"['Drive to fabric store', 'Find similar color thread to use.', 'Thread a needle with thread that matches shirt that needs a new button.', 'Pull the needle until thread is completely on the other side of shirt']","['Find an extra button', 'tug to make sure it is secure']",tug to make sure it is secure,1,0, A
0,0.0,[],"['Get button, thread, needle and scissors', 'Insert thread in needle']","Get button, thread, needle and scissors",0,0, A
1,7.6923076923076925,"['Get button, thread, needle and scissors']","['grab a needle and string', 'Push needle down through other button on hole']",grab a needle and string,0,0, A
2,26.923076923076923,"['Get button, thread, needle and scissors', 'grab a needle and string']","['Hold shirt with non-dominant hand', 'Find sewing kit']",Hold shirt with non-dominant hand,0,0, A
3,34.61538461538461,"['Get button, thread, needle and scissors', 'grab a needle and string', 'Hold shirt with non-dominant hand']","['Cut away any extra string', 'Put thread in needle']",Put thread in needle,1,0, A
4,61.53846153846154,"['Get button, thread, needle and scissors', 'grab a needle and string', 'Hold shirt with non-dominant hand', 'Put thread in needle']","['take needle bring up through the back of the item', 'put sewing kit away']",take needle bring up through the back of the item,0,0, A
5,80.76923076923077,"['Get button, thread, needle and scissors', 'grab a needle and string', 'Hold shirt with non-dominant hand', 'Put thread in needle', 'take needle bring up through the back of the item']","['Determine proper placement for button', 'Tie the thread so the button will not come loose']",Tie the thread so the button will not come loose,1,0, A
6,88.46153846153845,"['Get button, thread, needle and scissors', 'grab a needle and string', 'Hold shirt with non-dominant hand', 'Put thread in needle', 'take needle bring up through the back of the item', 'Tie the thread so the button will not come loose']","['get some thread', 'put needle and thread away']",put needle and thread away,1,0, A
7,92.3076923076923,"['Get button, thread, needle and scissors', 'grab a needle and string', 'Hold shirt with non-dominant hand', 'Put thread in needle', 'take needle bring up through the back of the item', 'Tie the thread so the button will not come loose', 'put needle and thread away']","['Check the button', ""Pull a thread of a matching color through the needle's eye""]",Check the button,0,0, A
0,0.0,[],"['Drive to fabric store', 'Wrap the thread']",Drive to fabric store,0,0, A
1,19.230769230769237,['Drive to fabric store'],"['Repeat the inserting as above for about 10 times', 'Choose thread to sew button on with.']",Choose thread to sew button on with.,1,0, A
2,26.923076923076923,"['Drive to fabric store', 'Choose thread to sew button on with.']","['Take shirt', 'Put everything away.']",Take shirt,0,0, A
3,50.0,"['Drive to fabric store', 'Choose thread to sew button on with.', 'Take shirt']","['Cut off excess thread', 'push the needle through the fabric']",push the needle through the fabric,1,0, A
4,65.38461538461539,"['Drive to fabric store', 'Choose thread to sew button on with.', 'Take shirt', 'push the needle through the fabric']","['Put supplies away', 'Pull needle and thread']",Pull needle and thread,1,0, A
5,76.92307692307693,"['Drive to fabric store', 'Choose thread to sew button on with.', 'Take shirt', 'push the needle through the fabric', 'Pull needle and thread']","['Repeat this until the button is secure', 'threading a needle with thread']",Repeat this until the button is secure,0,0, A
6,84.61538461538461,"['Drive to fabric store', 'Choose thread to sew button on with.', 'Take shirt', 'push the needle through the fabric', 'Pull needle and thread', 'Repeat this until the button is secure']","['Stick the needle through', 'Ending again in the back of the garment cut off the thread.']",Ending again in the back of the garment cut off the thread.,1,0, A
0,0.0,[],"['Cut off any excess thread.', 'Drive to fabric store']",Drive to fabric store,1,0, A
1,19.230769230769237,['Drive to fabric store'],"['Get thread.', 'Pull thread through']",Get thread.,0,0, A
2,34.61538461538461,"['Drive to fabric store', 'Get thread.']","['Tie knot.', 'Put an end of the thread through the eye of the needle']",Put an end of the thread through the eye of the needle,1,0, A
3,53.84615384615385,"['Drive to fabric store', 'Get thread.', 'Put an end of the thread through the eye of the needle']","['Pull thread through opposite button hole', 'Select needle']",Pull thread through opposite button hole,0,0, A
4,61.53846153846154,"['Drive to fabric store', 'Get thread.', 'Put an end of the thread through the eye of the needle', 'Pull thread through opposite button hole']","['Remove thread and needle from kit', 'Start sewing going into the back of the garment.']",Start sewing going into the back of the garment.,1,0, A
5,80.76923076923077,"['Drive to fabric store', 'Get thread.', 'Put an end of the thread through the eye of the needle', 'Pull thread through opposite button hole', 'Start sewing going into the back of the garment.']","['Take the cloth to be sewed', 'Tie off the thread']",Tie off the thread,1,0, A
6,84.61538461538461,"['Drive to fabric store', 'Get thread.', 'Put an end of the thread through the eye of the needle', 'Pull thread through opposite button hole', 'Start sewing going into the back of the garment.', 'Tie off the thread']","['Thread the needle', 'Cut the thread near the needle to finish']",Cut the thread near the needle to finish,1,0, A
0,0.0,[],"['Drive to fabric store', 'Sew through the diagonal hole of the button and the garment.']",Drive to fabric store,0,0, A
1,19.230769230769237,['Drive to fabric store'],"['Get some thread.', 'insert needle through cloth']",Get some thread.,0,0, A
2,26.923076923076923,"['Drive to fabric store', 'Get some thread.']","['Repeat 5 times with other two button holes', 'Get item that needs a button']",Get item that needs a button,1,0, A
3,50.0,"['Drive to fabric store', 'Get some thread.', 'Get item that needs a button']","['Get needle', 'push needle through button and shirt']",push needle through button and shirt,1,0, A
4,61.53846153846154,"['Drive to fabric store', 'Get some thread.', 'Get item that needs a button', 'push needle through button and shirt']","['Pull the needle until thread is completely on the other side of shirt', 'Get needle']",Pull the needle until thread is completely on the other side of shirt,0,0, A
5,80.76923076923077,"['Drive to fabric store', 'Get some thread.', 'Get item that needs a button', 'push needle through button and shirt', 'Pull the needle until thread is completely on the other side of shirt']","['Choose button that I like', 'Tie off the thread on the underside of the garment']",Tie off the thread on the underside of the garment,1,0, A
0,0.0,[],"['Get supplies - shirt, new button, thread, needle', 'Run needle and thread through button hole and fabric hole']","Get supplies - shirt, new button, thread, needle",0,0, A
1,26.923076923076923,"['Get supplies - shirt, new button, thread, needle']","['When button is securely in place tie knot in thread at back of garment', 'Prepare garment for sewing']",Prepare garment for sewing,1,0, A
2,30.76923076923077,"['Get supplies - shirt, new button, thread, needle', 'Prepare garment for sewing']","['Hold button in place on clothing.', 'tie a knot at the end of the string']",Hold button in place on clothing.,0,0, A
3,42.30769230769231,"['Get supplies - shirt, new button, thread, needle', 'Prepare garment for sewing', 'Hold button in place on clothing.']","['Cut about 16 inches worth of thread.', 'Get sewing basket']",Cut about 16 inches worth of thread.,0,0, A
4,61.53846153846154,"['Get supplies - shirt, new button, thread, needle', 'Prepare garment for sewing', 'Hold button in place on clothing.', 'Cut about 16 inches worth of thread.']","['Push needle through hole', 'break the thread']",Push needle through hole,0,0, A
5,80.76923076923077,"['Get supplies - shirt, new button, thread, needle', 'Prepare garment for sewing', 'Hold button in place on clothing.', 'Cut about 16 inches worth of thread.', 'Push needle through hole']","['knot thread', 'Take needle from sewing kit']",knot thread,0,0, A
6,88.46153846153845,"['Get supplies - shirt, new button, thread, needle', 'Prepare garment for sewing', 'Hold button in place on clothing.', 'Cut about 16 inches worth of thread.', 'Push needle through hole', 'knot thread']","['Find a button that matches the others on your garment', 'put sewing kit away']",put sewing kit away,1,0, A
0,0.0,[],"['Thread a needle', 'Drive to fabric store']",Drive to fabric store,1,0, A
1,19.230769230769237,['Drive to fabric store'],"['cut thread so that need will detach', 'Find similar color thread to use.']",Find similar color thread to use.,1,0, A
2,30.76923076923077,"['Drive to fabric store', 'Find similar color thread to use.']","['Make a knot on last pass', 'Position button on shirt']",Position button on shirt,1,0, A
3,61.53846153846154,"['Drive to fabric store', 'Find similar color thread to use.', 'Position button on shirt']","['grab a needle and string', 'push the needle through the button']",push the needle through the button,1,0, A
4,65.38461538461539,"['Drive to fabric store', 'Find similar color thread to use.', 'Position button on shirt', 'push the needle through the button']","['Sew button through second hole', 'thread a needle']",Sew button through second hole,0,0, A
5,69.23076923076923,"['Drive to fabric store', 'Find similar color thread to use.', 'Position button on shirt', 'push the needle through the button', 'Sew button through second hole']","['Place the button in the right spot', 'Poke needle through opposite hole']",Poke needle through opposite hole,1,0, A
6,73.07692307692307,"['Drive to fabric store', 'Find similar color thread to use.', 'Position button on shirt', 'push the needle through the button', 'Sew button through second hole', 'Poke needle through opposite hole']","['find the button', 'Pull needle and thread']",Pull needle and thread,1,0, A
0,0.0,[],"['Pull til it stops at the knot, push through fabric and another button hole', 'Get out needle, thread, button, and clothing item.']","Get out needle, thread, button, and clothing item.",1,0, A
1,15.384615384615383,"['Get out needle, thread, button, and clothing item.']","['Choose thread color', 'Use needle and thread to sew button']",Choose thread color,0,0, A
2,19.230769230769237,"['Get out needle, thread, button, and clothing item.', 'Choose thread color']","['Get thread', 'Cross over to perpendicular hole, push needle back through']",Get thread,0,0, A
3,34.61538461538461,"['Get out needle, thread, button, and clothing item.', 'Choose thread color', 'Get thread']","['Repeat this until the button is secure', 'Position needle with thread']",Position needle with thread,1,0, A
4,88.46153846153845,"['Get out needle, thread, button, and clothing item.', 'Choose thread color', 'Get thread', 'Position needle with thread']","['Put away thread and needle', 'Find an extra button']",Put away thread and needle,0,0, A
5,92.3076923076923,"['Get out needle, thread, button, and clothing item.', 'Choose thread color', 'Get thread', 'Position needle with thread', 'Put away thread and needle']","['Place item on flat surface', 'Check new button']",Check new button,1,0, A
0,0.0,[],"['Push the needle through one button hole and back out another hole', 'Drive to fabric store']",Drive to fabric store,1,0, A
1,19.230769230769237,['Drive to fabric store'],"[""Make sure it's secure"", 'Find a thread']",Find a thread,1,0, A
2,30.76923076923077,"['Drive to fabric store', 'Find a thread']","['Check if the button is tight', 'attach button to shirt']",attach button to shirt,1,0, A
3,50.0,"['Drive to fabric store', 'Find a thread', 'attach button to shirt']","['push needle to back of the item', 'Push needle through the button hole into the fabric']",Push needle through the button hole into the fabric,1,0, A
4,61.53846153846154,"['Drive to fabric store', 'Find a thread', 'attach button to shirt', 'Push needle through the button hole into the fabric']","['Push needle through hole', 'Cut away any extra string']",Push needle through hole,0,0, A
5,76.92307692307693,"['Drive to fabric store', 'Find a thread', 'attach button to shirt', 'Push needle through the button hole into the fabric', 'Push needle through hole']","['Repeat several times until button is secure', 'Find button that matches others.']",Repeat several times until button is secure,0,0, A
6,84.61538461538461,"['Drive to fabric store', 'Find a thread', 'attach button to shirt', 'Push needle through the button hole into the fabric', 'Push needle through hole', 'Repeat several times until button is secure']","['break the thread', 'Pass the needle through one of the button holes']",break the thread,0,0, A
0,0.0,[],"['Get out sewing kit', 'take the cloth to be sewed']",Get out sewing kit,0,0, A
1,19.230769230769237,['Get out sewing kit'],"['Get thread', 'Pull through other end']",Get thread,0,0, A
2,26.923076923076923,"['Get out sewing kit', 'Get thread']","['Cut.', 'Take the cloth to be sewed']",Take the cloth to be sewed,1,0, A
3,30.76923076923077,"['Get out sewing kit', 'Get thread', 'Take the cloth to be sewed']","['Place button where it is to be sewed', 'Pass the needle through the second button hole']",Place button where it is to be sewed,0,0, A
4,50.0,"['Get out sewing kit', 'Get thread', 'Take the cloth to be sewed', 'Place button where it is to be sewed']","['get some thread', 'Put thread through needle.']",Put thread through needle.,1,0, A
5,80.76923076923077,"['Get out sewing kit', 'Get thread', 'Take the cloth to be sewed', 'Place button where it is to be sewed', 'Put thread through needle.']","['Tie another knot at the end of the thread.', 'Cut excess thread']",Tie another knot at the end of the thread.,0,0, A
6,84.61538461538461,"['Get out sewing kit', 'Get thread', 'Take the cloth to be sewed', 'Place button where it is to be sewed', 'Put thread through needle.', 'Tie another knot at the end of the thread.']","['Ending again in the back of the garment cut off the thread.', 'Get thread']",Ending again in the back of the garment cut off the thread.,0,0, A
0,0.0,[],"['Get supplies - shirt, new button, thread, needle', 'Tie off thread']","Get supplies - shirt, new button, thread, needle",0,0, A
1,26.923076923076923,"['Get supplies - shirt, new button, thread, needle']","['Bring the needle up through another hole on button.', 'grab object the button is being sewed']",grab object the button is being sewed,1,0, A
2,34.61538461538461,"['Get supplies - shirt, new button, thread, needle', 'grab object the button is being sewed']","['THREAD THE THREAD ONTO THE NEEDLE', 'Continue sewing.']",THREAD THE THREAD ONTO THE NEEDLE,0,0, A
3,46.15384615384615,"['Get supplies - shirt, new button, thread, needle', 'grab object the button is being sewed', 'THREAD THE THREAD ONTO THE NEEDLE']","['Get supplies - shirt, new button, thread, needle', 'Pass thread through button holes.']",Pass thread through button holes.,1,0, A
4,84.61538461538461,"['Get supplies - shirt, new button, thread, needle', 'grab object the button is being sewed', 'THREAD THE THREAD ONTO THE NEEDLE', 'Pass thread through button holes.']","['Cut thread from spindle', 'Take a matching button']",Cut thread from spindle,0,0, A
0,0.0,[],"['Drive to fabric store', 'sew button into fabric making sure stitches are secure']",Drive to fabric store,0,0, A
1,19.230769230769237,['Drive to fabric store'],"['repeat steps 4-5 until button is secured to shirt', 'Take out right colored thread.']",Take out right colored thread.,1,0, A
2,23.07692307692308,"['Drive to fabric store', 'Take out right colored thread.']","['Take button.', 'Sew button into place']",Take button.,0,0, A
3,30.76923076923077,"['Drive to fabric store', 'Take out right colored thread.', 'Take button.']","['place botton where you want it', 'tie off the thread']",place botton where you want it,0,0, A
4,42.30769230769231,"['Drive to fabric store', 'Take out right colored thread.', 'Take button.', 'place botton where you want it']","['Repeat the inserting as above for about 10 times', 'Cut about 16 inches worth of thread.']",Cut about 16 inches worth of thread.,1,0, A
5,46.15384615384615,"['Drive to fabric store', 'Take out right colored thread.', 'Take button.', 'place botton where you want it', 'Cut about 16 inches worth of thread.']","['Insert needle through button and into fabric where the button belongs.', 'Find thread']",Insert needle through button and into fabric where the button belongs.,0,0, A
6,88.46153846153845,"['Drive to fabric store', 'Take out right colored thread.', 'Take button.', 'place botton where you want it', 'Cut about 16 inches worth of thread.', 'Insert needle through button and into fabric where the button belongs.']","['Get needle', 'Clean up.']",Clean up.,1,0, A
7,92.3076923076923,"['Drive to fabric store', 'Take out right colored thread.', 'Take button.', 'place botton where you want it', 'Cut about 16 inches worth of thread.', 'Insert needle through button and into fabric where the button belongs.', 'Clean up.']","['Starting from the bottom, poke needle through hole in button', 'Check new button']",Check new button,1,0, A
0,0.0,[],"['Get scissors, needle, button and thread', 'Use needle to go through button holes']","Get scissors, needle, button and thread",0,0, A
1,15.384615384615383,"['Get scissors, needle, button and thread']","['Choose thread color', 'make sure button is secure']",Choose thread color,0,0, A
2,19.230769230769237,"['Get scissors, needle, button and thread', 'Choose thread color']","['Put needle into one button hole through shirt.', 'Choose thread to sew button on with.']",Choose thread to sew button on with.,1,0, A
3,34.61538461538461,"['Get scissors, needle, button and thread', 'Choose thread color', 'Choose thread to sew button on with.']","['Cut.', 'Put thread in needle']",Put thread in needle,1,0, A
4,61.53846153846154,"['Get scissors, needle, button and thread', 'Choose thread color', 'Choose thread to sew button on with.', 'Put thread in needle']","['Push needle through hole', 'Get thread.']",Push needle through hole,0,0, A
5,80.76923076923077,"['Get scissors, needle, button and thread', 'Choose thread color', 'Choose thread to sew button on with.', 'Put thread in needle', 'Push needle through hole']","[""TIE A KNOT IN THE END OF THE THREAD SO THE BUTTON DOESN'T COME OFF"", 'grab a needle and string']",TIE A KNOT IN THE END OF THE THREAD SO THE BUTTON DOESN'T COME OFF,0,0, A
6,88.46153846153845,"['Get scissors, needle, button and thread', 'Choose thread color', 'Choose thread to sew button on with.', 'Put thread in needle', 'Push needle through hole', ""TIE A KNOT IN THE END OF THE THREAD SO THE BUTTON DOESN'T COME OFF""]","['Cut a length of thread more than double what you will need', 'put the supplies away']",put the supplies away,1,0, A
0,0.0,[],"['Knot the ends of the thread together.', 'get thread, needle, button to be sewn']","get thread, needle, button to be sewn",1,0, A
1,15.384615384615383,"['get thread, needle, button to be sewn']","['Sew on button', 'Find matching thread']",Find matching thread,1,0, A
2,34.61538461538461,"['get thread, needle, button to be sewn', 'Find matching thread']","['push needle to back of the item', 'Put thread through a needle.']",Put thread through a needle.,1,0, A
3,88.46153846153845,"['get thread, needle, button to be sewn', 'Find matching thread', 'Put thread through a needle.']","['Clean up.', 'Take a matching button']",Clean up.,0,0, A
4,92.3076923076923,"['get thread, needle, button to be sewn', 'Find matching thread', 'Put thread through a needle.', 'Clean up.']","['Check new button', 'Purchase buttons']",Check new button,0,0, A
0,0.0,[],"['Drive to fabric store', 'gather garment for buttoning']",Drive to fabric store,0,0, A
1,19.230769230769237,['Drive to fabric store'],"['Take thread from sewing kit', 'Put away needle and thread']",Take thread from sewing kit,0,0, A
2,30.76923076923077,"['Drive to fabric store', 'Take thread from sewing kit']","['Pull til it stops at the knot, push through fabric and another button hole', 'Place the button on the cloth']",Place the button on the cloth,1,0, A
3,34.61538461538461,"['Drive to fabric store', 'Take thread from sewing kit', 'Place the button on the cloth']","['thread needle', 'Move needle down to hole opposite first hole']",thread needle,0,0, A
4,50.0,"['Drive to fabric store', 'Take thread from sewing kit', 'Place the button on the cloth', 'thread needle']","['Put needle and thread through shirt', 'Cut off remaining thread']",Put needle and thread through shirt,0,0, A
5,61.53846153846154,"['Drive to fabric store', 'Take thread from sewing kit', 'Place the button on the cloth', 'thread needle', 'Put needle and thread through shirt']","['Push needle through hole', 'Find some thread and needle']",Push needle through hole,0,0, A
6,76.92307692307693,"['Drive to fabric store', 'Take thread from sewing kit', 'Place the button on the cloth', 'thread needle', 'Put needle and thread through shirt', 'Push needle through hole']","['gather garment for buttoning', 'Repeat']",Repeat,1,0, A
0,0.0,[],"['Repeat steps 4 through 6 about 30 times', 'Get scissors, needle, button and thread']","Get scissors, needle, button and thread",1,0, A
1,30.76923076923077,"['Get scissors, needle, button and thread']","['Put button in the right area', 'pull needle through to knot']",Put button in the right area,0,0, A
2,46.15384615384615,"['Get scissors, needle, button and thread', 'Put button in the right area']","['Stick needle through hole and secure with thread', 'grab a needle']",Stick needle through hole and secure with thread,0,0, A
0,0.0,[],"['Get sewing kit', 'Lay down garment']",Get sewing kit,0,0, A
1,19.230769230769237,['Get sewing kit'],"['Get out thread', 'push the needle through the fabric']",Get out thread,0,0, A
2,26.923076923076923,"['Get sewing kit', 'Get out thread']","['Sew button through second hole', 'Find a piece of clothing.']",Find a piece of clothing.,1,0, A
3,34.61538461538461,"['Get sewing kit', 'Get out thread', 'Find a piece of clothing.']","['MAKE SURE BUTTON IS SECURE', 'thread a needle']",thread a needle,1,0, A
4,38.46153846153847,"['Get sewing kit', 'Get out thread', 'Find a piece of clothing.', 'thread a needle']","['tie knot at end of thread', 'Get a needle']",tie knot at end of thread,0,0, A
5,42.30769230769231,"['Get sewing kit', 'Get out thread', 'Find a piece of clothing.', 'thread a needle', 'tie knot at end of thread']","['Cut thread string to how much is needed', 'Push needle through other hole of button and through clothes']",Cut thread string to how much is needed,0,0, A
6,61.53846153846154,"['Get sewing kit', 'Get out thread', 'Find a piece of clothing.', 'thread a needle', 'tie knot at end of thread', 'Cut thread string to how much is needed']","['Holding button at appropriate location, press needle through first hole on button.', 'Put needle away']","Holding button at appropriate location, press needle through first hole on button.",0,0, A
7,80.76923076923077,"['Get sewing kit', 'Get out thread', 'Find a piece of clothing.', 'thread a needle', 'tie knot at end of thread', 'Cut thread string to how much is needed', 'Holding button at appropriate location, press needle through first hole on button.']","['Thread the needle', 'Tie off finishing knot']",Tie off finishing knot,1,0, A
8,88.46153846153845,"['Get sewing kit', 'Get out thread', 'Find a piece of clothing.', 'thread a needle', 'tie knot at end of thread', 'Cut thread string to how much is needed', 'Holding button at appropriate location, press needle through first hole on button.', 'Tie off finishing knot']","['attach button to shirt', 'Take out the needle']",Take out the needle,1,0, A
0,0.0,[],"['Bring the needle up through another hole on button.', 'Get out sewing kit.']",Get out sewing kit.,1,0, A
1,23.07692307692308,['Get out sewing kit.'],"['Sew on button', 'Find button that matches others.']",Find button that matches others.,1,0, A
2,26.923076923076923,"['Get out sewing kit.', 'Find button that matches others.']","['Find a piece of clothing.', 'Get sewing basket']",Find a piece of clothing.,0,0, A
3,46.15384615384615,"['Get out sewing kit.', 'Find button that matches others.', 'Find a piece of clothing.']","['Select a button', 'Proceed to insert needle into button holes and through clothing/ item until securely sewn']",Proceed to insert needle into button holes and through clothing/ item until securely sewn,1,0, A
4,88.46153846153845,"['Get out sewing kit.', 'Find button that matches others.', 'Find a piece of clothing.', 'Proceed to insert needle into button holes and through clothing/ item until securely sewn']","['put needle and thread away', 'Hold button in place on clothing.']",put needle and thread away,0,0, A
5,92.3076923076923,"['Get out sewing kit.', 'Find button that matches others.', 'Find a piece of clothing.', 'Proceed to insert needle into button holes and through clothing/ item until securely sewn', 'put needle and thread away']","['Find a button', 'Check new button']",Check new button,1,0, A
0,0.0,[],"['Drive to fabric store', 'Cut thread string to how much is needed']",Drive to fabric store,0,0, A
1,19.230769230769237,['Drive to fabric store'],"['Find thread', 'Return the needle through the fabric and through a different button hole']",Find thread,0,0, A
2,30.76923076923077,"['Drive to fabric store', 'Find thread']","['Get back the needle through the fourth button hole', 'Line the button up in the place where the old one would have been']",Line the button up in the place where the old one would have been,1,0, A
3,50.0,"['Drive to fabric store', 'Find thread', 'Line the button up in the place where the old one would have been']","['Cut off any excess thread.', 'Push the needle through the fabric']",Push the needle through the fabric,1,0, A
4,80.76923076923077,"['Drive to fabric store', 'Find thread', 'Line the button up in the place where the old one would have been', 'Push the needle through the fabric']","['Get out sewing kit.', 'knot thread']",knot thread,1,0, A
0,0.0,[],"['Drive to fabric store', 'measure and cut length of thread']",Drive to fabric store,0,0, A
1,19.230769230769237,['Drive to fabric store'],"['tie off the thread', 'Get thread']",Get thread,1,0, A
2,26.923076923076923,"['Drive to fabric store', 'Get thread']","['Get out sewing kit.', 'take the cloth to be sewed']",take the cloth to be sewed,1,0, A
3,34.61538461538461,"['Drive to fabric store', 'Get thread', 'take the cloth to be sewed']","['Thread needle.', 'Sew button through third hole']",Thread needle.,0,0, A
4,46.15384615384615,"['Drive to fabric store', 'Get thread', 'take the cloth to be sewed', 'Thread needle.']","['Push the needle through one button hole and back out another hole', 'Pull needle and thread']",Push the needle through one button hole and back out another hole,0,0, A
5,50.0,"['Drive to fabric store', 'Get thread', 'take the cloth to be sewed', 'Thread needle.', 'Push the needle through one button hole and back out another hole']","['Push the needle through the fabric', 'Put away thread and needle']",Push the needle through the fabric,0,0, A
6,61.53846153846154,"['Drive to fabric store', 'Get thread', 'take the cloth to be sewed', 'Thread needle.', 'Push the needle through one button hole and back out another hole', 'Push the needle through the fabric']","['Thread one hole with the needle', 'Pick a needle']",Thread one hole with the needle,0,0, A
7,76.92307692307693,"['Drive to fabric store', 'Get thread', 'take the cloth to be sewed', 'Thread needle.', 'Push the needle through one button hole and back out another hole', 'Push the needle through the fabric', 'Thread one hole with the needle']","['Do this through all holes of button', 'Get some thread.']",Do this through all holes of button,0,0, A
8,84.61538461538461,"['Drive to fabric store', 'Get thread', 'take the cloth to be sewed', 'Thread needle.', 'Push the needle through one button hole and back out another hole', 'Push the needle through the fabric', 'Thread one hole with the needle', 'Do this through all holes of button']","['Cut the excess thread', 'thread needle']",Cut the excess thread,0,0, A
9,88.46153846153845,"['Drive to fabric store', 'Get thread', 'take the cloth to be sewed', 'Thread needle.', 'Push the needle through one button hole and back out another hole', 'Push the needle through the fabric', 'Thread one hole with the needle', 'Do this through all holes of button', 'Cut the excess thread']","['Place the button on the cloth', 'put items away when done']",put items away when done,1,0, A
10,92.3076923076923,"['Drive to fabric store', 'Get thread', 'take the cloth to be sewed', 'Thread needle.', 'Push the needle through one button hole and back out another hole', 'Push the needle through the fabric', 'Thread one hole with the needle', 'Do this through all holes of button', 'Cut the excess thread', 'put items away when done']","['Check if the button is tight', 'Push needle through hole']",Check if the button is tight,0,0, A
0,0.0,[],"['Tie the end of the string', 'Gather supplies']",Gather supplies,1,0, A
1,26.923076923076923,['Gather supplies'],"['Place item on flat surface', 'Tie end in a knot']",Place item on flat surface,0,0, A
2,34.61538461538461,"['Gather supplies', 'Place item on flat surface']","['Insert needle through first side of button (step 3)', 'Thread the needle']",Thread the needle,1,0, A
3,50.0,"['Gather supplies', 'Place item on flat surface', 'Thread the needle']","['Insert the needle from the bottom where the button is to be sewn', 'Put needle and thread back in drawer']",Insert the needle from the bottom where the button is to be sewn,0,0, A
4,80.76923076923077,"['Gather supplies', 'Place item on flat surface', 'Thread the needle', 'Insert the needle from the bottom where the button is to be sewn']","['Take out needle.', 'Wrap the thread']",Wrap the thread,1,0, A
5,88.46153846153845,"['Gather supplies', 'Place item on flat surface', 'Thread the needle', 'Insert the needle from the bottom where the button is to be sewn', 'Wrap the thread']","['put back all the materials', 'Gather supplies']",put back all the materials,0,0, A
0,0.0,[],"['Take out sewing kit.', 'Sew button onto fabric through the first hole']",Take out sewing kit.,0,0, A
1,19.230769230769237,['Take out sewing kit.'],"['Get the proper colored thread', 'Hold button in place']",Get the proper colored thread,0,0, A
2,30.76923076923077,"['Take out sewing kit.', 'Get the proper colored thread']","['Loop thread to create knot in thread.', 'Place button on shirt']",Place button on shirt,1,0, A
3,34.61538461538461,"['Take out sewing kit.', 'Get the proper colored thread', 'Place button on shirt']","['Position needle with thread', 'Cut off any excess thread.']",Position needle with thread,0,0, A
4,50.0,"['Take out sewing kit.', 'Get the proper colored thread', 'Place button on shirt', 'Position needle with thread']","['Push the needle through the fabric', 'Get needle']",Push the needle through the fabric,0,0, A
5,65.38461538461539,"['Take out sewing kit.', 'Get the proper colored thread', 'Place button on shirt', 'Position needle with thread', 'Push the needle through the fabric']","['Slide button onto needle and thread.', 'Thread needle']",Slide button onto needle and thread.,0,0, A
6,76.92307692307693,"['Take out sewing kit.', 'Get the proper colored thread', 'Place button on shirt', 'Position needle with thread', 'Push the needle through the fabric', 'Slide button onto needle and thread.']","['getting out thread', 'Do this through all holes of button']",Do this through all holes of button,1,0, A
7,84.61538461538461,"['Take out sewing kit.', 'Get the proper colored thread', 'Place button on shirt', 'Position needle with thread', 'Push the needle through the fabric', 'Slide button onto needle and thread.', 'Do this through all holes of button']","['thread needle', 'cut thread from button']",cut thread from button,1,0, A
8,88.46153846153845,"['Take out sewing kit.', 'Get the proper colored thread', 'Place button on shirt', 'Position needle with thread', 'Push the needle through the fabric', 'Slide button onto needle and thread.', 'Do this through all holes of button', 'cut thread from button']","['Put away needle and thread', 'gather garment for buttoning']",Put away needle and thread,0,0, A
0,0.0,[],"['Sew the button', 'Gather supplies']",Gather supplies,1,0, A
1,26.923076923076923,['Gather supplies'],"['Get the garment', 'Tie off thread']",Get the garment,0,0, A
2,50.0,"['Gather supplies', 'Get the garment']","['Get a needle and thread.', 'Stick the needle through']",Stick the needle through,1,0, A
3,76.92307692307693,"['Gather supplies', 'Get the garment', 'Stick the needle through']","['Find a button', 'Continue repeating pushing up and pushing thread back down']",Continue repeating pushing up and pushing thread back down,1,0, A
0,0.0,[],"['Gather supplies', 'Poke a hole in the fabric']",Gather supplies,0,0, A
1,26.923076923076923,['Gather supplies'],"['Get clothing', 'Insert needle through one side of button']",Get clothing,0,0, A
2,46.15384615384615,"['Gather supplies', 'Get clothing']","['Stick needle through hole and secure with thread', 'Get the sewing kit.']",Stick needle through hole and secure with thread,0,0, A
0,0.0,[],"['Get sewing kit', 'Break the thread and tie a final knot']",Get sewing kit,0,0, A
1,7.6923076923076925,['Get sewing kit'],"['knot thread', 'Get needle and thread']",Get needle and thread,1,0, A
2,23.07692307692308,"['Get sewing kit', 'Get needle and thread']","['tie a knot in the thread', 'Get a replacement button.']",Get a replacement button.,1,0, A
3,50.0,"['Get sewing kit', 'Get needle and thread', 'Get a replacement button.']","['Remove the old button', 'put the needle into the fabric']",put the needle into the fabric,1,0, A
4,65.38461538461539,"['Get sewing kit', 'Get needle and thread', 'Get a replacement button.', 'put the needle into the fabric']","['Pull needle out other side.', 'Find a button']",Pull needle out other side.,0,0, A
5,69.23076923076923,"['Get sewing kit', 'Get needle and thread', 'Get a replacement button.', 'put the needle into the fabric', 'Pull needle out other side.']","['put needle into adjoining hole', 'Thread needle']",put needle into adjoining hole,0,0, A
6,73.07692307692307,"['Get sewing kit', 'Get needle and thread', 'Get a replacement button.', 'put the needle into the fabric', 'Pull needle out other side.', 'put needle into adjoining hole']","['Find thread that matches', 'Continue sewing in an X pattern until the button is secure.']",Continue sewing in an X pattern until the button is secure.,1,0, A
7,80.76923076923077,"['Get sewing kit', 'Get needle and thread', 'Get a replacement button.', 'put the needle into the fabric', 'Pull needle out other side.', 'put needle into adjoining hole', 'Continue sewing in an X pattern until the button is secure.']","['Find a piece of clothing.', 'Make knot between thread and clothing.']",Make knot between thread and clothing.,1,0, A
8,88.46153846153845,"['Get sewing kit', 'Get needle and thread', 'Get a replacement button.', 'put the needle into the fabric', 'Pull needle out other side.', 'put needle into adjoining hole', 'Continue sewing in an X pattern until the button is secure.', 'Make knot between thread and clothing.']","['Find a button', 'Put needle away']",Put needle away,1,0, A
9,92.3076923076923,"['Get sewing kit', 'Get needle and thread', 'Get a replacement button.', 'put the needle into the fabric', 'Pull needle out other side.', 'put needle into adjoining hole', 'Continue sewing in an X pattern until the button is secure.', 'Make knot between thread and clothing.', 'Put needle away']","['Check if the button is tight', 'Find a suitable button']",Check if the button is tight,0,0, A
0,0.0,[],"['Drive to fabric store', 'Clean up.']",Drive to fabric store,0,0, A
1,19.230769230769237,['Drive to fabric store'],"['put sewing kit away', ""Pull a thread of a matching color through the needle's eye""]",Pull a thread of a matching color through the needle's eye,1,0, A
2,26.923076923076923,"['Drive to fabric store', ""Pull a thread of a matching color through the needle's eye""]","['Tie off knot with thread.', 'Get item that needs button sewing on']",Get item that needs button sewing on,1,0, A
3,46.15384615384615,"['Drive to fabric store', ""Pull a thread of a matching color through the needle's eye"", 'Get item that needs button sewing on']","['Sew button.', 'Get out sewing kit.']",Sew button.,0,0, A
4,61.53846153846154,"['Drive to fabric store', ""Pull a thread of a matching color through the needle's eye"", 'Get item that needs button sewing on', 'Sew button.']","['Get item that needs a button', 'take needle bring up through the back of the item']",take needle bring up through the back of the item,1,0, A
5,65.38461538461539,"['Drive to fabric store', ""Pull a thread of a matching color through the needle's eye"", 'Get item that needs button sewing on', 'Sew button.', 'take needle bring up through the back of the item']","['Pull needle and thread', 'Find a piece of clothing.']",Pull needle and thread,0,0, A
6,76.92307692307693,"['Drive to fabric store', ""Pull a thread of a matching color through the needle's eye"", 'Get item that needs button sewing on', 'Sew button.', 'take needle bring up through the back of the item', 'Pull needle and thread']","['Repeat several times, going through a different hole each time.', 'Place new button where I want it to go']","Repeat several times, going through a different hole each time.",0,0, A
7,84.61538461538461,"['Drive to fabric store', ""Pull a thread of a matching color through the needle's eye"", 'Get item that needs button sewing on', 'Sew button.', 'take needle bring up through the back of the item', 'Pull needle and thread', 'Repeat several times, going through a different hole each time.']","['Cut the thread', 'thread needle']",Cut the thread,0,0, A
0,0.0,[],"['get sewing kit', 'repeat']",get sewing kit,0,0, A
1,23.07692307692308,['get sewing kit'],"['Repeat step 8 until button is sewn on', 'Choose a button.']",Choose a button.,1,0, A
2,26.923076923076923,"['get sewing kit', 'Choose a button.']","['Hold shirt with non-dominant hand', 'put the supplies away']",Hold shirt with non-dominant hand,0,0, A
3,30.76923076923077,"['get sewing kit', 'Choose a button.', 'Hold shirt with non-dominant hand']","['Push needle down through other button on hole', 'place button on cloth where it needs to go']",place button on cloth where it needs to go,1,0, A
4,46.15384615384615,"['get sewing kit', 'Choose a button.', 'Hold shirt with non-dominant hand', 'place button on cloth where it needs to go']","[""Pull a thread of a matching color through the needle's eye"", 'Proceed to insert needle into button holes and through clothing/ item until securely sewn']",Proceed to insert needle into button holes and through clothing/ item until securely sewn,1,0, A
5,50.0,"['get sewing kit', 'Choose a button.', 'Hold shirt with non-dominant hand', 'place button on cloth where it needs to go', 'Proceed to insert needle into button holes and through clothing/ item until securely sewn']","['Put thread through needle.', 'GET SOME NEEDLE AND THREAD']",Put thread through needle.,0,0, A
6,61.53846153846154,"['get sewing kit', 'Choose a button.', 'Hold shirt with non-dominant hand', 'place button on cloth where it needs to go', 'Proceed to insert needle into button holes and through clothing/ item until securely sewn', 'Put thread through needle.']","['Cut off excess thread', 'Start sewing going into the back of the garment.']",Start sewing going into the back of the garment.,1,0, A
7,76.92307692307693,"['get sewing kit', 'Choose a button.', 'Hold shirt with non-dominant hand', 'place button on cloth where it needs to go', 'Proceed to insert needle into button holes and through clothing/ item until securely sewn', 'Put thread through needle.', 'Start sewing going into the back of the garment.']","['Cut excess thread', 'Repeat until button is secure']",Repeat until button is secure,1,0, A
0,0.0,[],"['Push needle through the button hole into the fabric', 'Get your sewing kit']",Get your sewing kit,1,0, A
1,23.07692307692308,['Get your sewing kit'],"['Cut the needle off of the thread.', 'Get the button.']",Get the button.,1,0, A
2,26.923076923076923,"['Get your sewing kit', 'Get the button.']","['Remove the old button', 'Tie off your thread.']",Remove the old button,0,0, A
3,34.61538461538461,"['Get your sewing kit', 'Get the button.', 'Remove the old button']","['Stick the head through the needle eye', 'stitching the button on']",Stick the head through the needle eye,0,0, A
4,61.53846153846154,"['Get your sewing kit', 'Get the button.', 'Remove the old button', 'Stick the head through the needle eye']","['Sew button onto fabric through the first hole', 'Find similar color thread to use.']",Sew button onto fabric through the first hole,0,0, A
5,80.76923076923077,"['Get your sewing kit', 'Get the button.', 'Remove the old button', 'Stick the head through the needle eye', 'Sew button onto fabric through the first hole']","['Find a needle and thread', 'When button is securely in place tie knot in thread at back of garment']",When button is securely in place tie knot in thread at back of garment,1,0, A
0,0.0,[],"['Thread button onto clothing', 'Get out sewing kit.']",Get out sewing kit.,1,0, A
1,11.538461538461538,['Get out sewing kit.'],"['Cut excess thread', 'Get needle']",Get needle,1,0, A
2,23.07692307692308,"['Get out sewing kit.', 'Get needle']","['repeat steps 4-5 until button is secured to shirt', 'Take a button']",Take a button,1,0, A
3,34.61538461538461,"['Get out sewing kit.', 'Get needle', 'Take a button']","['get thread, needle, button to be sewn', 'Thread the needle']",Thread the needle,1,0, A
4,53.84615384615385,"['Get out sewing kit.', 'Get needle', 'Take a button', 'Thread the needle']","['Get clothes', 'Push needle through button hole']",Push needle through button hole,1,0, A
5,80.76923076923077,"['Get out sewing kit.', 'Get needle', 'Take a button', 'Thread the needle', 'Push needle through button hole']","['Tie a knot in the thread', 'tie knot on thread']",tie knot on thread,1,0, A
6,88.46153846153845,"['Get out sewing kit.', 'Get needle', 'Take a button', 'Thread the needle', 'Push needle through button hole', 'tie knot on thread']","['put back all the materials', 'Get your sewing kit']",put back all the materials,0,0, A
0,0.0,[],"['Stick the needle through', 'Grab the fabric and button']",Grab the fabric and button,1,0, A
1,15.384615384615383,['Grab the fabric and button'],"['Put thread through needle.', 'Find right color string']",Find right color string,1,0, A
2,23.07692307692308,"['Grab the fabric and button', 'Find right color string']","['push needle to back of the item', 'Get button']",Get button,1,0, A
3,50.0,"['Grab the fabric and button', 'Find right color string', 'Get button']","['Find sewing kit.', 'Insert the thread through the button']",Insert the thread through the button,1,0, A
4,53.84615384615385,"['Grab the fabric and button', 'Find right color string', 'Get button', 'Insert the thread through the button']","['Find a button', 'Pull through other end']",Pull through other end,1,0, A
5,57.692307692307686,"['Grab the fabric and button', 'Find right color string', 'Get button', 'Insert the thread through the button', 'Pull through other end']","['Pull through', 'Put button in proper place']",Pull through,0,0, A
6,61.53846153846154,"['Grab the fabric and button', 'Find right color string', 'Get button', 'Insert the thread through the button', 'Pull through other end', 'Pull through']","['Take needle from sewing kit', 'Insert needle through one side of button']",Insert needle through one side of button,1,0, A
7,65.38461538461539,"['Grab the fabric and button', 'Find right color string', 'Get button', 'Insert the thread through the button', 'Pull through other end', 'Pull through', 'Insert needle through one side of button']","['Place button on fabric', 'Then push needle through material']",Then push needle through material,1,0, A
8,69.23076923076923,"['Grab the fabric and button', 'Find right color string', 'Get button', 'Insert the thread through the button', 'Pull through other end', 'Pull through', 'Insert needle through one side of button', 'Then push needle through material']","['Get back the needle through the third button hole', 'slide thread through hole']",Get back the needle through the third button hole,0,0, A
9,73.07692307692307,"['Grab the fabric and button', 'Find right color string', 'Get button', 'Insert the thread through the button', 'Pull through other end', 'Pull through', 'Insert needle through one side of button', 'Then push needle through material', 'Get back the needle through the third button hole']","['Start to sew.', 'push needle to back of the item']",push needle to back of the item,1,0, A
10,76.92307692307693,"['Grab the fabric and button', 'Find right color string', 'Get button', 'Insert the thread through the button', 'Pull through other end', 'Pull through', 'Insert needle through one side of button', 'Then push needle through material', 'Get back the needle through the third button hole', 'push needle to back of the item']","['Find thread', 'Continue crisscrossing thread between holes of button until button is tight.']",Continue crisscrossing thread between holes of button until button is tight.,1,0, A
11,84.61538461538461,"['Grab the fabric and button', 'Find right color string', 'Get button', 'Insert the thread through the button', 'Pull through other end', 'Pull through', 'Insert needle through one side of button', 'Then push needle through material', 'Get back the needle through the third button hole', 'push needle to back of the item', 'Continue crisscrossing thread between holes of button until button is tight.']","['Cut thread', 'Find needle']",Cut thread,0,0, A
12,88.46153846153845,"['Grab the fabric and button', 'Find right color string', 'Get button', 'Insert the thread through the button', 'Pull through other end', 'Pull through', 'Insert needle through one side of button', 'Then push needle through material', 'Get back the needle through the third button hole', 'push needle to back of the item', 'Continue crisscrossing thread between holes of button until button is tight.', 'Cut thread']","['Take needle from sewing kit', 'put items away when done']",put items away when done,1,0, A
13,92.3076923076923,"['Grab the fabric and button', 'Find right color string', 'Get button', 'Insert the thread through the button', 'Pull through other end', 'Pull through', 'Insert needle through one side of button', 'Then push needle through material', 'Get back the needle through the third button hole', 'push needle to back of the item', 'Continue crisscrossing thread between holes of button until button is tight.', 'Cut thread', 'put items away when done']","['Check the button', 'find a button']",Check the button,0,0, A
0,0.0,[],"['Gather supplies', 'Put thread through a needle.']",Gather supplies,0,0, A
1,30.76923076923077,['Gather supplies'],"['Put needle and thread back in drawer', 'Align button']",Align button,1,0, A
2,50.0,"['Gather supplies', 'Align button']","['Get button, thread, needle and scissors', 'Put needle and thread through shirt']",Put needle and thread through shirt,1,0, A
3,61.53846153846154,"['Gather supplies', 'Align button', 'Put needle and thread through shirt']","['Place item on flat surface', 'push the needle through the button']",push the needle through the button,1,0, A
4,65.38461538461539,"['Gather supplies', 'Align button', 'Put needle and thread through shirt', 'push the needle through the button']","['Put button in proper place', 'Then push needle through material']",Then push needle through material,1,0, A
5,69.23076923076923,"['Gather supplies', 'Align button', 'Put needle and thread through shirt', 'push the needle through the button', 'Then push needle through material']","['Get the needle', 'Put needle in other button hole.']",Put needle in other button hole.,1,0, A
0,0.0,[],"['knot thread', 'Grab the fabric and button']",Grab the fabric and button,1,0, A
1,26.923076923076923,['Grab the fabric and button'],"['gather garment for buttoning', 'Repeat step 8 until button is sewn on']",gather garment for buttoning,0,0, A
2,50.0,"['Grab the fabric and button', 'gather garment for buttoning']","['Find right color string', 'Push needle through back of clothes and through hole of button']",Push needle through back of clothes and through hole of button,1,0, A
3,61.53846153846154,"['Grab the fabric and button', 'gather garment for buttoning', 'Push needle through back of clothes and through hole of button']","['Push needle through first hole', 'Find thread that matches']",Push needle through first hole,0,0, A
4,76.92307692307693,"['Grab the fabric and button', 'gather garment for buttoning', 'Push needle through back of clothes and through hole of button', 'Push needle through first hole']","['repeat 6 more times', 'Get button, thread, needle and scissors']",repeat 6 more times,0,0, A
5,84.61538461538461,"['Grab the fabric and button', 'gather garment for buttoning', 'Push needle through back of clothes and through hole of button', 'Push needle through first hole', 'repeat 6 more times']","['Get button', 'Cut thread']",Cut thread,1,0, A
6,88.46153846153845,"['Grab the fabric and button', 'gather garment for buttoning', 'Push needle through back of clothes and through hole of button', 'Push needle through first hole', 'repeat 6 more times', 'Cut thread']","['Push needle through button hole', 'put the supplies away']",put the supplies away,1,0, A
0,0.0,[],"['Drive to fabric store', 'Pull through other side.']",Drive to fabric store,0,0, A
1,19.230769230769237,['Drive to fabric store'],"['Find similar color thread to use.', 'pull the needle through']",Find similar color thread to use.,0,0, A
2,34.61538461538461,"['Drive to fabric store', 'Find similar color thread to use.']","['thread needle', 'Repeat several times until button is secure']",thread needle,0,0, A
3,38.46153846153847,"['Drive to fabric store', 'Find similar color thread to use.', 'thread needle']","['Sew through the diagonal hole of the button and the garment.', 'Make a knot at end']",Make a knot at end,1,0, A
4,42.30769230769231,"['Drive to fabric store', 'Find similar color thread to use.', 'thread needle', 'Make a knot at end']","['Tie off the thread', 'Cut length of thread']",Cut length of thread,1,0, A
5,61.53846153846154,"['Drive to fabric store', 'Find similar color thread to use.', 'thread needle', 'Make a knot at end', 'Cut length of thread']","['Push needle through first hole', 'put items away when done']",Push needle through first hole,0,0, A
6,65.38461538461539,"['Drive to fabric store', 'Find similar color thread to use.', 'thread needle', 'Make a knot at end', 'Cut length of thread', 'Push needle through first hole']","['Place button where you want it.', 'Pass the needle through the second button hole']",Pass the needle through the second button hole,1,0, A
7,69.23076923076923,"['Drive to fabric store', 'Find similar color thread to use.', 'thread needle', 'Make a knot at end', 'Cut length of thread', 'Push needle through first hole', 'Pass the needle through the second button hole']","['put button where other button was located', 'Put needle in other button hole.']",Put needle in other button hole.,1,0, A
8,73.07692307692307,"['Drive to fabric store', 'Find similar color thread to use.', 'thread needle', 'Make a knot at end', 'Cut length of thread', 'Push needle through first hole', 'Pass the needle through the second button hole', 'Put needle in other button hole.']","['Pull through other side.', 'Find a thread']",Pull through other side.,0,0, A
9,80.76923076923077,"['Drive to fabric store', 'Find similar color thread to use.', 'thread needle', 'Make a knot at end', 'Cut length of thread', 'Push needle through first hole', 'Pass the needle through the second button hole', 'Put needle in other button hole.', 'Pull through other side.']","['Get the piece of apparel that needs to sew the button on.', 'Make knot between thread and clothing.']",Make knot between thread and clothing.,1,0, A
10,88.46153846153845,"['Drive to fabric store', 'Find similar color thread to use.', 'thread needle', 'Make a knot at end', 'Cut length of thread', 'Push needle through first hole', 'Pass the needle through the second button hole', 'Put needle in other button hole.', 'Pull through other side.', 'Make knot between thread and clothing.']","['Obtain needle and thread', 'Put the needle and thread away']",Put the needle and thread away,1,0, A
11,92.3076923076923,"['Drive to fabric store', 'Find similar color thread to use.', 'thread needle', 'Make a knot at end', 'Cut length of thread', 'Push needle through first hole', 'Pass the needle through the second button hole', 'Put needle in other button hole.', 'Pull through other side.', 'Make knot between thread and clothing.', 'Put the needle and thread away']","['Check if the button is tight', 'Get the button.']",Check if the button is tight,0,0, A
0,0.0,[],"['Tie of thread on inside', 'Gather supplies']",Gather supplies,1,0, A
1,26.923076923076923,['Gather supplies'],"['Put needle and thread back in drawer', 'grab object the button is being sewed']",grab object the button is being sewed,1,0, A
2,34.61538461538461,"['Gather supplies', 'grab object the button is being sewed']","['Put thread in needle', 'Get button, thread, needle and scissors']",Put thread in needle,0,0, A
3,46.15384615384615,"['Gather supplies', 'grab object the button is being sewed', 'Put thread in needle']","['use the string to make it stay in place', 'Find similar color thread to use.']",use the string to make it stay in place,0,0, A
4,53.84615384615385,"['Gather supplies', 'grab object the button is being sewed', 'Put thread in needle', 'use the string to make it stay in place']","['Pull the needle through a hole in the button, then back into the fabric', 'GET SOME NEEDLE AND THREAD']","Pull the needle through a hole in the button, then back into the fabric",0,0, A
5,76.92307692307693,"['Gather supplies', 'grab object the button is being sewed', 'Put thread in needle', 'use the string to make it stay in place', 'Pull the needle through a hole in the button, then back into the fabric']","['Keep threading until the button is firmly attached', 'Get needle']",Keep threading until the button is firmly attached,0,0, A
0,0.0,[],"['Get sewing kit', 'Pass thread through button holes.']",Get sewing kit,0,0, A
1,7.6923076923076925,['Get sewing kit'],"['Place needle through button eyelets.', 'Find some thread and needle']",Find some thread and needle,1,0, A
2,23.07692307692308,"['Get sewing kit', 'Find some thread and needle']","['Sew button onto garment.', 'Grab button']",Grab button,1,0, A
3,26.923076923076923,"['Get sewing kit', 'Find some thread and needle', 'Grab button']","['Lay down garment', 'Cut off any excess thread.']",Lay down garment,0,0, A
4,30.76923076923077,"['Get sewing kit', 'Find some thread and needle', 'Grab button', 'Lay down garment']","['Poke needle through opposite hole', 'Position button in correct place.']",Position button in correct place.,1,0, A
5,34.61538461538461,"['Get sewing kit', 'Find some thread and needle', 'Grab button', 'Lay down garment', 'Position button in correct place.']","['Push thread through needle and tie in a knot', 'Put needle in other button hole.']",Push thread through needle and tie in a knot,0,0, A
6,46.15384615384615,"['Get sewing kit', 'Find some thread and needle', 'Grab button', 'Lay down garment', 'Position button in correct place.', 'Push thread through needle and tie in a knot']","['use the string to make it stay in place', 'Get needle and thread']",use the string to make it stay in place,0,0, A
7,76.92307692307693,"['Get sewing kit', 'Find some thread and needle', 'Grab button', 'Lay down garment', 'Position button in correct place.', 'Push thread through needle and tie in a knot', 'use the string to make it stay in place']","['Get out sewing kit.', 'Repeat step 8 until button is sewn on']",Repeat step 8 until button is sewn on,1,0, A
0,0.0,[],"['Drive to fabric store', 'Put needle into one button hole through shirt.']",Drive to fabric store,0,0, A
1,19.230769230769237,['Drive to fabric store'],"['Sew button onto garment.', 'get some thread']",get some thread,1,0, A
2,26.923076923076923,"['Drive to fabric store', 'get some thread']","['Cut the thread.', 'Find a piece of clothing.']",Find a piece of clothing.,1,0, A
3,34.61538461538461,"['Drive to fabric store', 'get some thread', 'Find a piece of clothing.']","['Tie off the thread on the underside of the garment', 'Fix the thread in the needle']",Fix the thread in the needle,1,0, A
4,53.84615384615385,"['Drive to fabric store', 'get some thread', 'Find a piece of clothing.', 'Fix the thread in the needle']","['Pull thread through and secure button', 'Get thread']",Pull thread through and secure button,0,0, A
5,57.692307692307686,"['Drive to fabric store', 'get some thread', 'Find a piece of clothing.', 'Fix the thread in the needle', 'Pull thread through and secure button']","['Get some thread.', 'Insert the needle back into the garment from the top of the button']",Insert the needle back into the garment from the top of the button,1,0, A
6,61.53846153846154,"['Drive to fabric store', 'get some thread', 'Find a piece of clothing.', 'Fix the thread in the needle', 'Pull thread through and secure button', 'Insert the needle back into the garment from the top of the button']","['Pull the needle until thread is completely on the other side of shirt', 'Cut off any loose threads with a scissors.']",Pull the needle until thread is completely on the other side of shirt,0,0, A
7,65.38461538461539,"['Drive to fabric store', 'get some thread', 'Find a piece of clothing.', 'Fix the thread in the needle', 'Pull thread through and secure button', 'Insert the needle back into the garment from the top of the button', 'Pull the needle until thread is completely on the other side of shirt']","[""Pull a thread of a matching color through the needle's eye"", 'Push needle through other hole of button and through clothes']",Push needle through other hole of button and through clothes,1,0, A
8,76.92307692307693,"['Drive to fabric store', 'get some thread', 'Find a piece of clothing.', 'Fix the thread in the needle', 'Pull thread through and secure button', 'Insert the needle back into the garment from the top of the button', 'Pull the needle until thread is completely on the other side of shirt', 'Push needle through other hole of button and through clothes']","['place button where you want it', 'repeat 5-8 several times until button is secure']",repeat 5-8 several times until button is secure,1,0, A
9,80.76923076923077,"['Drive to fabric store', 'get some thread', 'Find a piece of clothing.', 'Fix the thread in the needle', 'Pull thread through and secure button', 'Insert the needle back into the garment from the top of the button', 'Pull the needle until thread is completely on the other side of shirt', 'Push needle through other hole of button and through clothes', 'repeat 5-8 several times until button is secure']","['tie a knot at the end of the string', 'Place new button where I want it to go']",tie a knot at the end of the string,0,0, A
10,88.46153846153845,"['Drive to fabric store', 'get some thread', 'Find a piece of clothing.', 'Fix the thread in the needle', 'Pull thread through and secure button', 'Insert the needle back into the garment from the top of the button', 'Pull the needle until thread is completely on the other side of shirt', 'Push needle through other hole of button and through clothes', 'repeat 5-8 several times until button is secure', 'tie a knot at the end of the string']","['Get thread and needle', 'Put all the items away']",Put all the items away,1,0, A
0,0.0,[],"['Grab the fabric and button', 'Push the needle through the garment into the button']",Grab the fabric and button,0,0, A
1,7.6923076923076925,['Grab the fabric and button'],"['Sew in a pattern that looks like an X through the holes of the button.', 'find needle and thread']",find needle and thread,1,0, A
2,34.61538461538461,"['Grab the fabric and button', 'find needle and thread']","['Thread the needle', 'Put needle in other button hole.']",Thread the needle,0,0, A
3,88.46153846153845,"['Grab the fabric and button', 'find needle and thread', 'Thread the needle']","['Put away needle and thread', 'Get item that needs a button']",Put away needle and thread,0,0, A
0,0.0,[],"['Drive to fabric store', 'Cross over to perpendicular hole, push needle back through']",Drive to fabric store,0,0, A
1,19.230769230769237,['Drive to fabric store'],"[""Pull a thread of a matching color through the needle's eye"", 'Start to sew the button onto the fabric.']",Pull a thread of a matching color through the needle's eye,0,0, A
2,30.76923076923077,"['Drive to fabric store', ""Pull a thread of a matching color through the needle's eye""]","['Repeat the inserting as above for about 10 times', 'Take button and put it on shirt where you want it']",Take button and put it on shirt where you want it,1,0, A
3,50.0,"['Drive to fabric store', ""Pull a thread of a matching color through the needle's eye"", 'Take button and put it on shirt where you want it']","['insert needle through cloth', 'Cut off remaining thread']",insert needle through cloth,0,0, A
4,76.92307692307693,"['Drive to fabric store', ""Pull a thread of a matching color through the needle's eye"", 'Take button and put it on shirt where you want it', 'insert needle through cloth']","['Repeat several times until button is secure', 'find a button']",Repeat several times until button is secure,0,0, A
0,0.0,[],"['Sew button through second hole', 'Get out needle, thread, button, and clothing item.']","Get out needle, thread, button, and clothing item.",1,0, A
1,15.384615384615383,"['Get out needle, thread, button, and clothing item.']","['tie thread at the end', 'Find matching thread']",Find matching thread,1,0, A
2,19.230769230769237,"['Get out needle, thread, button, and clothing item.', 'Find matching thread']","['Push needle through button hole', 'Get thread']",Get thread,1,0, A
3,23.07692307692308,"['Get out needle, thread, button, and clothing item.', 'Find matching thread', 'Get thread']","['Get a button to match', 'Repeat several times until button is secure']",Get a button to match,0,0, A
4,50.0,"['Get out needle, thread, button, and clothing item.', 'Find matching thread', 'Get thread', 'Get a button to match']","['Poke hole with needle through button hole and fabric', 'grab a needle']",Poke hole with needle through button hole and fabric,0,0, A
5,65.38461538461539,"['Get out needle, thread, button, and clothing item.', 'Find matching thread', 'Get thread', 'Get a button to match', 'Poke hole with needle through button hole and fabric']","['Check the button', 'Pass the needle through the second button hole']",Pass the needle through the second button hole,1,0, A
6,69.23076923076923,"['Get out needle, thread, button, and clothing item.', 'Find matching thread', 'Get thread', 'Get a button to match', 'Poke hole with needle through button hole and fabric', 'Pass the needle through the second button hole']","['carefully cut off old button if exists', 'Move needle down to hole opposite first hole']",Move needle down to hole opposite first hole,1,0, A
0,0.0,[],"['Find sewing kit.', 'push the needle through the fabric']",Find sewing kit.,0,0, A
1,7.6923076923076925,['Find sewing kit.'],"['Get needle and thread', 'Starting on inside of garment, push through with needle.']",Get needle and thread,0,0, A
2,26.923076923076923,"['Find sewing kit.', 'Get needle and thread']","['Check the button', 'Lay down garment']",Lay down garment,1,0, A
3,34.61538461538461,"['Find sewing kit.', 'Get needle and thread', 'Lay down garment']","['Put thread in needle', 'repeat']",Put thread in needle,0,0, A
4,53.84615384615385,"['Find sewing kit.', 'Get needle and thread', 'Lay down garment', 'Put thread in needle']","['Get garment which you would like to sew button on to.', 'pull the needle through']",pull the needle through,1,0, A
0,0.0,[],"['Push needle through other hole of button and through clothes', 'Get a thimble']",Get a thimble,1,0, A
1,26.923076923076923,['Get a thimble'],"['Get the sewing kit.', 'Hold shirt with non-dominant hand']",Hold shirt with non-dominant hand,1,0, A
2,34.61538461538461,"['Get a thimble', 'Hold shirt with non-dominant hand']","['Tie the thread in a knot to secure it', 'Push thread through needle and tie in a knot']",Push thread through needle and tie in a knot,1,0, A
3,46.15384615384615,"['Get a thimble', 'Hold shirt with non-dominant hand', 'Push thread through needle and tie in a knot']","['Sow the thread through the button holes quite a few times', 'gathering thread']",Sow the thread through the button holes quite a few times,0,0, A
4,61.53846153846154,"['Get a thimble', 'Hold shirt with non-dominant hand', 'Push thread through needle and tie in a knot', 'Sow the thread through the button holes quite a few times']","['Put needle away', 'Insert needle through one side of button']",Insert needle through one side of button,1,0, A
5,80.76923076923077,"['Get a thimble', 'Hold shirt with non-dominant hand', 'Push thread through needle and tie in a knot', 'Sow the thread through the button holes quite a few times', 'Insert needle through one side of button']","['Place needle through clothing.', 'Tie off thread']",Tie off thread,1,0, A
6,88.46153846153845,"['Get a thimble', 'Hold shirt with non-dominant hand', 'Push thread through needle and tie in a knot', 'Sow the thread through the button holes quite a few times', 'Insert needle through one side of button', 'Tie off thread']","['Thread one hole with the needle', 'put items away when done']",put items away when done,1,0, A
7,92.3076923076923,"['Get a thimble', 'Hold shirt with non-dominant hand', 'Push thread through needle and tie in a knot', 'Sow the thread through the button holes quite a few times', 'Insert needle through one side of button', 'Tie off thread', 'put items away when done']","['Check the button', 'Get the sewing kit.']",Check the button,0,0, A
0,0.0,[],"['Insert the thread into the needle hole', 'Get a thimble']",Get a thimble,1,0, A
1,7.6923076923076925,['Get a thimble'],"['find needle and thread', 'Cut off end from needle']",find needle and thread,0,0, A
2,23.07692307692308,"['Get a thimble', 'find needle and thread']","['Cut thread', 'Find a spare button that matches the other buttons']",Find a spare button that matches the other buttons,1,0, A
3,61.53846153846154,"['Get a thimble', 'find needle and thread', 'Find a spare button that matches the other buttons']","['taking the right button out', 'Pull the needle until thread is completely on the other side of shirt']",Pull the needle until thread is completely on the other side of shirt,1,0, A
4,80.76923076923077,"['Get a thimble', 'find needle and thread', 'Find a spare button that matches the other buttons', 'Pull the needle until thread is completely on the other side of shirt']","['Find button to be sewn', 'tying a knot with thread']",tying a knot with thread,1,0, A
0,0.0,[],"['Lay down garment', 'Drive to fabric store']",Drive to fabric store,1,0, A
1,19.230769230769237,['Drive to fabric store'],"['get thread', 'Place needle through button eyelets.']",get thread,0,0, A
2,26.923076923076923,"['Drive to fabric store', 'get thread']","['tie a knot at the end of the string', 'Get clothing']",Get clothing,1,0, A
3,30.76923076923077,"['Drive to fabric store', 'get thread', 'Get clothing']","['pull needle through to knot', 'Place button on desired spot on shirt.']",Place button on desired spot on shirt.,1,0, A
4,53.84615384615385,"['Drive to fabric store', 'get thread', 'Get clothing', 'Place button on desired spot on shirt.']","['Get needle and thread', 'pull thread forward']",pull thread forward,1,0, A
5,80.76923076923077,"['Drive to fabric store', 'get thread', 'Get clothing', 'Place button on desired spot on shirt.', 'pull thread forward']","['Tie off thread', 'Thread the needle']",Tie off thread,0,0, A
0,0.0,[],"['Tie off thread', 'Get sewing basket']",Get sewing basket,1,0, A
1,23.07692307692308,['Get sewing basket'],"['Cut the thread near the needle to finish', 'Get button']",Get button,1,0, A
2,30.76923076923077,"['Get sewing basket', 'Get button']","['Continue until the button is on tight', 'line it up with the hole']",line it up with the hole,1,0, A
3,42.30769230769231,"['Get sewing basket', 'Get button', 'line it up with the hole']","['measure and cut length of thread', 'Find matching thread']",measure and cut length of thread,0,0, A
4,61.53846153846154,"['Get sewing basket', 'Get button', 'line it up with the hole', 'measure and cut length of thread']","['Pass the needle through one of the button holes', 'Get a sewing needle.']",Pass the needle through one of the button holes,0,0, A
5,80.76923076923077,"['Get sewing basket', 'Get button', 'line it up with the hole', 'measure and cut length of thread', 'Pass the needle through one of the button holes']","['Tie off the thread on the underside of the garment', 'Thread needle.']",Tie off the thread on the underside of the garment,0,0, A
6,84.61538461538461,"['Get sewing basket', 'Get button', 'line it up with the hole', 'measure and cut length of thread', 'Pass the needle through one of the button holes', 'Tie off the thread on the underside of the garment']","['Acquire new button', 'Cut excess thread']",Cut excess thread,1,0, A
0,0.0,[],"['Hold button to material.', 'Get out sewing kit']",Get out sewing kit,1,0, A
1,7.6923076923076925,['Get out sewing kit'],"['Take out thread and needle', 'Sew button onto item']",Take out thread and needle,0,0, A
2,26.923076923076923,"['Get out sewing kit', 'Take out thread and needle']","['Tie off knot with thread.', 'Hold shirt with non-dominant hand']",Hold shirt with non-dominant hand,1,0, A
3,34.61538461538461,"['Get out sewing kit', 'Take out thread and needle', 'Hold shirt with non-dominant hand']","['Put thread in it', 'Cut off excess thread']",Put thread in it,0,0, A
4,88.46153846153845,"['Get out sewing kit', 'Take out thread and needle', 'Hold shirt with non-dominant hand', 'Put thread in it']","['Find sewing kit.', 'Put supplies away']",Put supplies away,1,0, A
0,0.0,[],"['Drive to fabric store', 'Thread needle']",Drive to fabric store,0,0, A
1,19.230769230769237,['Drive to fabric store'],"['Put thread through buttonhole', 'Find a thread']",Find a thread,1,0, A
2,26.923076923076923,"['Drive to fabric store', 'Find a thread']","['Poke needle through opposite hole', 'Get a shirt.']",Get a shirt.,1,0, A
3,46.15384615384615,"['Drive to fabric store', 'Find a thread', 'Get a shirt.']","['Choose a button.', 'Apply button by driving needle through button']",Apply button by driving needle through button,1,0, A
4,84.61538461538461,"['Drive to fabric store', 'Find a thread', 'Get a shirt.', 'Apply button by driving needle through button']","['Push needle through the button hole into the fabric', 'Cut thread']",Cut thread,1,0, A
5,88.46153846153845,"['Drive to fabric store', 'Find a thread', 'Get a shirt.', 'Apply button by driving needle through button', 'Cut thread']","['Put needle and thread back in drawer', 'get some thread']",Put needle and thread back in drawer,0,0, A
6,92.3076923076923,"['Drive to fabric store', 'Find a thread', 'Get a shirt.', 'Apply button by driving needle through button', 'Cut thread', 'Put needle and thread back in drawer']","['Get sewing kit', 'MAKE SURE BUTTON IS SECURE']",MAKE SURE BUTTON IS SECURE,1,0, A
0,0.0,[],"['Get button, thread, needle and scissors', 'Pull til it stops at the knot, push through fabric and another button hole']","Get button, thread, needle and scissors",0,0, A
1,26.923076923076923,"['Get button, thread, needle and scissors']","['cut thread from button', 'grab object the button is being sewed']",grab object the button is being sewed,1,0, A
2,34.61538461538461,"['Get button, thread, needle and scissors', 'grab object the button is being sewed']","['thread the needle', 'Repeat procedure until button is secure']",thread the needle,0,0, A
3,88.46153846153845,"['Get button, thread, needle and scissors', 'grab object the button is being sewed', 'thread the needle']","['PUT NEEDLE AND THREAD AWAY', 'Insert needle through one side of button']",PUT NEEDLE AND THREAD AWAY,0,0, A
4,92.3076923076923,"['Get button, thread, needle and scissors', 'grab object the button is being sewed', 'thread the needle', 'PUT NEEDLE AND THREAD AWAY']","['taking the right button out', 'MAKE SURE BUTTON IS SECURE']",MAKE SURE BUTTON IS SECURE,1,0, A
0,0.0,[],"['Get sewing kit', 'Hold button in place']",Get sewing kit,0,0, A
1,11.538461538461538,['Get sewing kit'],"['Get needle', 'Sew in a pattern that looks like an X through the holes of the button.']",Get needle,0,0, A
2,23.07692307692308,"['Get sewing kit', 'Get needle']","['moving the needle in and out of the button holes', 'Get button']",Get button,1,0, A
3,30.76923076923077,"['Get sewing kit', 'Get needle', 'Get button']","['Tie off knot with thread.', 'Align button']",Align button,1,0, A
4,46.15384615384615,"['Get sewing kit', 'Get needle', 'Get button', 'Align button']","['Insert the needle with thread in button hole and shirt', 'Find button replacement']",Insert the needle with thread in button hole and shirt,0,0, A
5,61.53846153846154,"['Get sewing kit', 'Get needle', 'Get button', 'Align button', 'Insert the needle with thread in button hole and shirt']","['Start sewing going into the back of the garment.', 'Check the button']",Start sewing going into the back of the garment.,0,0, A
6,76.92307692307693,"['Get sewing kit', 'Get needle', 'Get button', 'Align button', 'Insert the needle with thread in button hole and shirt', 'Start sewing going into the back of the garment.']","['Continue crisscrossing thread between holes of button until button is tight.', 'Thread needle.']",Continue crisscrossing thread between holes of button until button is tight.,0,0, A
7,84.61538461538461,"['Get sewing kit', 'Get needle', 'Get button', 'Align button', 'Insert the needle with thread in button hole and shirt', 'Start sewing going into the back of the garment.', 'Continue crisscrossing thread between holes of button until button is tight.']","['Get button, thread, needle and scissors', 'cut the thread']",cut the thread,1,0, A
0,0.0,[],"['Drive to fabric store', 'Hold shirt with non-dominant hand']",Drive to fabric store,0,0, A
1,19.230769230769237,['Drive to fabric store'],"['Repeat this until the button is secure', 'Find thread that matches button color.']",Find thread that matches button color.,1,0, A
2,30.76923076923077,"['Drive to fabric store', 'Find thread that matches button color.']","['Place the button on the cloth', 'Hold button in place']",Place the button on the cloth,0,0, A
3,46.15384615384615,"['Drive to fabric store', 'Find thread that matches button color.', 'Place the button on the cloth']","['Find a button', 'Sew the button in place with the needle and thread']",Sew the button in place with the needle and thread,1,0, A
4,80.76923076923077,"['Drive to fabric store', 'Find thread that matches button color.', 'Place the button on the cloth', 'Sew the button in place with the needle and thread']","['tie off thread', 'Thread the needle']",tie off thread,0,0, A
0,0.0,[],"['Sew button.', 'Get sewing basket']",Get sewing basket,1,0, A
1,34.61538461538461,['Get sewing basket'],"['Stick the head through the needle eye', 'Repeat']",Stick the head through the needle eye,0,0, A
2,88.46153846153845,"['Get sewing basket', 'Stick the head through the needle eye']","['put sewing kit away', 'Take button.']",put sewing kit away,0,0, A
3,92.3076923076923,"['Get sewing basket', 'Stick the head through the needle eye', 'put sewing kit away']","['Check the button', 'Get out thread']",Check the button,0,0, A
0,0.0,[],"['take needle bring up through the back of the item', 'Get out sewing kit.']",Get out sewing kit.,1,0, A
1,7.6923076923076925,['Get out sewing kit.'],"['grab a needle and string', 'tie thread at the end']",grab a needle and string,0,0, A
2,19.230769230769237,"['Get out sewing kit.', 'grab a needle and string']","['Get some thread.', 'sew button into fabric making sure stitches are secure']",Get some thread.,0,0, A
3,30.76923076923077,"['Get out sewing kit.', 'grab a needle and string', 'Get some thread.']","['Place button on shirt', 'Sew through the diagonal hole of the button and the garment.']",Place button on shirt,0,0, A
4,46.15384615384615,"['Get out sewing kit.', 'grab a needle and string', 'Get some thread.', 'Place button on shirt']","['Sew button onto item', 'Get button']",Sew button onto item,0,0, A
5,53.84615384615385,"['Get out sewing kit.', 'grab a needle and string', 'Get some thread.', 'Place button on shirt', 'Sew button onto item']","['Get out sewing kit.', 'Place button close to clothing.']",Place button close to clothing.,1,0, A
6,61.53846153846154,"['Get out sewing kit.', 'grab a needle and string', 'Get some thread.', 'Place button on shirt', 'Sew button onto item', 'Place button close to clothing.']","['Put needle and thread back in drawer', 'push the needle through the button']",push the needle through the button,1,0, A
7,76.92307692307693,"['Get out sewing kit.', 'grab a needle and string', 'Get some thread.', 'Place button on shirt', 'Sew button onto item', 'Place button close to clothing.', 'push the needle through the button']","['get some thread', 'Continue crisscrossing thread between holes of button until button is tight.']",Continue crisscrossing thread between holes of button until button is tight.,1,0, A
8,84.61538461538461,"['Get out sewing kit.', 'grab a needle and string', 'Get some thread.', 'Place button on shirt', 'Sew button onto item', 'Place button close to clothing.', 'push the needle through the button', 'Continue crisscrossing thread between holes of button until button is tight.']","['Starting from the bottom, poke needle through hole in button', 'Cut.']",Cut.,1,0, A
0,0.0,[],"['Drive to fabric store', 'Thread needle.']",Drive to fabric store,0,0, A
1,19.230769230769237,['Drive to fabric store'],"['Find thread', 'Sew button onto item']",Find thread,0,0, A
2,30.76923076923077,"['Drive to fabric store', 'Find thread']","['Cut away any extra string', 'Place button on desired spot on shirt.']",Place button on desired spot on shirt.,1,0, A
3,46.15384615384615,"['Drive to fabric store', 'Find thread', 'Place button on desired spot on shirt.']","['Sew in a pattern that looks like an X through the holes of the button.', 'Pick a needle']",Sew in a pattern that looks like an X through the holes of the button.,0,0, A
0,0.0,[],"['Get a thimble', 'Loop thread to create knot in thread.']",Get a thimble,0,0, A
1,30.76923076923077,['Get a thimble'],"['Get out sewing kit.', 'Place button on fabric and hold with thumb and index finger']",Place button on fabric and hold with thumb and index finger,1,0, A
2,50.0,"['Get a thimble', 'Place button on fabric and hold with thumb and index finger']","['taking the right button out', 'Push needle through the button holes']",Push needle through the button holes,1,0, A
3,61.53846153846154,"['Get a thimble', 'Place button on fabric and hold with thumb and index finger', 'Push needle through the button holes']","['Get garment which you would like to sew button on to.', 'Insert needle through one side of button']",Insert needle through one side of button,1,0, A
4,76.92307692307693,"['Get a thimble', 'Place button on fabric and hold with thumb and index finger', 'Push needle through the button holes', 'Insert needle through one side of button']","['Repeat until button is tight', 'Get needle and thread']",Repeat until button is tight,0,0, A
0,0.0,[],"['Get button, thread, needle and scissors', 'Start to sew on button']","Get button, thread, needle and scissors",0,0, A
1,15.384615384615383,"['Get button, thread, needle and scissors']","['Tie off thread', 'Find matching thread']",Find matching thread,1,0, A
2,30.76923076923077,"['Get button, thread, needle and scissors', 'Find matching thread']","['Place button on fabric and hold with thumb and index finger', 'Continue sewing in an X pattern until the button is secure.']",Place button on fabric and hold with thumb and index finger,0,0, A
3,61.53846153846154,"['Get button, thread, needle and scissors', 'Find matching thread', 'Place button on fabric and hold with thumb and index finger']","['Holding button at appropriate location, press needle through first hole on button.', 'Take shirt']","Holding button at appropriate location, press needle through first hole on button.",0,0, A
4,65.38461538461539,"['Get button, thread, needle and scissors', 'Find matching thread', 'Place button on fabric and hold with thumb and index finger', 'Holding button at appropriate location, press needle through first hole on button.']","['Slide button onto needle and thread.', 'Purchase thread']",Slide button onto needle and thread.,0,0, A
5,76.92307692307693,"['Get button, thread, needle and scissors', 'Find matching thread', 'Place button on fabric and hold with thumb and index finger', 'Holding button at appropriate location, press needle through first hole on button.', 'Slide button onto needle and thread.']","['Repeat several times until button is secure', 'Thread the needle']",Repeat several times until button is secure,0,0, A
0,0.0,[],"['Gather supplies', 'Cut the thread.']",Gather supplies,0,0, A
1,15.384615384615383,['Gather supplies'],"['Cut thread', 'Find right color string']",Find right color string,1,0, A
2,19.230769230769237,"['Gather supplies', 'Find right color string']","['getting out thread', 'cut remaining thread away']",getting out thread,0,0, A
3,34.61538461538461,"['Gather supplies', 'Find right color string', 'getting out thread']","['cut thread', 'thread needle']",thread needle,1,0, A
4,50.0,"['Gather supplies', 'Find right color string', 'getting out thread', 'thread needle']","['pull through on the other side', 'Find thread and needle.']",pull through on the other side,0,0, A
5,80.76923076923077,"['Gather supplies', 'Find right color string', 'getting out thread', 'thread needle', 'pull through on the other side']","['Tie off the end of the thread', 'Thread needle']",Tie off the end of the thread,0,0, A
0,0.0,[],"['Cut loose ends', 'Get supplies - shirt, new button, thread, needle']","Get supplies - shirt, new button, thread, needle",1,0, A
1,26.923076923076923,"['Get supplies - shirt, new button, thread, needle']","['Place item on flat surface', 'cut remaining thread away']",Place item on flat surface,0,0, A
2,34.61538461538461,"['Get supplies - shirt, new button, thread, needle', 'Place item on flat surface']","['tug to make sure it is secure', 'put thread in needle']",put thread in needle,1,0, A
3,38.46153846153847,"['Get supplies - shirt, new button, thread, needle', 'Place item on flat surface', 'put thread in needle']","['Tie knot in thread', 'Gather supplies']",Tie knot in thread,0,0, A
4,50.0,"['Get supplies - shirt, new button, thread, needle', 'Place item on flat surface', 'put thread in needle', 'Tie knot in thread']","['push needle through button and shirt', 'cut thread from button']",push needle through button and shirt,0,0, A
5,65.38461538461539,"['Get supplies - shirt, new button, thread, needle', 'Place item on flat surface', 'put thread in needle', 'Tie knot in thread', 'push needle through button and shirt']","['Pull needle and thread', 'Find needle']",Pull needle and thread,0,0, A
6,76.92307692307693,"['Get supplies - shirt, new button, thread, needle', 'Place item on flat surface', 'put thread in needle', 'Tie knot in thread', 'push needle through button and shirt', 'Pull needle and thread']","['Continue to loop the needle and thread through the button holes.', 'Find button to be sewn']",Continue to loop the needle and thread through the button holes.,0,0, A
7,80.76923076923077,"['Get supplies - shirt, new button, thread, needle', 'Place item on flat surface', 'put thread in needle', 'Tie knot in thread', 'push needle through button and shirt', 'Pull needle and thread', 'Continue to loop the needle and thread through the button holes.']","['find shirt with missing button', ""TIE A KNOT IN THE END OF THE THREAD SO THE BUTTON DOESN'T COME OFF""]",TIE A KNOT IN THE END OF THE THREAD SO THE BUTTON DOESN'T COME OFF,1,0, A
0,0.0,[],"['Get sewing basket', 'Continue to loop the needle and thread through the button holes.']",Get sewing basket,0,0, A
1,11.538461538461538,['Get sewing basket'],"['When done knot end.', 'Take a needle']",Take a needle,1,0, A
2,15.384615384615383,"['Get sewing basket', 'Take a needle']","['Pull through other end', 'Choose thread color']",Choose thread color,1,0, A
3,34.61538461538461,"['Get sewing basket', 'Take a needle', 'Choose thread color']","[""Insert the thread into the eye of the needle and tie a knot so it's attached."", 'Cut off any excess thread.']",Insert the thread into the eye of the needle and tie a knot so it's attached.,0,0, A
4,88.46153846153845,"['Get sewing basket', 'Take a needle', 'Choose thread color', ""Insert the thread into the eye of the needle and tie a knot so it's attached.""]","['Place button on item', 'Put needle away']",Put needle away,1,0, A
5,92.3076923076923,"['Get sewing basket', 'Take a needle', 'Choose thread color', ""Insert the thread into the eye of the needle and tie a knot so it's attached."", 'Put needle away']","['use needle and thread to sew button onto shirt', 'Check if the button is tight']",Check if the button is tight,1,0, A
0,0.0,[],"['Drive to fabric store', 'Tie off the thread']",Drive to fabric store,0,0, A
1,19.230769230769237,['Drive to fabric store'],"['Purchase thread', 'sew onto fabric securely']",Purchase thread,0,0, A
2,30.76923076923077,"['Drive to fabric store', 'Purchase thread']","['Repeat until button is secure', 'putting the button on the fabric']",putting the button on the fabric,1,0, A
3,61.53846153846154,"['Drive to fabric store', 'Purchase thread', 'putting the button on the fabric']","['Cut the excess thread', 'Pull thread through']",Pull thread through,1,0, A
4,65.38461538461539,"['Drive to fabric store', 'Purchase thread', 'putting the button on the fabric', 'Pull thread through']","['Purchase buttons', 'Pass the needle through the second button hole']",Pass the needle through the second button hole,1,0, A
5,76.92307692307693,"['Drive to fabric store', 'Purchase thread', 'putting the button on the fabric', 'Pull thread through', 'Pass the needle through the second button hole']","['Find a button', 'Repeat through each button hole']",Repeat through each button hole,1,0, A
6,84.61538461538461,"['Drive to fabric store', 'Purchase thread', 'putting the button on the fabric', 'Pull thread through', 'Pass the needle through the second button hole', 'Repeat through each button hole']","['Get a replacement button.', 'cut thread from button']",cut thread from button,1,0, A
0,0.0,[],"['sew the button on the garment', 'Drive to fabric store']",Drive to fabric store,1,0, A
1,19.230769230769237,['Drive to fabric store'],"['Insert needle through first side of button (step 3)', 'Find a thread']",Find a thread,1,0, A
2,23.07692307692308,"['Drive to fabric store', 'Find a thread']","['Pull needle and thread', 'Get the button']",Get the button,1,0, A
3,30.76923076923077,"['Drive to fabric store', 'Find a thread', 'Get the button']","['Tie end in a knot', 'Determine proper placement for button']",Determine proper placement for button,1,0, A
4,46.15384615384615,"['Drive to fabric store', 'Find a thread', 'Get the button', 'Determine proper placement for button']","['Grab a needle and thread', 'sew the button with criss-cross movement of needle']",sew the button with criss-cross movement of needle,1,0, A
5,80.76923076923077,"['Drive to fabric store', 'Find a thread', 'Get the button', 'Determine proper placement for button', 'sew the button with criss-cross movement of needle']","['Tie the thread', 'Get supplies - shirt, new button, thread, needle']",Tie the thread,0,0, A
6,84.61538461538461,"['Drive to fabric store', 'Find a thread', 'Get the button', 'Determine proper placement for button', 'sew the button with criss-cross movement of needle', 'Tie the thread']","['cut thread so that need will detach', 'Find the location where button needs to be sewn.']",cut thread so that need will detach,0,0, A
7,88.46153846153845,"['Drive to fabric store', 'Find a thread', 'Get the button', 'Determine proper placement for button', 'sew the button with criss-cross movement of needle', 'Tie the thread', 'cut thread so that need will detach']","['Get your sewing kit', 'Clean up.']",Clean up.,1,0, A
0,0.0,[],"['Thread the needle', 'Get out needle, thread, button, and clothing item.']","Get out needle, thread, button, and clothing item.",1,0, A
1,7.6923076923076925,"['Get out needle, thread, button, and clothing item.']","['Find some thread and needle', 'push the needle through the fabric']",Find some thread and needle,0,0, A
2,26.923076923076923,"['Get out needle, thread, button, and clothing item.', 'Find some thread and needle']","['Starting from the bottom, poke needle through hole in button', 'Place item on flat surface']",Place item on flat surface,1,0, A
3,30.76923076923077,"['Get out needle, thread, button, and clothing item.', 'Find some thread and needle', 'Place item on flat surface']","['place button on cloth where it needs to go', 'Cut the needle off of the thread.']",place button on cloth where it needs to go,0,0, A
4,50.0,"['Get out needle, thread, button, and clothing item.', 'Find some thread and needle', 'Place item on flat surface', 'place button on cloth where it needs to go']","['Cut thread close to knot.', 'put the needle into the fabric']",put the needle into the fabric,1,0, A
5,76.92307692307693,"['Get out needle, thread, button, and clothing item.', 'Find some thread and needle', 'Place item on flat surface', 'place button on cloth where it needs to go', 'put the needle into the fabric']","['thread needle with thread', 'Repeat procedure until button is secure']",Repeat procedure until button is secure,1,0, A
0,0.0,[],"['Find sewing kit', 'Put supplies away']",Find sewing kit,0,0, A
1,7.6923076923076925,['Find sewing kit'],"['Get thread and needle', 'Tie a knot a the end of the thread']",Get thread and needle,0,0, A
2,19.230769230769237,"['Find sewing kit', 'Get thread and needle']","['Find similar color thread to use.', 'cut the thread']",Find similar color thread to use.,0,0, A
3,26.923076923076923,"['Find sewing kit', 'Get thread and needle', 'Find similar color thread to use.']","['Get a shirt.', 'Secure the button with a knot']",Get a shirt.,0,0, A
4,30.76923076923077,"['Find sewing kit', 'Get thread and needle', 'Find similar color thread to use.', 'Get a shirt.']","['attach button', 'Pull needle and thread']",attach button,0,0, A
5,34.61538461538461,"['Find sewing kit', 'Get thread and needle', 'Find similar color thread to use.', 'Get a shirt.', 'attach button']","['Thread the needle', 'pull needle through to knot']",Thread the needle,0,0, A
6,53.84615384615385,"['Find sewing kit', 'Get thread and needle', 'Find similar color thread to use.', 'Get a shirt.', 'attach button', 'Thread the needle']","['Find a button', 'Insert the needle into the button hole']",Insert the needle into the button hole,1,0, A
7,76.92307692307693,"['Find sewing kit', 'Get thread and needle', 'Find similar color thread to use.', 'Get a shirt.', 'attach button', 'Thread the needle', 'Insert the needle into the button hole']","['Find a needle', 'Do this several times until the button is secure']",Do this several times until the button is secure,1,0, A
0,0.0,[],"['tie knot on thread', 'Take out sewing kit.']",Take out sewing kit.,1,0, A
1,11.538461538461538,['Take out sewing kit.'],"['Take needle from sewing kit', 'Tie off the thread']",Take needle from sewing kit,0,0, A
2,15.384615384615383,"['Take out sewing kit.', 'Take needle from sewing kit']","['Pull thread through and secure button', 'Find matching thread']",Find matching thread,1,0, A
3,23.07692307692308,"['Take out sewing kit.', 'Take needle from sewing kit', 'Find matching thread']","['Tie ends.', 'Find a button']",Find a button,1,0, A
4,26.923076923076923,"['Take out sewing kit.', 'Take needle from sewing kit', 'Find matching thread', 'Find a button']","['Get sewing basket', 'grab object the button is being sewed']",grab object the button is being sewed,1,0, A
5,34.61538461538461,"['Take out sewing kit.', 'Take needle from sewing kit', 'Find matching thread', 'Find a button', 'grab object the button is being sewed']","['Thread the needle and tie a knot at end of thread.', 'cut thread from button']",Thread the needle and tie a knot at end of thread.,0,0, A
6,38.46153846153847,"['Take out sewing kit.', 'Take needle from sewing kit', 'Find matching thread', 'Find a button', 'grab object the button is being sewed', 'Thread the needle and tie a knot at end of thread.']","['tie knot on thread', 'Make a knot at end']",Make a knot at end,1,0, A
7,42.30769230769231,"['Take out sewing kit.', 'Take needle from sewing kit', 'Find matching thread', 'Find a button', 'grab object the button is being sewed', 'Thread the needle and tie a knot at end of thread.', 'Make a knot at end']","['get sewing kit', 'Cut excess thread']",Cut excess thread,1,0, A
8,46.15384615384615,"['Take out sewing kit.', 'Take needle from sewing kit', 'Find matching thread', 'Find a button', 'grab object the button is being sewed', 'Thread the needle and tie a knot at end of thread.', 'Make a knot at end', 'Cut excess thread']","['gather needle and thread', 'With needle and thread push needle through cloth and through button hole']",With needle and thread push needle through cloth and through button hole,1,0, A
0,0.0,[],"['put back all the materials', 'Drive to fabric store']",Drive to fabric store,1,0, A
1,19.230769230769237,['Drive to fabric store'],"['Get out thread', 'Sew button into place']",Get out thread,0,0, A
2,26.923076923076923,"['Drive to fabric store', 'Get out thread']","['repeat the same way', 'Get item that needs button sewing on']",Get item that needs button sewing on,1,0, A
3,46.15384615384615,"['Drive to fabric store', 'Get out thread', 'Get item that needs button sewing on']","['Push needle through fabric and button hole', 'Find right color string']",Push needle through fabric and button hole,0,0, A
4,84.61538461538461,"['Drive to fabric store', 'Get out thread', 'Get item that needs button sewing on', 'Push needle through fabric and button hole']","['Cut loose ends', 'Cut excess thread']",Cut loose ends,0,0, A
0,0.0,[],"['Get sewing basket', 'Tie knot in thread']",Get sewing basket,0,0, A
1,34.61538461538461,['Get sewing basket'],"['Keep sewing until the button is secure.', 'Thread needle']",Thread needle,1,0, A
2,46.15384615384615,"['Get sewing basket', 'Thread needle']","['Get the proper colored thread', 'Sew button onto garment']",Sew button onto garment,1,0, A
0,0.0,[],"['Push needle through button and fabric.', 'Get your sewing kit']",Get your sewing kit,1,0, A
1,11.538461538461538,['Get your sewing kit'],"['Continue until the button is securely on the clothing', 'Get needle']",Get needle,1,0, A
2,19.230769230769237,"['Get your sewing kit', 'Get needle']","['repeat steps 4-5 until button is secured to shirt', ""Pull a thread of a matching color through the needle's eye""]",Pull a thread of a matching color through the needle's eye,1,0, A
3,30.76923076923077,"['Get your sewing kit', 'Get needle', ""Pull a thread of a matching color through the needle's eye""]","['Put button on shirt.', 'Get sewing basket']",Put button on shirt.,0,0, A
4,50.0,"['Get your sewing kit', 'Get needle', ""Pull a thread of a matching color through the needle's eye"", 'Put button on shirt.']","['Find needle and thread', 'insert needle through cloth']",insert needle through cloth,1,0, A
5,53.84615384615385,"['Get your sewing kit', 'Get needle', ""Pull a thread of a matching color through the needle's eye"", 'Put button on shirt.', 'insert needle through cloth']","['Thread the opposite diagonal hole with the needle and tighten the string', 'Get sewing kit']",Thread the opposite diagonal hole with the needle and tighten the string,0,0, A
6,61.53846153846154,"['Get your sewing kit', 'Get needle', ""Pull a thread of a matching color through the needle's eye"", 'Put button on shirt.', 'insert needle through cloth', 'Thread the opposite diagonal hole with the needle and tighten the string']","['Get out sewing kit.', 'Thread one hole with the needle']",Thread one hole with the needle,1,0, A
7,80.76923076923077,"['Get your sewing kit', 'Get needle', ""Pull a thread of a matching color through the needle's eye"", 'Put button on shirt.', 'insert needle through cloth', 'Thread the opposite diagonal hole with the needle and tighten the string', 'Thread one hole with the needle']","['Get a thread and a needle', 'tug to make sure it is secure']",tug to make sure it is secure,1,0, A
0,0.0,[],"['Cut away any extra string', 'Gather supplies']",Gather supplies,1,0, A
1,15.384615384615383,['Gather supplies'],"['Choose thread color', 'Sew button through third hole']",Choose thread color,0,0, A
2,34.61538461538461,"['Gather supplies', 'Choose thread color']","['Cross over to perpendicular hole, push needle back through', 'thread the needle']",thread the needle,1,0, A
3,50.0,"['Gather supplies', 'Choose thread color', 'thread the needle']","['Push needle through button and fabric.', 'Take out needle.']",Push needle through button and fabric.,0,0, A
4,80.76923076923077,"['Gather supplies', 'Choose thread color', 'thread the needle', 'Push needle through button and fabric.']","['Tie off the thread on the underside of the garment', 'Put thread in it']",Tie off the thread on the underside of the garment,0,0, A
5,88.46153846153845,"['Gather supplies', 'Choose thread color', 'thread the needle', 'Push needle through button and fabric.', 'Tie off the thread on the underside of the garment']","['put back all the materials', 'Cut excess thread']",put back all the materials,0,0, A
6,92.3076923076923,"['Gather supplies', 'Choose thread color', 'thread the needle', 'Push needle through button and fabric.', 'Tie off the thread on the underside of the garment', 'put back all the materials']","['Check the button', 'Sew the button on the cloth using the needle']",Check the button,0,0, A
0,0.0,[],"['Get back the needle through the third button hole', 'Get scissors, needle, button and thread']","Get scissors, needle, button and thread",1,0, A
1,26.923076923076923,"['Get scissors, needle, button and thread']","['Cut thread', 'Lay down garment']",Lay down garment,1,0, A
2,30.76923076923077,"['Get scissors, needle, button and thread', 'Lay down garment']","['Put supplies away', 'Place button where desired']",Place button where desired,1,0, A
3,50.0,"['Get scissors, needle, button and thread', 'Lay down garment', 'Place button where desired']","['Put thread through needle.', 'gather needle and thread']",Put thread through needle.,0,0, A
4,53.84615384615385,"['Get scissors, needle, button and thread', 'Lay down garment', 'Place button where desired', 'Put thread through needle.']","['Pull the needle through a hole in the button, then back into the fabric', 'Acquire new button']","Pull the needle through a hole in the button, then back into the fabric",0,0, A
0,0.0,[],"['Place button on shirt', 'Drive to fabric store']",Drive to fabric store,1,0, A
1,19.230769230769237,['Drive to fabric store'],"['Sew the button onto the garment by passing the needle through all 4 button holes.', 'Select thread']",Select thread,1,0, A
2,26.923076923076923,"['Drive to fabric store', 'Select thread']","['Prepare garment for sewing', 'pull the needle through']",Prepare garment for sewing,0,0, A
3,30.76923076923077,"['Drive to fabric store', 'Select thread', 'Prepare garment for sewing']","['Place the button at right place', 'Tie knot to secure thread and button to clothes']",Place the button at right place,0,0, A
4,53.84615384615385,"['Drive to fabric store', 'Select thread', 'Prepare garment for sewing', 'Place the button at right place']","['Get button', 'Sew needle through other holes in an X formation']",Sew needle through other holes in an X formation,1,0, A
5,61.53846153846154,"['Drive to fabric store', 'Select thread', 'Prepare garment for sewing', 'Place the button at right place', 'Sew needle through other holes in an X formation']","['Get sewing kit', 'Starting from the bottom, poke needle through hole in button']","Starting from the bottom, poke needle through hole in button",1,0, A
6,65.38461538461539,"['Drive to fabric store', 'Select thread', 'Prepare garment for sewing', 'Place the button at right place', 'Sew needle through other holes in an X formation', 'Starting from the bottom, poke needle through hole in button']","['Find right color string', 'Sew button through second hole']",Sew button through second hole,1,0, A
7,69.23076923076923,"['Drive to fabric store', 'Select thread', 'Prepare garment for sewing', 'Place the button at right place', 'Sew needle through other holes in an X formation', 'Starting from the bottom, poke needle through hole in button', 'Sew button through second hole']","['Put needle in other button hole.', 'putting the button on the fabric']",Put needle in other button hole.,0,0, A
8,73.07692307692307,"['Drive to fabric store', 'Select thread', 'Prepare garment for sewing', 'Place the button at right place', 'Sew needle through other holes in an X formation', 'Starting from the bottom, poke needle through hole in button', 'Sew button through second hole', 'Put needle in other button hole.']","['Cut a length of thread more than double what you will need', 'Sew button through fourth and final hole']",Sew button through fourth and final hole,1,0, A
9,76.92307692307693,"['Drive to fabric store', 'Select thread', 'Prepare garment for sewing', 'Place the button at right place', 'Sew needle through other holes in an X formation', 'Starting from the bottom, poke needle through hole in button', 'Sew button through second hole', 'Put needle in other button hole.', 'Sew button through fourth and final hole']","['Repeat for all holes to reinforce', 'FIND THE REPLACEMENT BUTTON']",Repeat for all holes to reinforce,0,0, A
10,84.61538461538461,"['Drive to fabric store', 'Select thread', 'Prepare garment for sewing', 'Place the button at right place', 'Sew needle through other holes in an X formation', 'Starting from the bottom, poke needle through hole in button', 'Sew button through second hole', 'Put needle in other button hole.', 'Sew button through fourth and final hole', 'Repeat for all holes to reinforce']","['Select thread of correct color', 'Cut thread']",Cut thread,1,0, A
0,0.0,[],"['Thread the needle', 'Get button, thread, needle and scissors']","Get button, thread, needle and scissors",1,0, A
1,26.923076923076923,"['Get button, thread, needle and scissors']","['get item to be sewn', 'Put supplies away']",get item to be sewn,0,0, A
2,34.61538461538461,"['Get button, thread, needle and scissors', 'get item to be sewn']","['Thread needle', 'Get back the needle through the third button hole']",Thread needle,0,0, A
3,53.84615384615385,"['Get button, thread, needle and scissors', 'get item to be sewn', 'Thread needle']","['Find sewing kit.', 'Insert the needle into the button hole']",Insert the needle into the button hole,1,0, A
4,57.692307692307686,"['Get button, thread, needle and scissors', 'get item to be sewn', 'Thread needle', 'Insert the needle into the button hole']","['Pull til it stops at the knot, push through fabric and another button hole', 'Grab the fabric and button']","Pull til it stops at the knot, push through fabric and another button hole",0,0, A
5,61.53846153846154,"['Get button, thread, needle and scissors', 'get item to be sewn', 'Thread needle', 'Insert the needle into the button hole', 'Pull til it stops at the knot, push through fabric and another button hole']","['locate needle and thread', 'Push needle through hole']",Push needle through hole,1,0, A
6,80.76923076923077,"['Get button, thread, needle and scissors', 'get item to be sewn', 'Thread needle', 'Insert the needle into the button hole', 'Pull til it stops at the knot, push through fabric and another button hole', 'Push needle through hole']","['make sure button is secure', 'Find sewing kit']",make sure button is secure,0,0, A
0,0.0,[],"['Gather supplies', 'cut loose thread']",Gather supplies,0,0, A
1,30.76923076923077,['Gather supplies'],"['Find sewing kit.', 'Place button where you want it.']",Place button where you want it.,1,0, A
2,34.61538461538461,"['Gather supplies', 'Place button where you want it.']","['Thread a needle', 'Cut thread']",Thread a needle,0,0, A
3,46.15384615384615,"['Gather supplies', 'Place button where you want it.', 'Thread a needle']","['ATTACH BUTTON USING NEEDLE AND THREAD', 'Find sewing kit.']",ATTACH BUTTON USING NEEDLE AND THREAD,0,0, A
4,61.53846153846154,"['Gather supplies', 'Place button where you want it.', 'Thread a needle', 'ATTACH BUTTON USING NEEDLE AND THREAD']","['Get a needle and thread.', 'Start sewing going into the back of the garment.']",Start sewing going into the back of the garment.,1,0, A
5,80.76923076923077,"['Gather supplies', 'Place button where you want it.', 'Thread a needle', 'ATTACH BUTTON USING NEEDLE AND THREAD', 'Start sewing going into the back of the garment.']","['Tie another knot at the end of the thread.', 'grab a needle']",Tie another knot at the end of the thread.,0,0, A
0,0.0,[],"['Sew button into place', 'Drive to fabric store']",Drive to fabric store,1,0, A
1,19.230769230769237,['Drive to fabric store'],"['gathering thread', 'Push needle through first hole']",gathering thread,0,0, A
2,30.76923076923077,"['Drive to fabric store', 'gathering thread']","['Put the button in the correct spot.', 'Cut thread']",Put the button in the correct spot.,0,0, A
3,53.84615384615385,"['Drive to fabric store', 'gathering thread', 'Put the button in the correct spot.']","['Find thread that matches', 'pass needle through needle hole in button']",pass needle through needle hole in button,1,0, A
0,0.0,[],"['Tie thread to needle', 'Drive to fabric store']",Drive to fabric store,1,0, A
1,19.230769230769237,['Drive to fabric store'],"['Get out thread', 'Thread button onto clothing']",Get out thread,0,0, A
2,34.61538461538461,"['Drive to fabric store', 'Get out thread']","['Grab the fabric and button', 'Thread a needle']",Thread a needle,1,0, A
3,46.15384615384615,"['Drive to fabric store', 'Get out thread', 'Thread a needle']","['Push the needle through one button hole and back out another hole', 'getting out thread']",Push the needle through one button hole and back out another hole,0,0, A
4,61.53846153846154,"['Drive to fabric store', 'Get out thread', 'Thread a needle', 'Push the needle through one button hole and back out another hole']","['Cut away any extra string', 'Put needle into one button hole through shirt.']",Put needle into one button hole through shirt.,1,0, A
5,65.38461538461539,"['Drive to fabric store', 'Get out thread', 'Thread a needle', 'Push the needle through one button hole and back out another hole', 'Put needle into one button hole through shirt.']","['Push needle through other hole of button and through clothes', 'Place the button at right place']",Push needle through other hole of button and through clothes,0,0, A
6,76.92307692307693,"['Drive to fabric store', 'Get out thread', 'Thread a needle', 'Push the needle through one button hole and back out another hole', 'Put needle into one button hole through shirt.', 'Push needle through other hole of button and through clothes']","['Thread needle.', 'Repeat until button is secure']",Repeat until button is secure,1,0, A
7,80.76923076923077,"['Drive to fabric store', 'Get out thread', 'Thread a needle', 'Push the needle through one button hole and back out another hole', 'Put needle into one button hole through shirt.', 'Push needle through other hole of button and through clothes', 'Repeat until button is secure']","['Thread the needle', 'Tie ends.']",Tie ends.,1,0, A
8,84.61538461538461,"['Drive to fabric store', 'Get out thread', 'Thread a needle', 'Push the needle through one button hole and back out another hole', 'Put needle into one button hole through shirt.', 'Push needle through other hole of button and through clothes', 'Repeat until button is secure', 'Tie ends.']","['Cut off any excess thread.', 'Pick thread to use']",Cut off any excess thread.,0,0, A
9,88.46153846153845,"['Drive to fabric store', 'Get out thread', 'Thread a needle', 'Push the needle through one button hole and back out another hole', 'Put needle into one button hole through shirt.', 'Push needle through other hole of button and through clothes', 'Repeat until button is secure', 'Tie ends.', 'Cut off any excess thread.']","['Put needle through one hole', 'put back all the materials']",put back all the materials,1,0, A
0,0.0,[],"['moving the needle in and out of the fabric', 'Drive to fabric store']",Drive to fabric store,1,0, A
1,19.230769230769237,['Drive to fabric store'],"['Sew button through third hole', 'Get thread']",Get thread,1,0, A
2,23.07692307692308,"['Drive to fabric store', 'Get thread']","['tie a knot in the thread', 'gather button']",gather button,1,0, A
3,34.61538461538461,"['Drive to fabric store', 'Get thread', 'gather button']","['Put thread in it', 'Cut thread']",Put thread in it,0,0, A
4,61.53846153846154,"['Drive to fabric store', 'Get thread', 'gather button', 'Put thread in it']","['Lay down garment', 'Put needle into one button hole through shirt.']",Put needle into one button hole through shirt.,1,0, A
5,65.38461538461539,"['Drive to fabric store', 'Get thread', 'gather button', 'Put thread in it', 'Put needle into one button hole through shirt.']","['pull needle through to knot', 'Find sewing kit.']",pull needle through to knot,0,0, A
6,76.92307692307693,"['Drive to fabric store', 'Get thread', 'gather button', 'Put thread in it', 'Put needle into one button hole through shirt.', 'pull needle through to knot']","['Continue until button is secure', 'get thread and needle']",Continue until button is secure,0,0, A
7,84.61538461538461,"['Drive to fabric store', 'Get thread', 'gather button', 'Put thread in it', 'Put needle into one button hole through shirt.', 'pull needle through to knot', 'Continue until button is secure']","['Cut the thread', 'thread needle']",Cut the thread,0,0, A
0,0.0,[],"['Get button, thread, needle and scissors', 'Cut the needle off of the thread.']","Get button, thread, needle and scissors",0,0, A
1,26.923076923076923,"['Get button, thread, needle and scissors']","['grab object the button is being sewed', 'Cut the excess thread']",grab object the button is being sewed,0,0, A
2,30.76923076923077,"['Get button, thread, needle and scissors', 'grab object the button is being sewed']","['Align the button on the correct place on the cloth', 'Do this several times until the button is secure']",Align the button on the correct place on the cloth,0,0, A
3,50.0,"['Get button, thread, needle and scissors', 'grab object the button is being sewed', 'Align the button on the correct place on the cloth']","['Find thread that matches', 'Insert the thread through the button']",Insert the thread through the button,1,0, A
4,53.84615384615385,"['Get button, thread, needle and scissors', 'grab object the button is being sewed', 'Align the button on the correct place on the cloth', 'Insert the thread through the button']","['Place button close to clothing.', 'Find a needle']",Place button close to clothing.,0,0, A
5,80.76923076923077,"['Get button, thread, needle and scissors', 'grab object the button is being sewed', 'Align the button on the correct place on the cloth', 'Insert the thread through the button', 'Place button close to clothing.']","['Put thread through needle hole', 'Tie the end with a knot.']",Tie the end with a knot.,1,0, A
6,84.61538461538461,"['Get button, thread, needle and scissors', 'grab object the button is being sewed', 'Align the button on the correct place on the cloth', 'Insert the thread through the button', 'Place button close to clothing.', 'Tie the end with a knot.']","['Cut off excess thread', 'Get a needle']",Cut off excess thread,0,0, A
7,88.46153846153845,"['Get button, thread, needle and scissors', 'grab object the button is being sewed', 'Align the button on the correct place on the cloth', 'Insert the thread through the button', 'Place button close to clothing.', 'Tie the end with a knot.', 'Cut off excess thread']","['Take out the needle', 'Starting on inside of garment, push through with needle.']",Take out the needle,0,0, A
8,92.3076923076923,"['Get button, thread, needle and scissors', 'grab object the button is being sewed', 'Align the button on the correct place on the cloth', 'Insert the thread through the button', 'Place button close to clothing.', 'Tie the end with a knot.', 'Cut off excess thread', 'Take out the needle']","['Check if the button is tight', 'Get thread.']",Check if the button is tight,0,0, A
0,0.0,[],"['Push needle through other hole of button and through clothes', 'Get button, thread, needle and scissors']","Get button, thread, needle and scissors",1,0, A
1,7.6923076923076925,"['Get button, thread, needle and scissors']","['locate needle and thread', 'Push needle through first hole']",locate needle and thread,0,0, A
2,11.538461538461538,"['Get button, thread, needle and scissors', 'locate needle and thread']","['Get needle.', 'With needle and thread push needle through cloth and through button hole']",Get needle.,0,0, A
3,34.61538461538461,"['Get button, thread, needle and scissors', 'locate needle and thread', 'Get needle.']","['Hook thread through needle', 'Cut thread']",Hook thread through needle,0,0, A
4,46.15384615384615,"['Get button, thread, needle and scissors', 'locate needle and thread', 'Get needle.', 'Hook thread through needle']","['Sew through holes or shank in button.', 'getting out thread']",Sew through holes or shank in button.,0,0, A
5,53.84615384615385,"['Get button, thread, needle and scissors', 'locate needle and thread', 'Get needle.', 'Hook thread through needle', 'Sew through holes or shank in button.']","['Thread the opposite diagonal hole with the needle and tighten the string', 'Take out needle.']",Thread the opposite diagonal hole with the needle and tighten the string,0,0, A
6,57.692307692307686,"['Get button, thread, needle and scissors', 'locate needle and thread', 'Get needle.', 'Hook thread through needle', 'Sew through holes or shank in button.', 'Thread the opposite diagonal hole with the needle and tighten the string']","['Grab a needle and thread', 'Place needle through clothing.']",Place needle through clothing.,1,0, A
7,61.53846153846154,"['Get button, thread, needle and scissors', 'locate needle and thread', 'Get needle.', 'Hook thread through needle', 'Sew through holes or shank in button.', 'Thread the opposite diagonal hole with the needle and tighten the string', 'Place needle through clothing.']","['Thread one hole with the needle', 'Find some thread']",Thread one hole with the needle,0,0, A
8,80.76923076923077,"['Get button, thread, needle and scissors', 'locate needle and thread', 'Get needle.', 'Hook thread through needle', 'Sew through holes or shank in button.', 'Thread the opposite diagonal hole with the needle and tighten the string', 'Place needle through clothing.', 'Thread one hole with the needle']","['Place button on fabric and hold with thumb and index finger', 'tie off thread']",tie off thread,1,0, A
9,84.61538461538461,"['Get button, thread, needle and scissors', 'locate needle and thread', 'Get needle.', 'Hook thread through needle', 'Sew through holes or shank in button.', 'Thread the opposite diagonal hole with the needle and tighten the string', 'Place needle through clothing.', 'Thread one hole with the needle', 'tie off thread']","['put button where other button was located', 'Cut the thread.']",Cut the thread.,1,0, A
0,0.0,[],"['Repeat through each button hole', 'Get out needle, thread, button, and clothing item.']","Get out needle, thread, button, and clothing item.",1,0, A
1,26.923076923076923,"['Get out needle, thread, button, and clothing item.']","['Keep repeating the sewing to reinforce the strength', 'Hold shirt with non-dominant hand']",Hold shirt with non-dominant hand,1,0, A
2,30.76923076923077,"['Get out needle, thread, button, and clothing item.', 'Hold shirt with non-dominant hand']","['Place the button in the right spot', 'Find sewing kit.']",Place the button in the right spot,0,0, A
3,42.30769230769231,"['Get out needle, thread, button, and clothing item.', 'Hold shirt with non-dominant hand', 'Place the button in the right spot']","['Repeat until button is tight', 'Cut length of thread']",Cut length of thread,1,0, A
4,61.53846153846154,"['Get out needle, thread, button, and clothing item.', 'Hold shirt with non-dominant hand', 'Place the button in the right spot', 'Cut length of thread']","['take needle bring up through the back of the item', 'carefully cut off old button if exists']",take needle bring up through the back of the item,0,0, A
5,65.38461538461539,"['Get out needle, thread, button, and clothing item.', 'Hold shirt with non-dominant hand', 'Place the button in the right spot', 'Cut length of thread', 'take needle bring up through the back of the item']","['Take a button', 'Slide button onto needle and thread.']",Slide button onto needle and thread.,1,0, A
6,76.92307692307693,"['Get out needle, thread, button, and clothing item.', 'Hold shirt with non-dominant hand', 'Place the button in the right spot', 'Cut length of thread', 'take needle bring up through the back of the item', 'Slide button onto needle and thread.']","['Thread needle.', 'Repeat']",Repeat,1,0, A
0,0.0,[],"['cut thread so that need will detach', 'Drive to fabric store']",Drive to fabric store,1,0, A
1,19.230769230769237,['Drive to fabric store'],"['Sew the button through the button holes onto the shirt', 'Find some thread']",Find some thread,1,0, A
2,26.923076923076923,"['Drive to fabric store', 'Find some thread']","['Find a piece of clothing.', 'repeat 5-8 several times until button is secure']",Find a piece of clothing.,0,0, A
3,46.15384615384615,"['Drive to fabric store', 'Find some thread', 'Find a piece of clothing.']","['Get a needle', 'Put needle and thread through holes']",Put needle and thread through holes,1,0, A
4,88.46153846153845,"['Drive to fabric store', 'Find some thread', 'Find a piece of clothing.', 'Put needle and thread through holes']","['put back all the materials', 'Get thread.']",put back all the materials,0,0, A
5,92.3076923076923,"['Drive to fabric store', 'Find some thread', 'Find a piece of clothing.', 'Put needle and thread through holes', 'put back all the materials']","['Put thread through needle.', 'Check new button']",Check new button,1,0, A
0,0.0,[],"['Get a thimble', 'Do this through all holes of button']",Get a thimble,0,0, A
1,30.76923076923077,['Get a thimble'],"['Align button', 'Repeat 5 times with other two button holes']",Align button,0,0, A
2,42.30769230769231,"['Get a thimble', 'Align button']","['Cut thread string to how much is needed', 'cut the thread']",Cut thread string to how much is needed,0,0, A
3,46.15384615384615,"['Get a thimble', 'Align button', 'Cut thread string to how much is needed']","['get some thread', 'Insert the needle with thread in button hole and shirt']",Insert the needle with thread in button hole and shirt,1,0, A
4,84.61538461538461,"['Get a thimble', 'Align button', 'Cut thread string to how much is needed', 'Insert the needle with thread in button hole and shirt']","['Get needle and thread', 'cut loose thread']",cut loose thread,1,0, A
5,88.46153846153845,"['Get a thimble', 'Align button', 'Cut thread string to how much is needed', 'Insert the needle with thread in button hole and shirt', 'cut loose thread']","['Clean up.', 'Find matching thread']",Clean up.,0,0, A
6,92.3076923076923,"['Get a thimble', 'Align button', 'Cut thread string to how much is needed', 'Insert the needle with thread in button hole and shirt', 'cut loose thread', 'Clean up.']","['Check the button', 'Tie knot on needle.']",Check the button,0,0, A
0,0.0,[],"['Insert the thread into the needle hole', 'Get out needle, thread, button, and clothing item.']","Get out needle, thread, button, and clothing item.",1,0, A
1,30.76923076923077,"['Get out needle, thread, button, and clothing item.']","['put sewing kit away', 'Place button on item']",Place button on item,1,0, A
2,34.61538461538461,"['Get out needle, thread, button, and clothing item.', 'Place button on item']","['Cut off the extra thread', 'Fix the thread in the needle']",Fix the thread in the needle,1,0, A
3,50.0,"['Get out needle, thread, button, and clothing item.', 'Place button on item', 'Fix the thread in the needle']","['Get thread', 'pull through on the other side']",pull through on the other side,1,0, A
4,80.76923076923077,"['Get out needle, thread, button, and clothing item.', 'Place button on item', 'Fix the thread in the needle', 'pull through on the other side']","['Knot thread', 'Get shirt']",Knot thread,0,0, A
0,0.0,[],"['Tie off the thread on the underside of the garment', 'Get out needle, thread, button, and clothing item.']","Get out needle, thread, button, and clothing item.",1,0, A
1,15.384615384615383,"['Get out needle, thread, button, and clothing item.']","['Cut excess thread', 'Choose thread color']",Choose thread color,1,0, A
2,19.230769230769237,"['Get out needle, thread, button, and clothing item.', 'Choose thread color']","['Get thread', 'Cut excess thread']",Get thread,0,0, A
3,26.923076923076923,"['Get out needle, thread, button, and clothing item.', 'Choose thread color', 'Get thread']","['get item to be sewn', 'PUT NEEDLE AND THREAD AWAY']",get item to be sewn,0,0, A
4,34.61538461538461,"['Get out needle, thread, button, and clothing item.', 'Choose thread color', 'Get thread', 'get item to be sewn']","['Pass the needle through the second button hole', 'Thread the needle']",Thread the needle,1,0, A
5,88.46153846153845,"['Get out needle, thread, button, and clothing item.', 'Choose thread color', 'Get thread', 'get item to be sewn', 'Thread the needle']","['Put everything away.', 'Choose thread color']",Put everything away.,0,0, A
0,0.0,[],"['Drive to fabric store', 'Repeat procedure until button is secure']",Drive to fabric store,0,0, A
1,19.230769230769237,['Drive to fabric store'],"['Push the needle through one button hole and back out another hole', 'Get thread.']",Get thread.,1,0, A
2,23.07692307692308,"['Drive to fabric store', 'Get thread.']","['find button', 'Tie off the end of the thread']",find button,0,0, A
3,38.46153846153847,"['Drive to fabric store', 'Get thread.', 'find button']","['Tie knot at end of thread.', 'Get needle.']",Tie knot at end of thread.,0,0, A
4,46.15384615384615,"['Drive to fabric store', 'Get thread.', 'find button', 'Tie knot at end of thread.']","['gather needle', 'Start to sew the button onto the fabric.']",Start to sew the button onto the fabric.,1,0, A
5,50.0,"['Drive to fabric store', 'Get thread.', 'find button', 'Tie knot at end of thread.', 'Start to sew the button onto the fabric.']","['Check new button', 'Push the needle through the fabric']",Push the needle through the fabric,1,0, A
6,76.92307692307693,"['Drive to fabric store', 'Get thread.', 'find button', 'Tie knot at end of thread.', 'Start to sew the button onto the fabric.', 'Push the needle through the fabric']","['Get needle', 'Repeat until sewed on.']",Repeat until sewed on.,1,0, A
7,80.76923076923077,"['Drive to fabric store', 'Get thread.', 'find button', 'Tie knot at end of thread.', 'Start to sew the button onto the fabric.', 'Push the needle through the fabric', 'Repeat until sewed on.']","['Tie another knot at the end of the thread.', 'Prepare needle and thread.']",Tie another knot at the end of the thread.,0,0, A
8,88.46153846153845,"['Drive to fabric store', 'Get thread.', 'find button', 'Tie knot at end of thread.', 'Start to sew the button onto the fabric.', 'Push the needle through the fabric', 'Repeat until sewed on.', 'Tie another knot at the end of the thread.']","['Purchase thread', 'Put everything away.']",Put everything away.,1,0, A
0,0.0,[],"['Push needle through hole', 'Get supplies - shirt, new button, thread, needle']","Get supplies - shirt, new button, thread, needle",1,0, A
1,7.6923076923076925,"['Get supplies - shirt, new button, thread, needle']","['Tie knot in end of thread', 'Get a needle and thread.']",Get a needle and thread.,1,0, A
2,34.61538461538461,"['Get supplies - shirt, new button, thread, needle', 'Get a needle and thread.']","['Thread needle.', 'Tie off the thread on the underside of the garment']",Thread needle.,0,0, A
3,42.30769230769231,"['Get supplies - shirt, new button, thread, needle', 'Get a needle and thread.', 'Thread needle.']","['Keep sewing until the button is secure.', 'Cut thread string to how much is needed']",Cut thread string to how much is needed,1,0, A
4,46.15384615384615,"['Get supplies - shirt, new button, thread, needle', 'Get a needle and thread.', 'Thread needle.', 'Cut thread string to how much is needed']","['take the needle and matching thread', 'Start sewing']",Start sewing,1,0, A
5,80.76923076923077,"['Get supplies - shirt, new button, thread, needle', 'Get a needle and thread.', 'Thread needle.', 'Cut thread string to how much is needed', 'Start sewing']","['thread the needle', 'Secure the button with a knot']",Secure the button with a knot,1,0, A
6,88.46153846153845,"['Get supplies - shirt, new button, thread, needle', 'Get a needle and thread.', 'Thread needle.', 'Cut thread string to how much is needed', 'Start sewing', 'Secure the button with a knot']","['put sewing kit away', 'Use the needle to guide the thread']",put sewing kit away,0,0, A
7,92.3076923076923,"['Get supplies - shirt, new button, thread, needle', 'Get a needle and thread.', 'Thread needle.', 'Cut thread string to how much is needed', 'Start sewing', 'Secure the button with a knot', 'put sewing kit away']","['Check new button', 'sew onto fabric securely']",Check new button,0,0, A
0,0.0,[],"['use the string to make it stay in place', 'Drive to fabric store']",Drive to fabric store,1,0, A
1,19.230769230769237,['Drive to fabric store'],"['Insert needle through first side of button (step 3)', 'Select thread']",Select thread,1,0, A
2,30.76923076923077,"['Drive to fabric store', 'Select thread']","['Place new button where I want it to go', 'Hold button in place']",Place new button where I want it to go,0,0, A
3,34.61538461538461,"['Drive to fabric store', 'Select thread', 'Place new button where I want it to go']","['Pull through other side.', 'Put thread end through eye of needle']",Put thread end through eye of needle,1,0, A
4,88.46153846153845,"['Drive to fabric store', 'Select thread', 'Place new button where I want it to go', 'Put thread end through eye of needle']","['Tie a knot at the end of thread', 'Clean up.']",Clean up.,1,0, A
5,92.3076923076923,"['Drive to fabric store', 'Select thread', 'Place new button where I want it to go', 'Put thread end through eye of needle', 'Clean up.']","['Find needle', 'Check if the button is tight']",Check if the button is tight,1,0, A
0,0.0,[],"['Sew button.', 'Get sewing kit']",Get sewing kit,1,0, A
1,23.07692307692308,['Get sewing kit'],"['Cut thread.', 'FIND THE REPLACEMENT BUTTON']",FIND THE REPLACEMENT BUTTON,1,0, A
2,34.61538461538461,"['Get sewing kit', 'FIND THE REPLACEMENT BUTTON']","['Cut excess thread', 'THREAD THE THREAD ONTO THE NEEDLE']",THREAD THE THREAD ONTO THE NEEDLE,1,0, A
3,53.84615384615385,"['Get sewing kit', 'FIND THE REPLACEMENT BUTTON', 'THREAD THE THREAD ONTO THE NEEDLE']","['find shirt with missing button', 'Thread the opposite diagonal hole with the needle and tighten the string']",Thread the opposite diagonal hole with the needle and tighten the string,1,0, A
4,80.76923076923077,"['Get sewing kit', 'FIND THE REPLACEMENT BUTTON', 'THREAD THE THREAD ONTO THE NEEDLE', 'Thread the opposite diagonal hole with the needle and tighten the string']","['Take out needle.', ""Make sure it's secure""]",Make sure it's secure,1,0, A
5,84.61538461538461,"['Get sewing kit', 'FIND THE REPLACEMENT BUTTON', 'THREAD THE THREAD ONTO THE NEEDLE', 'Thread the opposite diagonal hole with the needle and tighten the string', ""Make sure it's secure""]","['Find a spare button that matches the other buttons', 'Cut off end from needle']",Cut off end from needle,1,0, A
0,0.0,[],"['Get sewing kit', 'Poke hole with needle through button hole and fabric']",Get sewing kit,0,0, A
1,19.230769230769237,['Get sewing kit'],"['Find thread that matches button color.', 'Pull it back out the other hole']",Find thread that matches button color.,0,0, A
2,23.07692307692308,"['Get sewing kit', 'Find thread that matches button color.']","['Get button', 'Tie the end of the string so it will not unravel']",Get button,0,0, A
3,61.53846153846154,"['Get sewing kit', 'Find thread that matches button color.', 'Get button']","['Find right color string', 'Holding button at appropriate location, press needle through first hole on button.']","Holding button at appropriate location, press needle through first hole on button.",1,0, A
4,76.92307692307693,"['Get sewing kit', 'Find thread that matches button color.', 'Get button', 'Holding button at appropriate location, press needle through first hole on button.']","['Find a thread', 'Repeat until button is secure']",Repeat until button is secure,1,0, A
0,0.0,[],"['Tie off your thread.', 'Get out needle, thread, button, and clothing item.']","Get out needle, thread, button, and clothing item.",1,0, A
1,15.384615384615383,"['Get out needle, thread, button, and clothing item.']","['Pull through other end', 'Choose thread color']",Choose thread color,1,0, A
2,23.07692307692308,"['Get out needle, thread, button, and clothing item.', 'Choose thread color']","['Put thread through button', 'Look through sewing kit for a button that matches clothing.']",Look through sewing kit for a button that matches clothing.,1,0, A
3,26.923076923076923,"['Get out needle, thread, button, and clothing item.', 'Choose thread color', 'Look through sewing kit for a button that matches clothing.']","['take the cloth to be sewed', 'cut the thread when finished']",take the cloth to be sewed,0,0, A
4,50.0,"['Get out needle, thread, button, and clothing item.', 'Choose thread color', 'Look through sewing kit for a button that matches clothing.', 'take the cloth to be sewed']","['Get a needle', 'Stick the needle through']",Stick the needle through,1,0, A
5,76.92307692307693,"['Get out needle, thread, button, and clothing item.', 'Choose thread color', 'Look through sewing kit for a button that matches clothing.', 'take the cloth to be sewed', 'Stick the needle through']","['Thread needle.', 'Repeat until button is secure']",Repeat until button is secure,1,0, A
6,84.61538461538461,"['Get out needle, thread, button, and clothing item.', 'Choose thread color', 'Look through sewing kit for a button that matches clothing.', 'take the cloth to be sewed', 'Stick the needle through', 'Repeat until button is secure']","['Cut thread', 'Position needle with thread']",Cut thread,0,0, A
0,0.0,[],"['put the needle in and out through the holes', 'Drive to fabric store']",Drive to fabric store,1,0, A
1,19.230769230769237,['Drive to fabric store'],"['With needle and thread push needle through cloth and through button hole', 'Pick thread to use']",Pick thread to use,1,0, A
2,26.923076923076923,"['Drive to fabric store', 'Pick thread to use']","['Repeat until button is secure', 'Get clothing']",Get clothing,1,0, A
3,46.15384615384615,"['Drive to fabric store', 'Pick thread to use', 'Get clothing']","['Start to sew.', 'getting out thread']",Start to sew.,0,0, A
4,84.61538461538461,"['Drive to fabric store', 'Pick thread to use', 'Get clothing', 'Start to sew.']","['Thread needle.', 'cut the thread when finished']",cut the thread when finished,1,0, A
0,0.0,[],"['Tie of thread on inside', 'Take out sewing kit']",Take out sewing kit,1,0, A
1,23.07692307692308,['Take out sewing kit'],"['Tie off your thread.', 'Find a button that matches']",Find a button that matches,1,0, A
2,61.53846153846154,"['Take out sewing kit', 'Find a button that matches']","['Pull thread through', 'get sewing kit']",Pull thread through,0,0, A
3,76.92307692307693,"['Take out sewing kit', 'Find a button that matches', 'Pull thread through']","['Repeat steps 4 through 6 about 30 times', 'Get button']",Repeat steps 4 through 6 about 30 times,0,0, A
0,0.0,[],"['Put everything away.', 'Get out sewing kit.']",Get out sewing kit.,1,0, A
1,23.07692307692308,['Get out sewing kit.'],"['Find a button', 'cut thread']",Find a button,0,0, A
2,61.53846153846154,"['Get out sewing kit.', 'Find a button']","['cut remaining thread away', 'Thread one hole with the needle']",Thread one hole with the needle,1,0, A
3,65.38461538461539,"['Get out sewing kit.', 'Find a button', 'Thread one hole with the needle']","['Get proper button', 'Then push needle through material']",Then push needle through material,1,0, A
4,76.92307692307693,"['Get out sewing kit.', 'Find a button', 'Thread one hole with the needle', 'Then push needle through material']","['Get needle', 'Repeat until sewed on.']",Repeat until sewed on.,1,0, A
5,80.76923076923077,"['Get out sewing kit.', 'Find a button', 'Thread one hole with the needle', 'Then push needle through material', 'Repeat until sewed on.']","['Align the button on the correct place on the cloth', 'Tie the thread in a knot to secure it']",Tie the thread in a knot to secure it,1,0, A
6,84.61538461538461,"['Get out sewing kit.', 'Find a button', 'Thread one hole with the needle', 'Then push needle through material', 'Repeat until sewed on.', 'Tie the thread in a knot to secure it']","['Put the thread through the button and start threading', 'Cut thread']",Cut thread,1,0, A
7,88.46153846153845,"['Get out sewing kit.', 'Find a button', 'Thread one hole with the needle', 'Then push needle through material', 'Repeat until sewed on.', 'Tie the thread in a knot to secure it', 'Cut thread']","['Put needle and thread back in drawer', 'grab object the button is being sewed']",Put needle and thread back in drawer,0,0, A
0,0.0,[],"['Get supplies - shirt, new button, thread, needle', 'Tie the thread so the button will not come loose']","Get supplies - shirt, new button, thread, needle",0,0, A
1,15.384615384615383,"['Get supplies - shirt, new button, thread, needle']","['Repeat several times, going through a different hole each time.', 'Choose thread color']",Choose thread color,1,0, A
2,19.230769230769237,"['Get supplies - shirt, new button, thread, needle', 'Choose thread color']","['Find a thread', 'Tie thread at end']",Find a thread,0,0, A
3,23.07692307692308,"['Get supplies - shirt, new button, thread, needle', 'Choose thread color', 'Find a thread']","['Find an extra button', 'Cut the thread']",Find an extra button,0,0, A
4,26.923076923076923,"['Get supplies - shirt, new button, thread, needle', 'Choose thread color', 'Find a thread', 'Find an extra button']","['put sewing kit away', 'Hold shirt with non-dominant hand']",Hold shirt with non-dominant hand,1,0, A
5,30.76923076923077,"['Get supplies - shirt, new button, thread, needle', 'Choose thread color', 'Find a thread', 'Find an extra button', 'Hold shirt with non-dominant hand']","['putting the button on the fabric', 'Get your sewing kit']",putting the button on the fabric,0,0, A
6,46.15384615384615,"['Get supplies - shirt, new button, thread, needle', 'Choose thread color', 'Find a thread', 'Find an extra button', 'Hold shirt with non-dominant hand', 'putting the button on the fabric']","['Sew the button onto the garment by passing the needle through all 4 button holes.', 'Take out sewing kit.']",Sew the button onto the garment by passing the needle through all 4 button holes.,0,0, A
7,80.76923076923077,"['Get supplies - shirt, new button, thread, needle', 'Choose thread color', 'Find a thread', 'Find an extra button', 'Hold shirt with non-dominant hand', 'putting the button on the fabric', 'Sew the button onto the garment by passing the needle through all 4 button holes.']","['Thread needle with some thread.', ""TIE A KNOT IN THE END OF THE THREAD SO THE BUTTON DOESN'T COME OFF""]",TIE A KNOT IN THE END OF THE THREAD SO THE BUTTON DOESN'T COME OFF,1,0, A
8,84.61538461538461,"['Get supplies - shirt, new button, thread, needle', 'Choose thread color', 'Find a thread', 'Find an extra button', 'Hold shirt with non-dominant hand', 'putting the button on the fabric', 'Sew the button onto the garment by passing the needle through all 4 button holes.', ""TIE A KNOT IN THE END OF THE THREAD SO THE BUTTON DOESN'T COME OFF""]","['Ending again in the back of the garment cut off the thread.', 'Thread the needle']",Ending again in the back of the garment cut off the thread.,0,0, A
0,0.0,[],"['Drive to fabric store', 'Repeat until button is tight']",Drive to fabric store,0,0, A
1,19.230769230769237,['Drive to fabric store'],"['Take out the needle', 'Get some thread.']",Get some thread.,1,0, A
2,23.07692307692308,"['Drive to fabric store', 'Get some thread.']","['Find a button', 'repeat 5-8 several times until button is secure']",Find a button,0,0, A
3,38.46153846153847,"['Drive to fabric store', 'Get some thread.', 'Find a button']","['Tie off thread', 'Tie knot in other end of thread']",Tie knot in other end of thread,1,0, A
4,61.53846153846154,"['Drive to fabric store', 'Get some thread.', 'Find a button', 'Tie knot in other end of thread']","['Grab thread and needle', 'Start sewing going into the back of the garment.']",Start sewing going into the back of the garment.,1,0, A
5,65.38461538461539,"['Drive to fabric store', 'Get some thread.', 'Find a button', 'Tie knot in other end of thread', 'Start sewing going into the back of the garment.']","['Bring the needle up through another hole on button.', 'thread the needle']",Bring the needle up through another hole on button.,0,0, A
6,76.92307692307693,"['Drive to fabric store', 'Get some thread.', 'Find a button', 'Tie knot in other end of thread', 'Start sewing going into the back of the garment.', 'Bring the needle up through another hole on button.']","['Get thread and needle', 'Repeat 5 times with other two button holes']",Repeat 5 times with other two button holes,1,0, A
7,84.61538461538461,"['Drive to fabric store', 'Get some thread.', 'Find a button', 'Tie knot in other end of thread', 'Start sewing going into the back of the garment.', 'Bring the needle up through another hole on button.', 'Repeat 5 times with other two button holes']","['Find thread that matches', 'cut the thread']",cut the thread,1,0, A
8,88.46153846153845,"['Drive to fabric store', 'Get some thread.', 'Find a button', 'Tie knot in other end of thread', 'Start sewing going into the back of the garment.', 'Bring the needle up through another hole on button.', 'Repeat 5 times with other two button holes', 'cut the thread']","['Put supplies away', 'Tie knot on needle.']",Put supplies away,0,0, A
9,92.3076923076923,"['Drive to fabric store', 'Get some thread.', 'Find a button', 'Tie knot in other end of thread', 'Start sewing going into the back of the garment.', 'Bring the needle up through another hole on button.', 'Repeat 5 times with other two button holes', 'cut the thread', 'Put supplies away']","['Check if the button is tight', 'find a button']",Check if the button is tight,0,0, A
0,0.0,[],"['Continue sewing.', 'Drive to fabric store']",Drive to fabric store,1,0, A
1,19.230769230769237,['Drive to fabric store'],"['Purchase thread', 'Tie knot.']",Purchase thread,0,0, A
2,23.07692307692308,"['Drive to fabric store', 'Purchase thread']","['Cut thread', 'Get the button.']",Get the button.,1,0, A
3,61.53846153846154,"['Drive to fabric store', 'Purchase thread', 'Get the button.']","['Choose thread to sew button on with.', 'Push needle through hole']",Push needle through hole,1,0, A
4,76.92307692307693,"['Drive to fabric store', 'Purchase thread', 'Get the button.', 'Push needle through hole']","['repeat until button is secure', 'Grab the fabric and button']",repeat until button is secure,0,0, A
0,0.0,[],"['Thread needle.', 'Drive to fabric store']",Drive to fabric store,1,0, A
1,19.230769230769237,['Drive to fabric store'],"['Get the proper colored thread', 'Continue sewing in an X pattern until the button is secure.']",Get the proper colored thread,0,0, A
2,30.76923076923077,"['Drive to fabric store', 'Get the proper colored thread']","['Cut off remaining thread', 'place button where you want it']",place button where you want it,1,0, A
3,61.53846153846154,"['Drive to fabric store', 'Get the proper colored thread', 'place button where you want it']","['Find similar color thread to use.', 'Starting from the bottom, poke needle through hole in button']","Starting from the bottom, poke needle through hole in button",1,0, A
4,76.92307692307693,"['Drive to fabric store', 'Get the proper colored thread', 'place button where you want it', 'Starting from the bottom, poke needle through hole in button']","['Repeat for all holes to reinforce', 'Thread needle.']",Repeat for all holes to reinforce,0,0, A
0,0.0,[],"['Gather supplies', 'Continue sewing in an X pattern until the button is secure.']",Gather supplies,0,0, A
1,15.384615384615383,['Gather supplies'],"['Push needle through other hole of button and through clothes', 'Choose thread color']",Choose thread color,1,0, A
2,34.61538461538461,"['Gather supplies', 'Choose thread color']","['Get back the needle through the fourth button hole', 'Thread needle']",Thread needle,1,0, A
3,38.46153846153847,"['Gather supplies', 'Choose thread color', 'Thread needle']","['Tie a knot in the end of thread', 'Repeat steps 4 through 6 about 30 times']",Tie a knot in the end of thread,0,0, A
4,61.53846153846154,"['Gather supplies', 'Choose thread color', 'Thread needle', 'Tie a knot in the end of thread']","['Cut thread.', 'Insert needle through one side of button']",Insert needle through one side of button,1,0, A
5,80.76923076923077,"['Gather supplies', 'Choose thread color', 'Thread needle', 'Tie a knot in the end of thread', 'Insert needle through one side of button']","['Tie off thread', 'Select needle']",Tie off thread,0,0, A
0,0.0,[],"['line new button up with corresponding button hole', 'Drive to fabric store']",Drive to fabric store,1,0, A
1,19.230769230769237,['Drive to fabric store'],"['Get out thread', 'use needle and thread to sew button onto shirt']",Get out thread,0,0, A
2,34.61538461538461,"['Drive to fabric store', 'Get out thread']","['Thread needle.', 'Cut off excess thread']",Thread needle.,0,0, A
3,38.46153846153847,"['Drive to fabric store', 'Get out thread', 'Thread needle.']","['Prepare needle and thread.', 'Tie knot in other end of thread']",Tie knot in other end of thread,1,0, A
4,42.30769230769231,"['Drive to fabric store', 'Get out thread', 'Thread needle.', 'Tie knot in other end of thread']","['Cut thread', 'Cut length of thread']",Cut length of thread,1,0, A
5,46.15384615384615,"['Drive to fabric store', 'Get out thread', 'Thread needle.', 'Tie knot in other end of thread', 'Cut length of thread']","['Get proper button', 'Proceed to insert needle into button holes and through clothing/ item until securely sewn']",Proceed to insert needle into button holes and through clothing/ item until securely sewn,1,0, A
6,61.53846153846154,"['Drive to fabric store', 'Get out thread', 'Thread needle.', 'Tie knot in other end of thread', 'Cut length of thread', 'Proceed to insert needle into button holes and through clothing/ item until securely sewn']","['Push needle through hole', 'Thread needle']",Push needle through hole,0,0, A
7,65.38461538461539,"['Drive to fabric store', 'Get out thread', 'Thread needle.', 'Tie knot in other end of thread', 'Cut length of thread', 'Proceed to insert needle into button holes and through clothing/ item until securely sewn', 'Push needle through hole']","['get thread', 'Sew button through second hole']",Sew button through second hole,1,0, A
8,69.23076923076923,"['Drive to fabric store', 'Get out thread', 'Thread needle.', 'Tie knot in other end of thread', 'Cut length of thread', 'Proceed to insert needle into button holes and through clothing/ item until securely sewn', 'Push needle through hole', 'Sew button through second hole']","['Poke needle through opposite hole', 'gather button']",Poke needle through opposite hole,0,0, A
0,0.0,[],"['Drive to fabric store', 'Repeat']",Drive to fabric store,0,0, A
1,19.230769230769237,['Drive to fabric store'],"['Sew the button onto the garment by passing the needle through all 4 button holes.', 'Find thread that matches button color.']",Find thread that matches button color.,1,0, A
2,34.61538461538461,"['Drive to fabric store', 'Find thread that matches button color.']","['threading the needle', 'Repeat for all holes to reinforce']",threading the needle,0,0, A
3,42.30769230769231,"['Drive to fabric store', 'Find thread that matches button color.', 'threading the needle']","['Cut length of thread', 'get sewing kit']",Cut length of thread,0,0, A
4,46.15384615384615,"['Drive to fabric store', 'Find thread that matches button color.', 'threading the needle', 'Cut length of thread']","['Move needle in and out of button holes to secure to shirt.', 'GET SOME NEEDLE AND THREAD']",Move needle in and out of button holes to secure to shirt.,0,0, A
5,76.92307692307693,"['Drive to fabric store', 'Find thread that matches button color.', 'threading the needle', 'Cut length of thread', 'Move needle in and out of button holes to secure to shirt.']","['repeat 6 more times', 'Thread the needle']",repeat 6 more times,0,0, A
6,84.61538461538461,"['Drive to fabric store', 'Find thread that matches button color.', 'threading the needle', 'Cut length of thread', 'Move needle in and out of button holes to secure to shirt.', 'repeat 6 more times']","['Stick the needle through', 'Cut off excess thread']",Cut off excess thread,1,0, A
0,0.0,[],"[""pass needle and thread back through another of the button's needle holes"", 'Drive to fabric store']",Drive to fabric store,1,0, A
1,19.230769230769237,['Drive to fabric store'],"['Starting from the bottom, poke needle through hole in button', 'Cut a length of thread more than double what you will need']",Cut a length of thread more than double what you will need,1,0, A
2,23.07692307692308,"['Drive to fabric store', 'Cut a length of thread more than double what you will need']","['get button', 'put items away when done']",get button,0,0, A
3,50.0,"['Drive to fabric store', 'Cut a length of thread more than double what you will need', 'get button']","['Push needle through button and fabric.', 'Get your sewing kit']",Push needle through button and fabric.,0,0, A
4,76.92307692307693,"['Drive to fabric store', 'Cut a length of thread more than double what you will need', 'get button', 'Push needle through button and fabric.']","['stitching the button on', 'Put button in the right area']",stitching the button on,0,0, A
5,80.76923076923077,"['Drive to fabric store', 'Cut a length of thread more than double what you will need', 'get button', 'Push needle through button and fabric.', 'stitching the button on']","['Tie off thread', 'Find button to be sewn']",Tie off thread,0,0, A
6,84.61538461538461,"['Drive to fabric store', 'Cut a length of thread more than double what you will need', 'get button', 'Push needle through button and fabric.', 'stitching the button on', 'Tie off thread']","['Thread the needle', 'cut remaining thread away']",cut remaining thread away,1,0, A
7,88.46153846153845,"['Drive to fabric store', 'Cut a length of thread more than double what you will need', 'get button', 'Push needle through button and fabric.', 'stitching the button on', 'Tie off thread', 'cut remaining thread away']","['Get a shirt.', 'Take out the needle']",Take out the needle,1,0, A
8,92.3076923076923,"['Drive to fabric store', 'Cut a length of thread more than double what you will need', 'get button', 'Push needle through button and fabric.', 'stitching the button on', 'Tie off thread', 'cut remaining thread away', 'Take out the needle']","['MAKE SURE BUTTON IS SECURE', 'Get needle.']",MAKE SURE BUTTON IS SECURE,0,0, A
0,0.0,[],"['Drive to fabric store', 'Continue crisscrossing thread between holes of button until button is tight.']",Drive to fabric store,0,0, A
1,19.230769230769237,['Drive to fabric store'],"['knot thread', 'Get thread.']",Get thread.,1,0, A
2,23.07692307692308,"['Drive to fabric store', 'Get thread.']","['Get a button to match', 'Cut loose ends']",Get a button to match,0,0, A
3,50.0,"['Drive to fabric store', 'Get thread.', 'Get a button to match']","['Push needle through the button holes', 'Ending again in the back of the garment cut off the thread.']",Push needle through the button holes,0,0, A
4,80.76923076923077,"['Drive to fabric store', 'Get thread.', 'Get a button to match', 'Push needle through the button holes']","['Get your button', 'Tie off knot with thread.']",Tie off knot with thread.,1,0, A
5,84.61538461538461,"['Drive to fabric store', 'Get thread.', 'Get a button to match', 'Push needle through the button holes', 'Tie off knot with thread.']","['Take out thread and needle', 'break the thread']",break the thread,1,0, A
0,0.0,[],"['Tie the thread at the bottom of the button', 'Take out sewing kit.']",Take out sewing kit.,1,0, A
1,11.538461538461538,['Take out sewing kit.'],"['getting out needle', 'Sew needle through other holes in an X formation']",getting out needle,0,0, A
2,30.76923076923077,"['Take out sewing kit.', 'getting out needle']","['Align button', 'Pull til it stops at the knot, push through fabric and another button hole']",Align button,0,0, A
3,46.15384615384615,"['Take out sewing kit.', 'getting out needle', 'Align button']","['Get out needle', 'Sew button']",Sew button,1,0, A
4,53.84615384615385,"['Take out sewing kit.', 'getting out needle', 'Align button', 'Sew button']","['Get needle and thread', 'Pull it back out the other hole']",Pull it back out the other hole,1,0, A
5,57.692307692307686,"['Take out sewing kit.', 'getting out needle', 'Align button', 'Sew button', 'Pull it back out the other hole']","['line it up with the hole', ""pass needle and thread back through another of the button's needle holes""]",pass needle and thread back through another of the button's needle holes,1,0, A
6,76.92307692307693,"['Take out sewing kit.', 'getting out needle', 'Align button', 'Sew button', 'Pull it back out the other hole', ""pass needle and thread back through another of the button's needle holes""]","['put button where other button was located', ""Repeat until it's stable""]",Repeat until it's stable,1,0, A
0,0.0,[],"['sew the button on the garment', 'Gather supplies']",Gather supplies,1,0, A
1,26.923076923076923,['Gather supplies'],"['Place item on flat surface', 'Thread the opposite diagonal hole with the needle and tighten the string']",Place item on flat surface,0,0, A
2,30.76923076923077,"['Gather supplies', 'Place item on flat surface']","['Hold button in place on clothing.', 'Cut off remaining thread']",Hold button in place on clothing.,0,0, A
3,61.53846153846154,"['Gather supplies', 'Place item on flat surface', 'Hold button in place on clothing.']","['Get garment which you would like to sew button on to.', 'Pull the needle until thread is completely on the other side of shirt']",Pull the needle until thread is completely on the other side of shirt,1,0, A
4,76.92307692307693,"['Gather supplies', 'Place item on flat surface', 'Hold button in place on clothing.', 'Pull the needle until thread is completely on the other side of shirt']","['put thread through needle', 'Continue repeating pushing up and pushing thread back down']",Continue repeating pushing up and pushing thread back down,1,0, A
0,0.0,[],"['Cut away old strings', 'Get your sewing kit']",Get your sewing kit,1,0, A
1,34.61538461538461,['Get your sewing kit'],"['tie a knot in the thread', 'Thread the needle']",Thread the needle,1,0, A
2,50.0,"['Get your sewing kit', 'Thread the needle']","['Push needle through the button holes', 'Get needle']",Push needle through the button holes,0,0, A
3,76.92307692307693,"['Get your sewing kit', 'Thread the needle', 'Push needle through the button holes']","['Continue to loop the needle and thread through the button holes.', 'Get out needle']",Continue to loop the needle and thread through the button holes.,0,0, A
4,84.61538461538461,"['Get your sewing kit', 'Thread the needle', 'Push needle through the button holes', 'Continue to loop the needle and thread through the button holes.']","['Get sewing basket', 'Cut off any loose threads with a scissors.']",Cut off any loose threads with a scissors.,1,0, A
0,0.0,[],"['Get out needle, thread, button, and clothing item.', 'Sew needle through other holes in an X formation']","Get out needle, thread, button, and clothing item.",0,0, A
1,26.923076923076923,"['Get out needle, thread, button, and clothing item.']","['Place item on flat surface', 'Get out sewing kit']",Place item on flat surface,0,0, A
2,34.61538461538461,"['Get out needle, thread, button, and clothing item.', 'Place item on flat surface']","['Tie a knot.', 'Thread needle.']",Thread needle.,1,0, A
3,50.0,"['Get out needle, thread, button, and clothing item.', 'Place item on flat surface', 'Thread needle.']","['Cut off the extra thread', 'push needle through button and shirt']",push needle through button and shirt,1,0, A
4,76.92307692307693,"['Get out needle, thread, button, and clothing item.', 'Place item on flat surface', 'Thread needle.', 'push needle through button and shirt']","['Tie a knot in the thread', 'Repeat 5 times with other two button holes']",Repeat 5 times with other two button holes,1,0, A
5,84.61538461538461,"['Get out needle, thread, button, and clothing item.', 'Place item on flat surface', 'Thread needle.', 'push needle through button and shirt', 'Repeat 5 times with other two button holes']","['Cut off excess thread', 'Put button on shirt.']",Cut off excess thread,0,0, A
6,88.46153846153845,"['Get out needle, thread, button, and clothing item.', 'Place item on flat surface', 'Thread needle.', 'push needle through button and shirt', 'Repeat 5 times with other two button holes', 'Cut off excess thread']","['Take out sewing kit.', 'Put the needle and thread away']",Put the needle and thread away,1,0, A
7,92.3076923076923,"['Get out needle, thread, button, and clothing item.', 'Place item on flat surface', 'Thread needle.', 'push needle through button and shirt', 'Repeat 5 times with other two button holes', 'Cut off excess thread', 'Put the needle and thread away']","['Check the button', 'Hold shirt with non-dominant hand']",Check the button,0,0, A
0,0.0,[],"['Get back the needle through the fourth button hole', 'get thread, needle, button to be sewn']","get thread, needle, button to be sewn",1,0, A
1,30.76923076923077,"['get thread, needle, button to be sewn']","['When done knot end.', 'line it up with the hole']",line it up with the hole,1,0, A
2,46.15384615384615,"['get thread, needle, button to be sewn', 'line it up with the hole']","['getting out needle', 'sew the button with criss-cross movement of needle']",sew the button with criss-cross movement of needle,1,0, A
3,61.53846153846154,"['get thread, needle, button to be sewn', 'line it up with the hole', 'sew the button with criss-cross movement of needle']","['Get a shirt.', 'Starting from the bottom, poke needle through hole in button']","Starting from the bottom, poke needle through hole in button",1,0, A
4,65.38461538461539,"['get thread, needle, button to be sewn', 'line it up with the hole', 'sew the button with criss-cross movement of needle', 'Starting from the bottom, poke needle through hole in button']","['Bring the needle up through another hole on button.', 'Get thread']",Bring the needle up through another hole on button.,0,0, A
5,69.23076923076923,"['get thread, needle, button to be sewn', 'line it up with the hole', 'sew the button with criss-cross movement of needle', 'Starting from the bottom, poke needle through hole in button', 'Bring the needle up through another hole on button.']","['carefully cut off old button if exists', 'Sew through the diagonal hole of the button and the garment.']",Sew through the diagonal hole of the button and the garment.,1,0, A
0,0.0,[],"['Place button where it is to be sewed', 'Drive to fabric store']",Drive to fabric store,1,0, A
1,19.230769230769237,['Drive to fabric store'],"['Start to sew on button', 'Choose thread to sew button on with.']",Choose thread to sew button on with.,1,0, A
2,23.07692307692308,"['Drive to fabric store', 'Choose thread to sew button on with.']","['Using threaded needle, sew button on to garment.', 'Find a button']",Find a button,1,0, A
3,26.923076923076923,"['Drive to fabric store', 'Choose thread to sew button on with.', 'Find a button']","['Holding button at appropriate location, press needle through first hole on button.', 'Find a piece of clothing.']",Find a piece of clothing.,1,0, A
4,30.76923076923077,"['Drive to fabric store', 'Choose thread to sew button on with.', 'Find a button', 'Find a piece of clothing.']","['Position button on shirt', 'Get back the needle through the third button hole']",Position button on shirt,0,0, A
5,46.15384615384615,"['Drive to fabric store', 'Choose thread to sew button on with.', 'Find a button', 'Find a piece of clothing.', 'Position button on shirt']","['Poke needle through opposite hole', 'Push the needle through one button hole and back out another hole']",Push the needle through one button hole and back out another hole,1,0, A
0,0.0,[],"['Get scissors, needle, button and thread', 'Tie off thread']","Get scissors, needle, button and thread",0,0, A
1,7.6923076923076925,"['Get scissors, needle, button and thread']","['tie knot at end of thread', 'Take a needle and required thread']",Take a needle and required thread,1,0, A
2,26.923076923076923,"['Get scissors, needle, button and thread', 'Take a needle and required thread']","['Lay down garment', 'Pull thread through opposite button hole']",Lay down garment,0,0, A
3,30.76923076923077,"['Get scissors, needle, button and thread', 'Take a needle and required thread', 'Lay down garment']","['Place button on item', 'Push through other holes']",Place button on item,0,0, A
4,42.30769230769231,"['Get scissors, needle, button and thread', 'Take a needle and required thread', 'Lay down garment', 'Place button on item']","['measure and cut length of thread', 'Take a needle']",measure and cut length of thread,0,0, A
5,61.53846153846154,"['Get scissors, needle, button and thread', 'Take a needle and required thread', 'Lay down garment', 'Place button on item', 'measure and cut length of thread']","['Push needle through first hole', 'Get sewing basket']",Push needle through first hole,0,0, A
6,80.76923076923077,"['Get scissors, needle, button and thread', 'Take a needle and required thread', 'Lay down garment', 'Place button on item', 'measure and cut length of thread', 'Push needle through first hole']","['Tie knot on thread.', 'Find replacement button.']",Tie knot on thread.,0,0, A
7,84.61538461538461,"['Get scissors, needle, button and thread', 'Take a needle and required thread', 'Lay down garment', 'Place button on item', 'measure and cut length of thread', 'Push needle through first hole', 'Tie knot on thread.']","['Thread a needle', 'cut thread']",cut thread,1,0, A
8,88.46153846153845,"['Get scissors, needle, button and thread', 'Take a needle and required thread', 'Lay down garment', 'Place button on item', 'measure and cut length of thread', 'Push needle through first hole', 'Tie knot on thread.', 'cut thread']","['Pull it back out the other hole', 'put back all the materials']",put back all the materials,1,0, A
0,0.0,[],"['Drive to fabric store', 'tie the thread to the sewing needle']",Drive to fabric store,0,0, A
1,19.230769230769237,['Drive to fabric store'],"['Put thread through needle.', 'Take out right colored thread.']",Take out right colored thread.,1,0, A
2,23.07692307692308,"['Drive to fabric store', 'Take out right colored thread.']","['Put away needle and thread', 'Acquire new button']",Acquire new button,1,0, A
3,38.46153846153847,"['Drive to fabric store', 'Take out right colored thread.', 'Acquire new button']","['Keep repeating the sewing to reinforce the strength', 'Tie knot with thread']",Tie knot with thread,1,0, A
4,46.15384615384615,"['Drive to fabric store', 'Take out right colored thread.', 'Acquire new button', 'Tie knot with thread']","['Find a thread', 'Use needle and thread to sew button']",Use needle and thread to sew button,1,0, A
5,53.84615384615385,"['Drive to fabric store', 'Take out right colored thread.', 'Acquire new button', 'Tie knot with thread', 'Use needle and thread to sew button']","['Pull thread through and secure button', 'Put all the items away']",Pull thread through and secure button,0,0, A
6,80.76923076923077,"['Drive to fabric store', 'Take out right colored thread.', 'Acquire new button', 'Tie knot with thread', 'Use needle and thread to sew button', 'Pull thread through and secure button']","['Tie knot on thread.', 'Take out thread and needle']",Tie knot on thread.,0,0, A
7,88.46153846153845,"['Drive to fabric store', 'Take out right colored thread.', 'Acquire new button', 'Tie knot with thread', 'Use needle and thread to sew button', 'Pull thread through and secure button', 'Tie knot on thread.']","['Put away needle and thread', 'Pick thread to use']",Put away needle and thread,0,0, A
0,0.0,[],"['Cut thread string to how much is needed', 'Get sewing basket']",Get sewing basket,1,0, A
1,23.07692307692308,['Get sewing basket'],"['Put supplies away', 'Acquire new button']",Acquire new button,1,0, A
2,26.923076923076923,"['Get sewing basket', 'Acquire new button']","['taking the right button out', 'Put away thread and needle']",taking the right button out,0,0, A
3,30.76923076923077,"['Get sewing basket', 'Acquire new button', 'taking the right button out']","['Get out sewing kit.', 'Place button where desired']",Place button where desired,1,0, A
4,50.0,"['Get sewing basket', 'Acquire new button', 'taking the right button out', 'Place button where desired']","['Cut.', 'pull through on the other side']",pull through on the other side,1,0, A
5,80.76923076923077,"['Get sewing basket', 'Acquire new button', 'taking the right button out', 'Place button where desired', 'pull through on the other side']","['get item to be sewn', 'Tie the end of the string so it will not unravel']",Tie the end of the string so it will not unravel,1,0, A
0,0.0,[],"['Start to sew on button', 'Get sewing kit']",Get sewing kit,1,0, A
1,34.61538461538461,['Get sewing kit'],"['Insert thread in needle', 'Cut the excess thread']",Insert thread in needle,0,0, A
2,38.46153846153847,"['Get sewing kit', 'Insert thread in needle']","['Prepare needle and thread.', 'Tie knot at end of thread.']",Tie knot at end of thread.,1,0, A
3,50.0,"['Get sewing kit', 'Insert thread in needle', 'Tie knot at end of thread.']","['Cut loose ends.', 'Put thread through needle.']",Put thread through needle.,1,0, A
4,80.76923076923077,"['Get sewing kit', 'Insert thread in needle', 'Tie knot at end of thread.', 'Put thread through needle.']","['Break the thread and tie a final knot', 'place botton where you want it']",Break the thread and tie a final knot,0,0, A
5,84.61538461538461,"['Get sewing kit', 'Insert thread in needle', 'Tie knot at end of thread.', 'Put thread through needle.', 'Break the thread and tie a final knot']","['Thread needle', 'Cut off any loose threads with a scissors.']",Cut off any loose threads with a scissors.,1,0, A
6,88.46153846153845,"['Get sewing kit', 'Insert thread in needle', 'Tie knot at end of thread.', 'Put thread through needle.', 'Break the thread and tie a final knot', 'Cut off any loose threads with a scissors.']","['put the supplies away', 'Pass the needle through the second button hole']",put the supplies away,0,0, A
7,92.3076923076923,"['Get sewing kit', 'Insert thread in needle', 'Tie knot at end of thread.', 'Put thread through needle.', 'Break the thread and tie a final knot', 'Cut off any loose threads with a scissors.', 'put the supplies away']","['Check new button', 'Tie a knot in the end of thread']",Check new button,0,0, A
0,0.0,[],"['pull thread forward', 'Get sewing kit']",Get sewing kit,1,0, A
1,23.07692307692308,['Get sewing kit'],"['Repeat until button is tight', 'Find a button to sew.']",Find a button to sew.,1,0, A
2,30.76923076923077,"['Get sewing kit', 'Find a button to sew.']","['Continue to loop the needle and thread through the button holes.', 'attach button to shirt']",attach button to shirt,1,0, A
3,61.53846153846154,"['Get sewing kit', 'Find a button to sew.', 'attach button to shirt']","['Take out thread and needle', 'Put needle into one button hole through shirt.']",Put needle into one button hole through shirt.,1,0, A
4,76.92307692307693,"['Get sewing kit', 'Find a button to sew.', 'attach button to shirt', 'Put needle into one button hole through shirt.']","['Get a thread and a needle', 'Do this several times until the button is secure']",Do this several times until the button is secure,1,0, A
0,0.0,[],"['Tie ends.', 'get sewing kit']",get sewing kit,1,0, A
1,19.230769230769237,['get sewing kit'],"['Use needle and thread to sew button', 'Get thread.']",Get thread.,1,0, A
2,26.923076923076923,"['get sewing kit', 'Get thread.']","['gather garment for buttoning', 'Tie off your thread.']",gather garment for buttoning,0,0, A
3,46.15384615384615,"['get sewing kit', 'Get thread.', 'gather garment for buttoning']","['Select thread', 'Use the needle to go through the button holes and the fabric']",Use the needle to go through the button holes and the fabric,1,0, A
4,80.76923076923077,"['get sewing kit', 'Get thread.', 'gather garment for buttoning', 'Use the needle to go through the button holes and the fabric']","['Tie off finishing knot', 'Align button']",Tie off finishing knot,0,0, A
5,88.46153846153845,"['get sewing kit', 'Get thread.', 'gather garment for buttoning', 'Use the needle to go through the button holes and the fabric', 'Tie off finishing knot']","['put items away when done', 'Place button on fabric and hold with thumb and index finger']",put items away when done,0,0, A
0,0.0,[],"['take the cloth to be sewed', 'Get out sewing kit.']",Get out sewing kit.,1,0, A
1,34.61538461538461,['Get out sewing kit.'],"['thread the needle', 'Pull through']",thread the needle,0,0, A
2,46.15384615384615,"['Get out sewing kit.', 'thread the needle']","['push needle to back of the item', 'Sew the button through the button holes onto the shirt']",Sew the button through the button holes onto the shirt,1,0, A
3,53.84615384615385,"['Get out sewing kit.', 'thread the needle', 'Sew the button through the button holes onto the shirt']","['Return the needle through the fabric and through a different button hole', 'Get a needle and thread']",Return the needle through the fabric and through a different button hole,0,0, A
0,0.0,[],"['Get a thimble', 'Put one end of thread through the eye of the needle.']",Get a thimble,0,0, A
1,26.923076923076923,['Get a thimble'],"['Place item on flat surface', 'Cut loose ends.']",Place item on flat surface,0,0, A
2,34.61538461538461,"['Get a thimble', 'Place item on flat surface']","['Thread the needle', 'Get back the needle through the third button hole']",Thread the needle,0,0, A
3,46.15384615384615,"['Get a thimble', 'Place item on flat surface', 'Thread the needle']","['Move needle in and out of button holes to secure to shirt.', 'take the needle and matching thread']",Move needle in and out of button holes to secure to shirt.,0,0, A
4,76.92307692307693,"['Get a thimble', 'Place item on flat surface', 'Thread the needle', 'Move needle in and out of button holes to secure to shirt.']","['Keep sewing until the button is secure.', 'Take a matching button']",Keep sewing until the button is secure.,0,0, A
5,84.61538461538461,"['Get a thimble', 'Place item on flat surface', 'Thread the needle', 'Move needle in and out of button holes to secure to shirt.', 'Keep sewing until the button is secure.']","['Tie a knot a the end of the thread', 'Cut thread']",Cut thread,1,0, A
6,88.46153846153845,"['Get a thimble', 'Place item on flat surface', 'Thread the needle', 'Move needle in and out of button holes to secure to shirt.', 'Keep sewing until the button is secure.', 'Cut thread']","['Put away thread and needle', 'Put needle through button and clothing.']",Put away thread and needle,0,0, A
7,92.3076923076923,"['Get a thimble', 'Place item on flat surface', 'Thread the needle', 'Move needle in and out of button holes to secure to shirt.', 'Keep sewing until the button is secure.', 'Cut thread', 'Put away thread and needle']","['Find some thread', 'MAKE SURE BUTTON IS SECURE']",MAKE SURE BUTTON IS SECURE,1,0, A
0,0.0,[],"['put button where other button was located', 'Drive to fabric store']",Drive to fabric store,1,0, A
1,19.230769230769237,['Drive to fabric store'],"['Get thread', 'Cut the excess thread']",Get thread,0,0, A
2,26.923076923076923,"['Drive to fabric store', 'Get thread']","['Get the piece of apparel that needs to sew the button on.', 'Get out sewing kit.']",Get the piece of apparel that needs to sew the button on.,0,0, A
3,30.76923076923077,"['Drive to fabric store', 'Get thread', 'Get the piece of apparel that needs to sew the button on.']","['Cut loose ends', 'place the button']",place the button,1,0, A
4,53.84615384615385,"['Drive to fabric store', 'Get thread', 'Get the piece of apparel that needs to sew the button on.', 'place the button']","['Take the cloth to be sewed', 'Pull through other end']",Pull through other end,1,0, A
5,80.76923076923077,"['Drive to fabric store', 'Get thread', 'Get the piece of apparel that needs to sew the button on.', 'place the button', 'Pull through other end']","['knot thread', 'Line the button back into place']",knot thread,0,0, A
0,0.0,[],"['take needle bring up through the back of the item', 'Drive to fabric store']",Drive to fabric store,1,0, A
1,19.230769230769237,['Drive to fabric store'],"['take needle bring up through the back of the item', 'Get thread.']",Get thread.,1,0, A
2,23.07692307692308,"['Drive to fabric store', 'Get thread.']","['Select a button', 'Sew the button through the button holes onto the shirt']",Select a button,0,0, A
3,30.76923076923077,"['Drive to fabric store', 'Get thread.', 'Select a button']","['Clean up.', 'place button on cloth where it needs to go']",place button on cloth where it needs to go,1,0, A
4,53.84615384615385,"['Drive to fabric store', 'Get thread.', 'Select a button', 'place button on cloth where it needs to go']","['Get item that needs a button', 'Crisscross on the button']",Crisscross on the button,1,0, A
5,84.61538461538461,"['Drive to fabric store', 'Get thread.', 'Select a button', 'place button on cloth where it needs to go', 'Crisscross on the button']","['get thread, needle, button to be sewn', 'Cut thread']",Cut thread,1,0, A
0,0.0,[],"['Drive to fabric store', 'Determine proper placement for button']",Drive to fabric store,0,0, A
1,19.230769230769237,['Drive to fabric store'],"['Purchase thread', 'Check the button']",Purchase thread,0,0, A
2,26.923076923076923,"['Drive to fabric store', 'Purchase thread']","['Continue until button is secure', 'Get clothes']",Get clothes,1,0, A
3,50.0,"['Drive to fabric store', 'Purchase thread', 'Get clothes']","['pull through on the other side', 'Obtain needle and thread']",pull through on the other side,0,0, A
4,65.38461538461539,"['Drive to fabric store', 'Purchase thread', 'Get clothes', 'pull through on the other side']","['Push needle through other hole of button and through clothes', 'Put needle away']",Push needle through other hole of button and through clothes,0,0, A
5,76.92307692307693,"['Drive to fabric store', 'Purchase thread', 'Get clothes', 'pull through on the other side', 'Push needle through other hole of button and through clothes']","['Repeat the inserting as above for about 10 times', 'Thread the needle']",Repeat the inserting as above for about 10 times,0,0, A
0,0.0,[],"['Get sewing kit', 'pull thread forward']",Get sewing kit,0,0, A
1,23.07692307692308,['Get sewing kit'],"['Find a button', 'Tie off your thread.']",Find a button,0,0, A
2,50.0,"['Get sewing kit', 'Find a button']","['Push the needle through the fabric', 'Cut off excess thread']",Push the needle through the fabric,0,0, A
3,61.53846153846154,"['Get sewing kit', 'Find a button', 'Push the needle through the fabric']","['Start sewing going into the back of the garment.', 'Purchase thread']",Start sewing going into the back of the garment.,0,0, A
4,76.92307692307693,"['Get sewing kit', 'Find a button', 'Push the needle through the fabric', 'Start sewing going into the back of the garment.']","['repeat steps 4-5 until button is secured to shirt', 'Get some thread.']",repeat steps 4-5 until button is secured to shirt,0,0, A
5,80.76923076923077,"['Get sewing kit', 'Find a button', 'Push the needle through the fabric', 'Start sewing going into the back of the garment.', 'repeat steps 4-5 until button is secured to shirt']","['Tie knot on thread.', 'Take a matching button']",Tie knot on thread.,0,0, A
0,0.0,[],"['Find sewing kit.', 'Repeat step 8 until button is sewn on']",Find sewing kit.,0,0, A
1,23.07692307692308,['Find sewing kit.'],"['Get a button to match', 'Cut away any extra string']",Get a button to match,0,0, A
2,26.923076923076923,"['Find sewing kit.', 'Get a button to match']","['Pass the needle through the second button hole', 'Place item on flat surface']",Place item on flat surface,1,0, A
3,30.76923076923077,"['Find sewing kit.', 'Get a button to match', 'Place item on flat surface']","['Put the button in the correct spot.', 'Repeat to make loop and knot it.']",Put the button in the correct spot.,0,0, A
4,42.30769230769231,"['Find sewing kit.', 'Get a button to match', 'Place item on flat surface', 'Put the button in the correct spot.']","['getting out needle', 'Cut away any loose threads.']",Cut away any loose threads.,1,0, A
5,61.53846153846154,"['Find sewing kit.', 'Get a button to match', 'Place item on flat surface', 'Put the button in the correct spot.', 'Cut away any loose threads.']","['Insert needle through one side of button', 'Get a thread and a needle']",Insert needle through one side of button,0,0, A
6,80.76923076923077,"['Find sewing kit.', 'Get a button to match', 'Place item on flat surface', 'Put the button in the correct spot.', 'Cut away any loose threads.', 'Insert needle through one side of button']","['Tie off thread', 'Obtain needle and thread']",Tie off thread,0,0, A
7,84.61538461538461,"['Find sewing kit.', 'Get a button to match', 'Place item on flat surface', 'Put the button in the correct spot.', 'Cut away any loose threads.', 'Insert needle through one side of button', 'Tie off thread']","['Cut the thread.', 'Place button where it belongs on garment']",Cut the thread.,0,0, A
8,88.46153846153845,"['Find sewing kit.', 'Get a button to match', 'Place item on flat surface', 'Put the button in the correct spot.', 'Cut away any loose threads.', 'Insert needle through one side of button', 'Tie off thread', 'Cut the thread.']","['Put the button in the correct spot.', 'put the supplies away']",put the supplies away,1,0, A
9,92.3076923076923,"['Find sewing kit.', 'Get a button to match', 'Place item on flat surface', 'Put the button in the correct spot.', 'Cut away any loose threads.', 'Insert needle through one side of button', 'Tie off thread', 'Cut the thread.', 'put the supplies away']","['Cut about 16 inches worth of thread.', 'Check if the button is tight']",Check if the button is tight,1,0, A
0,0.0,[],"['Get button, thread, needle and scissors', 'Sew the button on the cloth using the needle']","Get button, thread, needle and scissors",0,0, A
1,7.6923076923076925,"['Get button, thread, needle and scissors']","['Get needle and thread', 'Cut loose ends']",Get needle and thread,0,0, A
2,34.61538461538461,"['Get button, thread, needle and scissors', 'Get needle and thread']","['attach string to needle', 'Keep sewing until the button is secure.']",attach string to needle,0,0, A
3,46.15384615384615,"['Get button, thread, needle and scissors', 'Get needle and thread', 'attach string to needle']","['ATTACH BUTTON USING NEEDLE AND THREAD', 'Get thread']",ATTACH BUTTON USING NEEDLE AND THREAD,0,0, A
4,53.84615384615385,"['Get button, thread, needle and scissors', 'Get needle and thread', 'attach string to needle', 'ATTACH BUTTON USING NEEDLE AND THREAD']","['pull the needle through', 'gather garment for buttoning']",pull the needle through,0,0, A
5,61.53846153846154,"['Get button, thread, needle and scissors', 'Get needle and thread', 'attach string to needle', 'ATTACH BUTTON USING NEEDLE AND THREAD', 'pull the needle through']","['Cut thread from spindle', 'Pull the needle until thread is completely on the other side of shirt']",Pull the needle until thread is completely on the other side of shirt,1,0, A
6,65.38461538461539,"['Get button, thread, needle and scissors', 'Get needle and thread', 'attach string to needle', 'ATTACH BUTTON USING NEEDLE AND THREAD', 'pull the needle through', 'Pull the needle until thread is completely on the other side of shirt']","['Knot the ends of the thread together.', 'Slide button onto needle and thread.']",Slide button onto needle and thread.,1,0, A
7,69.23076923076923,"['Get button, thread, needle and scissors', 'Get needle and thread', 'attach string to needle', 'ATTACH BUTTON USING NEEDLE AND THREAD', 'pull the needle through', 'Pull the needle until thread is completely on the other side of shirt', 'Slide button onto needle and thread.']","['Push needle under material to next hole', 'pull the thread through the eye of needle']",Push needle under material to next hole,0,0, A
8,73.07692307692307,"['Get button, thread, needle and scissors', 'Get needle and thread', 'attach string to needle', 'ATTACH BUTTON USING NEEDLE AND THREAD', 'pull the needle through', 'Pull the needle until thread is completely on the other side of shirt', 'Slide button onto needle and thread.', 'Push needle under material to next hole']","['thread the needle', 'Pull through other side.']",Pull through other side.,1,0, A
9,80.76923076923077,"['Get button, thread, needle and scissors', 'Get needle and thread', 'attach string to needle', 'ATTACH BUTTON USING NEEDLE AND THREAD', 'pull the needle through', 'Pull the needle until thread is completely on the other side of shirt', 'Slide button onto needle and thread.', 'Push needle under material to next hole', 'Pull through other side.']","['Wrap the thread', 'Take a needle']",Wrap the thread,0,0, A
0,0.0,[],"['Check the button', 'Drive to fabric store']",Drive to fabric store,1,0, A
1,19.230769230769237,['Drive to fabric store'],"['Pick thread to use', 'Put away needle and thread']",Pick thread to use,0,0, A
2,23.07692307692308,"['Drive to fabric store', 'Pick thread to use']","['Sew button through third hole', 'Choose button that I like']",Choose button that I like,1,0, A
3,34.61538461538461,"['Drive to fabric store', 'Pick thread to use', 'Choose button that I like']","['Thread the needle.', 'Hold button in place']",Thread the needle.,0,0, A
4,42.30769230769231,"['Drive to fabric store', 'Pick thread to use', 'Choose button that I like', 'Thread the needle.']","['Get the proper colored thread', 'Cut thread string to how much is needed']",Cut thread string to how much is needed,1,0, A
5,46.15384615384615,"['Drive to fabric store', 'Pick thread to use', 'Choose button that I like', 'Thread the needle.', 'Cut thread string to how much is needed']","['Push needle through fabric and button hole', 'Find sewing kit.']",Push needle through fabric and button hole,0,0, A
6,84.61538461538461,"['Drive to fabric store', 'Pick thread to use', 'Choose button that I like', 'Thread the needle.', 'Cut thread string to how much is needed', 'Push needle through fabric and button hole']","['put thread in needle', 'Cut excess thread']",Cut excess thread,1,0, A
0,0.0,[],"['put items away when done', 'Get button, thread, needle and scissors']","Get button, thread, needle and scissors",1,0, A
1,26.923076923076923,"['Get button, thread, needle and scissors']","['Hold shirt with non-dominant hand', 'Pull needle and thread']",Hold shirt with non-dominant hand,0,0, A
2,30.76923076923077,"['Get button, thread, needle and scissors', 'Hold shirt with non-dominant hand']","['place botton where you want it', 'put back all the materials']",place botton where you want it,0,0, A
3,46.15384615384615,"['Get button, thread, needle and scissors', 'Hold shirt with non-dominant hand', 'place botton where you want it']","['Apply button by driving needle through button', 'Sew button through third hole']",Apply button by driving needle through button,0,0, A
4,76.92307692307693,"['Get button, thread, needle and scissors', 'Hold shirt with non-dominant hand', 'place botton where you want it', 'Apply button by driving needle through button']","['Push through other holes', 'Hold button in place on clothing.']",Push through other holes,0,0, A
0,0.0,[],"['Drive to fabric store', 'Sew button']",Drive to fabric store,0,0, A
1,19.230769230769237,['Drive to fabric store'],"['Get thread', 'Pull thread through']",Get thread,0,0, A
2,23.07692307692308,"['Drive to fabric store', 'Get thread']","['Find a button.', 'Clean up.']",Find a button.,0,0, A
3,30.76923076923077,"['Drive to fabric store', 'Get thread', 'Find a button.']","['put button where other button was located', 'Make knot between thread and clothing.']",put button where other button was located,0,0, A
4,61.53846153846154,"['Drive to fabric store', 'Get thread', 'Find a button.', 'put button where other button was located']","['Cut the excess thread', 'Starting from the bottom, poke needle through hole in button']","Starting from the bottom, poke needle through hole in button",1,0, A
5,80.76923076923077,"['Drive to fabric store', 'Get thread', 'Find a button.', 'put button where other button was located', 'Starting from the bottom, poke needle through hole in button']","['Find a button.', 'make sure button is secure']",make sure button is secure,1,0, A
6,84.61538461538461,"['Drive to fabric store', 'Get thread', 'Find a button.', 'put button where other button was located', 'Starting from the bottom, poke needle through hole in button', 'make sure button is secure']","['Grab the fabric and button', 'break the thread']",break the thread,1,0, A
0,0.0,[],"['get sewing kit', 'Tie a knot in the thread']",get sewing kit,0,0, A
1,19.230769230769237,['get sewing kit'],"['Choose thread to sew button on with.', 'Use the needle to guide the thread']",Choose thread to sew button on with.,0,0, A
2,30.76923076923077,"['get sewing kit', 'Choose thread to sew button on with.']","['cut loose thread', 'Place button where it is to be sewed']",Place button where it is to be sewed,1,0, A
3,46.15384615384615,"['get sewing kit', 'Choose thread to sew button on with.', 'Place button where it is to be sewed']","['put needle with thread into clothes', 'Find a needle and thread']",put needle with thread into clothes,0,0, A
4,61.53846153846154,"['get sewing kit', 'Choose thread to sew button on with.', 'Place button where it is to be sewed', 'put needle with thread into clothes']","['Cut off end from needle', 'Pass the needle through one of the button holes']",Pass the needle through one of the button holes,1,0, A
5,80.76923076923077,"['get sewing kit', 'Choose thread to sew button on with.', 'Place button where it is to be sewed', 'put needle with thread into clothes', 'Pass the needle through one of the button holes']","['Get your sewing kit', 'Make a knot']",Make a knot,1,0, A
0,0.0,[],"['Get out sewing kit', 'Tie off thread']",Get out sewing kit,0,0, A
1,7.6923076923076925,['Get out sewing kit'],"['put sewing kit away', 'Get a needle and thread.']",Get a needle and thread.,1,0, A
2,34.61538461538461,"['Get out sewing kit', 'Get a needle and thread.']","['Fix the thread in the needle', 'Make a knot']",Fix the thread in the needle,0,0, A
3,38.46153846153847,"['Get out sewing kit', 'Get a needle and thread.', 'Fix the thread in the needle']","['Get out needle', 'Tie knot in end of thread']",Tie knot in end of thread,1,0, A
4,61.53846153846154,"['Get out sewing kit', 'Get a needle and thread.', 'Fix the thread in the needle', 'Tie knot in end of thread']","['Take a needle and required thread', 'Push needle through hole']",Push needle through hole,1,0, A
5,76.92307692307693,"['Get out sewing kit', 'Get a needle and thread.', 'Fix the thread in the needle', 'Tie knot in end of thread', 'Push needle through hole']","['Stick the head through the needle eye', 'repeat until button is secure']",repeat until button is secure,1,0, A
0,0.0,[],"['Thread needle with some thread.', 'Drive to fabric store']",Drive to fabric store,1,0, A
1,19.230769230769237,['Drive to fabric store'],"['Tie knot.', 'Find a thread']",Find a thread,1,0, A
2,30.76923076923077,"['Drive to fabric store', 'Find a thread']","['Find sewing kit.', 'Place button onto item of clothing']",Place button onto item of clothing,1,0, A
3,61.53846153846154,"['Drive to fabric store', 'Find a thread', 'Place button onto item of clothing']","['Starting from the bottom, poke needle through hole in button', 'Find sewing kit']","Starting from the bottom, poke needle through hole in button",0,0, A
4,65.38461538461539,"['Drive to fabric store', 'Find a thread', 'Place button onto item of clothing', 'Starting from the bottom, poke needle through hole in button']","['Place button on clothing', 'Push needle through other hole of button and through clothes']",Push needle through other hole of button and through clothes,1,0, A
5,76.92307692307693,"['Drive to fabric store', 'Find a thread', 'Place button onto item of clothing', 'Starting from the bottom, poke needle through hole in button', 'Push needle through other hole of button and through clothes']","['Get extra button', 'repeat 5-8 several times until button is secure']",repeat 5-8 several times until button is secure,1,0, A
6,84.61538461538461,"['Drive to fabric store', 'Find a thread', 'Place button onto item of clothing', 'Starting from the bottom, poke needle through hole in button', 'Push needle through other hole of button and through clothes', 'repeat 5-8 several times until button is secure']","['Cut thread', 'Thread needle with matching thread']",Cut thread,0,0, A
7,88.46153846153845,"['Drive to fabric store', 'Find a thread', 'Place button onto item of clothing', 'Starting from the bottom, poke needle through hole in button', 'Push needle through other hole of button and through clothes', 'repeat 5-8 several times until button is secure', 'Cut thread']","['Get the sewing kit.', 'Take out the needle']",Take out the needle,1,0, A
8,92.3076923076923,"['Drive to fabric store', 'Find a thread', 'Place button onto item of clothing', 'Starting from the bottom, poke needle through hole in button', 'Push needle through other hole of button and through clothes', 'repeat 5-8 several times until button is secure', 'Cut thread', 'Take out the needle']","['MAKE SURE BUTTON IS SECURE', 'Get the needle']",MAKE SURE BUTTON IS SECURE,0,0, A
0,0.0,[],"['Move needle down to hole opposite first hole', 'Get the sewing kit.']",Get the sewing kit.,1,0, A
1,11.538461538461538,['Get the sewing kit.'],"['sew the button on carefully', 'getting out needle']",getting out needle,1,0, A
2,19.230769230769237,"['Get the sewing kit.', 'getting out needle']","['Pick thread to use', 'When done knot end.']",Pick thread to use,0,0, A
3,23.07692307692308,"['Get the sewing kit.', 'getting out needle', 'Pick thread to use']","['Tie off thread', 'Take a matching button']",Take a matching button,1,0, A
4,26.923076923076923,"['Get the sewing kit.', 'getting out needle', 'Pick thread to use', 'Take a matching button']","['Repeat step 8 until button is sewn on', 'taking the right button out']",taking the right button out,1,0, A
5,30.76923076923077,"['Get the sewing kit.', 'getting out needle', 'Pick thread to use', 'Take a matching button', 'taking the right button out']","['Tie off the thread', 'Hold button to material.']",Hold button to material.,1,0, A
6,42.30769230769231,"['Get the sewing kit.', 'getting out needle', 'Pick thread to use', 'Take a matching button', 'taking the right button out', 'Hold button to material.']","['Find a needle and thread', 'Cut thread string to how much is needed']",Cut thread string to how much is needed,1,0, A
7,46.15384615384615,"['Get the sewing kit.', 'getting out needle', 'Pick thread to use', 'Take a matching button', 'taking the right button out', 'Hold button to material.', 'Cut thread string to how much is needed']","['Drive to fabric store', 'Pass needle through shirt and button holes']",Pass needle through shirt and button holes,1,0, A
8,53.84615384615385,"['Get the sewing kit.', 'getting out needle', 'Pick thread to use', 'Take a matching button', 'taking the right button out', 'Hold button to material.', 'Cut thread string to how much is needed', 'Pass needle through shirt and button holes']","['Insert needle through other side of button on back side', 'Get the sewing kit.']",Insert needle through other side of button on back side,0,0, A
0,0.0,[],"['Get sewing kit', 'Hold button in place']",Get sewing kit,0,0, A
1,19.230769230769237,['Get sewing kit'],"['moving the needle in and out of the fabric', 'Find thread']",Find thread,1,0, A
2,26.923076923076923,"['Get sewing kit', 'Find thread']","['Grab the garment that you would like to sew the button to.', 'Knot thread']",Grab the garment that you would like to sew the button to.,0,0, A
3,34.61538461538461,"['Get sewing kit', 'Find thread', 'Grab the garment that you would like to sew the button to.']","['cut thread from button', 'Put thread through needle hole']",Put thread through needle hole,1,0, A
4,88.46153846153845,"['Get sewing kit', 'Find thread', 'Grab the garment that you would like to sew the button to.', 'Put thread through needle hole']","['Find similar color thread to use.', 'Clean up.']",Clean up.,1,0, A
5,92.3076923076923,"['Get sewing kit', 'Find thread', 'Grab the garment that you would like to sew the button to.', 'Put thread through needle hole', 'Clean up.']","['MAKE SURE BUTTON IS SECURE', 'Select thread']",MAKE SURE BUTTON IS SECURE,0,0, A
0,0.0,[],"['knot thread', 'get thread, needle, button to be sewn']","get thread, needle, button to be sewn",1,0, A
1,30.76923076923077,"['get thread, needle, button to be sewn']","['Tie the thread round in between the garment and button', 'Take button and put it on shirt where you want it']",Take button and put it on shirt where you want it,1,0, A
2,34.61538461538461,"['get thread, needle, button to be sewn', 'Take button and put it on shirt where you want it']","['thread a needle', 'tie thread at the end']",thread a needle,0,0, A
3,53.84615384615385,"['get thread, needle, button to be sewn', 'Take button and put it on shirt where you want it', 'thread a needle']","['Place button close to clothing.', 'Take out right colored thread.']",Place button close to clothing.,0,0, A
4,84.61538461538461,"['get thread, needle, button to be sewn', 'Take button and put it on shirt where you want it', 'thread a needle', 'Place button close to clothing.']","['Cut off remaining thread', 'Starting on inside of garment, push through with needle.']",Cut off remaining thread,0,0, A
5,88.46153846153845,"['get thread, needle, button to be sewn', 'Take button and put it on shirt where you want it', 'thread a needle', 'Place button close to clothing.', 'Cut off remaining thread']","['Find a button that matches the others on your garment', 'Put all the items away']",Put all the items away,1,0, A
6,92.3076923076923,"['get thread, needle, button to be sewn', 'Take button and put it on shirt where you want it', 'thread a needle', 'Place button close to clothing.', 'Cut off remaining thread', 'Put all the items away']","['Thread button onto clothing', 'Check new button']",Check new button,1,0, A
0,0.0,[],"['Thread button onto clothing', 'Drive to fabric store']",Drive to fabric store,1,0, A
1,19.230769230769237,['Drive to fabric store'],"['Get thread', 'Push needle under material to next hole']",Get thread,0,0, A
2,30.76923076923077,"['Drive to fabric store', 'Get thread']","['attach button to shirt', 'Repeat 5 times with other two button holes']",attach button to shirt,0,0, A
3,61.53846153846154,"['Drive to fabric store', 'Get thread', 'attach button to shirt']","['Cut thread', 'Pass the needle through one of the button holes']",Pass the needle through one of the button holes,1,0, A
4,76.92307692307693,"['Drive to fabric store', 'Get thread', 'attach button to shirt', 'Pass the needle through one of the button holes']","['Do this several times until the button is secure', 'Get button']",Do this several times until the button is secure,0,0, A
5,80.76923076923077,"['Drive to fabric store', 'Get thread', 'attach button to shirt', 'Pass the needle through one of the button holes', 'Do this several times until the button is secure']","['Tie the thread', 'Tie knot on needle.']",Tie the thread,0,0, A
0,0.0,[],"['Get a thimble', 'Tie knot in thread']",Get a thimble,0,0, A
1,30.76923076923077,['Get a thimble'],"['Place the button in the right spot', 'Clean up.']",Place the button in the right spot,0,0, A
2,53.84615384615385,"['Get a thimble', 'Place the button in the right spot']","['Find needle', 'pull thread forward']",pull thread forward,1,0, A
3,61.53846153846154,"['Get a thimble', 'Place the button in the right spot', 'pull thread forward']","['Get a needle', 'Push needle through first hole']",Push needle through first hole,1,0, A
4,76.92307692307693,"['Get a thimble', 'Place the button in the right spot', 'pull thread forward', 'Push needle through first hole']","['Find a button', 'Repeat this until the button is secure']",Repeat this until the button is secure,1,0, A
5,80.76923076923077,"['Get a thimble', 'Place the button in the right spot', 'pull thread forward', 'Push needle through first hole', 'Repeat this until the button is secure']","['Knot thread', 'Prepare needle and thread.']",Knot thread,0,0, A
6,88.46153846153845,"['Get a thimble', 'Place the button in the right spot', 'pull thread forward', 'Push needle through first hole', 'Repeat this until the button is secure', 'Knot thread']","['Get shirt', 'Clean up.']",Clean up.,1,0, A
7,92.3076923076923,"['Get a thimble', 'Place the button in the right spot', 'pull thread forward', 'Push needle through first hole', 'Repeat this until the button is secure', 'Knot thread', 'Clean up.']","['Check new button', 'Get the needle']",Check new button,0,0, A
0,0.0,[],"['Tie the thread round in between the garment and button', 'Get sewing basket']",Get sewing basket,1,0, A
1,11.538461538461538,['Get sewing basket'],"['Tie knot in thread', 'Take out needle.']",Take out needle.,1,0, A
2,34.61538461538461,"['Get sewing basket', 'Take out needle.']","['Thread the needle', 'Tie knot.']",Thread the needle,0,0, A
3,88.46153846153845,"['Get sewing basket', 'Take out needle.', 'Thread the needle']","['Put away needle and thread', 'Tie knot on needle.']",Put away needle and thread,0,0, A
0,0.0,[],"['get sewing kit', 'Secure the button with a knot']",get sewing kit,0,0, A
1,19.230769230769237,['get sewing kit'],"['MAKE SURE BUTTON IS SECURE', 'Take out right colored thread.']",Take out right colored thread.,1,0, A
2,34.61538461538461,"['get sewing kit', 'Take out right colored thread.']","['Put thread through a needle.', 'Cut thread']",Put thread through a needle.,0,0, A
3,50.0,"['get sewing kit', 'Take out right colored thread.', 'Put thread through a needle.']","['Put the needle and thread away', 'Push the needle through the fabric']",Push the needle through the fabric,1,0, A
4,53.84615384615385,"['get sewing kit', 'Take out right colored thread.', 'Put thread through a needle.', 'Push the needle through the fabric']","['Get sewing kit', 'Continue to push and pull needle through button holes until button is secure']",Continue to push and pull needle through button holes until button is secure,1,0, A
5,57.692307692307686,"['get sewing kit', 'Take out right colored thread.', 'Put thread through a needle.', 'Push the needle through the fabric', 'Continue to push and pull needle through button holes until button is secure']","['Pull til it stops at the knot, push through fabric and another button hole', 'put thread through needle']","Pull til it stops at the knot, push through fabric and another button hole",0,0, A
6,61.53846153846154,"['get sewing kit', 'Take out right colored thread.', 'Put thread through a needle.', 'Push the needle through the fabric', 'Continue to push and pull needle through button holes until button is secure', 'Pull til it stops at the knot, push through fabric and another button hole']","['Cut thread close to knot.', 'Push needle through first hole']",Push needle through first hole,1,0, A
7,65.38461538461539,"['get sewing kit', 'Take out right colored thread.', 'Put thread through a needle.', 'Push the needle through the fabric', 'Continue to push and pull needle through button holes until button is secure', 'Pull til it stops at the knot, push through fabric and another button hole', 'Push needle through first hole']","['Pull needle and thread', 'Get a replacement button.']",Pull needle and thread,0,0, A
8,76.92307692307693,"['get sewing kit', 'Take out right colored thread.', 'Put thread through a needle.', 'Push the needle through the fabric', 'Continue to push and pull needle through button holes until button is secure', 'Pull til it stops at the knot, push through fabric and another button hole', 'Push needle through first hole', 'Pull needle and thread']","['Get needle.', 'Continue until the button is on tight']",Continue until the button is on tight,1,0, A
9,84.61538461538461,"['get sewing kit', 'Take out right colored thread.', 'Put thread through a needle.', 'Push the needle through the fabric', 'Continue to push and pull needle through button holes until button is secure', 'Pull til it stops at the knot, push through fabric and another button hole', 'Push needle through first hole', 'Pull needle and thread', 'Continue until the button is on tight']","['locate needle and thread', 'cut the thread']",cut the thread,1,0, A
10,88.46153846153845,"['get sewing kit', 'Take out right colored thread.', 'Put thread through a needle.', 'Push the needle through the fabric', 'Continue to push and pull needle through button holes until button is secure', 'Pull til it stops at the knot, push through fabric and another button hole', 'Push needle through first hole', 'Pull needle and thread', 'Continue until the button is on tight', 'cut the thread']","['put sewing kit away', 'Get needle and thread']",put sewing kit away,0,0, A
11,92.3076923076923,"['get sewing kit', 'Take out right colored thread.', 'Put thread through a needle.', 'Push the needle through the fabric', 'Continue to push and pull needle through button holes until button is secure', 'Pull til it stops at the knot, push through fabric and another button hole', 'Push needle through first hole', 'Pull needle and thread', 'Continue until the button is on tight', 'cut the thread', 'put sewing kit away']","['MAKE SURE BUTTON IS SECURE', 'Put thread through needle']",MAKE SURE BUTTON IS SECURE,0,0, A
0,0.0,[],"['Put everything away.', 'Get button, thread, needle and scissors']","Get button, thread, needle and scissors",1,0, A
1,15.384615384615383,"['Get button, thread, needle and scissors']","['Put thread through needle.', 'Choose thread color']",Choose thread color,1,0, A
2,34.61538461538461,"['Get button, thread, needle and scissors', 'Choose thread color']","['Thread the needle.', 'knot thread']",Thread the needle.,0,0, A
3,53.84615384615385,"['Get button, thread, needle and scissors', 'Choose thread color', 'Thread the needle.']","['Pull it back out the other hole', 'FIND THE REPLACEMENT BUTTON']",Pull it back out the other hole,0,0, A
4,76.92307692307693,"['Get button, thread, needle and scissors', 'Choose thread color', 'Thread the needle.', 'Pull it back out the other hole']","['Thread needle with some thread.', 'repeat 6 more times']",repeat 6 more times,1,0, A
0,0.0,[],"['Drive to fabric store', 'place button where you want it']",Drive to fabric store,0,0, A
1,19.230769230769237,['Drive to fabric store'],"['Sew on the button.', 'Get thread']",Get thread,1,0, A
2,26.923076923076923,"['Drive to fabric store', 'Get thread']","['Prepare garment for sewing', 'Put away thread and needle']",Prepare garment for sewing,0,0, A
3,50.0,"['Drive to fabric store', 'Get thread', 'Prepare garment for sewing']","['Get a needle', 'Push needle through back of clothes and through hole of button']",Push needle through back of clothes and through hole of button,1,0, A
4,53.84615384615385,"['Drive to fabric store', 'Get thread', 'Prepare garment for sewing', 'Push needle through back of clothes and through hole of button']","['Pull thread through and secure button', 'grab a needle and string']",Pull thread through and secure button,0,0, A
5,80.76923076923077,"['Drive to fabric store', 'Get thread', 'Prepare garment for sewing', 'Push needle through back of clothes and through hole of button', 'Pull thread through and secure button']","['Take the cloth to be sewed', 'Knot thread']",Knot thread,1,0, A
6,84.61538461538461,"['Drive to fabric store', 'Get thread', 'Prepare garment for sewing', 'Push needle through back of clothes and through hole of button', 'Pull thread through and secure button', 'Knot thread']","['Cut off end from needle', 'Take a needle']",Cut off end from needle,0,0, A
0,0.0,[],"['Tie the end of the string', 'Drive to fabric store']",Drive to fabric store,1,0, A
1,19.230769230769237,['Drive to fabric store'],"['Pull needle and thread', 'Purchase thread']",Purchase thread,1,0, A
2,26.923076923076923,"['Drive to fabric store', 'Purchase thread']","['Insert needle through other side of button on back side', 'Get a piece of clothing.']",Get a piece of clothing.,1,0, A
3,50.0,"['Drive to fabric store', 'Purchase thread', 'Get a piece of clothing.']","['Put thread through needle.', 'Get needle and thread']",Put thread through needle.,0,0, A
4,53.84615384615385,"['Drive to fabric store', 'Purchase thread', 'Get a piece of clothing.', 'Put thread through needle.']","['Insert needle through other side of button on back side', 'taking the right button out']",Insert needle through other side of button on back side,0,0, A
0,0.0,[],"['Tie off thread', 'Drive to fabric store']",Drive to fabric store,1,0, A
1,19.230769230769237,['Drive to fabric store'],"['Find thread color to match button or item requiring the button', 'Thread the opposite diagonal hole with the needle and tighten the string']",Find thread color to match button or item requiring the button,0,0, A
2,34.61538461538461,"['Drive to fabric store', 'Find thread color to match button or item requiring the button']","['Push through other holes', 'Thread needle.']",Thread needle.,1,0, A
3,42.30769230769231,"['Drive to fabric store', 'Find thread color to match button or item requiring the button', 'Thread needle.']","['Get out needle', 'Cut length of thread']",Cut length of thread,1,0, A
4,61.53846153846154,"['Drive to fabric store', 'Find thread color to match button or item requiring the button', 'Thread needle.', 'Cut length of thread']","['take needle bring up through the back of the item', 'get thread and needle']",take needle bring up through the back of the item,0,0, A
5,80.76923076923077,"['Drive to fabric store', 'Find thread color to match button or item requiring the button', 'Thread needle.', 'Cut length of thread', 'take needle bring up through the back of the item']","['Make a knot', 'Take out needle.']",Make a knot,0,0, A
0,0.0,[],"['Drive to fabric store', 'Starting from the bottom, poke needle through hole in button']",Drive to fabric store,0,0, A
1,19.230769230769237,['Drive to fabric store'],"['Repeat until button is tight', 'Get some thread']",Get some thread,1,0, A
2,30.76923076923077,"['Drive to fabric store', 'Get some thread']","['Get out sewing kit.', 'Place button in desired position']",Place button in desired position,1,0, A
3,50.0,"['Drive to fabric store', 'Get some thread', 'Place button in desired position']","['put the needle into the fabric', 'Get a needle.']",put the needle into the fabric,0,0, A
4,53.84615384615385,"['Drive to fabric store', 'Get some thread', 'Place button in desired position', 'put the needle into the fabric']","['Prepare garment for sewing', 'Run needle and thread through button hole and fabric hole']",Run needle and thread through button hole and fabric hole,1,0, A
5,76.92307692307693,"['Drive to fabric store', 'Get some thread', 'Place button in desired position', 'put the needle into the fabric', 'Run needle and thread through button hole and fabric hole']","['Push through other holes', 'Find a button that matches']",Push through other holes,0,0, A
6,84.61538461538461,"['Drive to fabric store', 'Get some thread', 'Place button in desired position', 'put the needle into the fabric', 'Run needle and thread through button hole and fabric hole', 'Push through other holes']","['Get out sewing kit', 'cut remaining thread away']",cut remaining thread away,1,0, A
7,88.46153846153845,"['Drive to fabric store', 'Get some thread', 'Place button in desired position', 'put the needle into the fabric', 'Run needle and thread through button hole and fabric hole', 'Push through other holes', 'cut remaining thread away']","['Put supplies away', 'Get button']",Put supplies away,0,0, A
0,0.0,[],"['Take out sewing kit.', 'Start sewing going into the back of the garment.']",Take out sewing kit.,0,0, A
1,34.61538461538461,['Take out sewing kit.'],"['Tie off finishing knot', 'Thread the needle, double it up and tie a knot at the end']","Thread the needle, double it up and tie a knot at the end",1,0, A
2,46.15384615384615,"['Take out sewing kit.', 'Thread the needle, double it up and tie a knot at the end']","['Get button', 'Using threaded needle, sew button on to garment.']","Using threaded needle, sew button on to garment.",1,0, A
3,84.61538461538461,"['Take out sewing kit.', 'Thread the needle, double it up and tie a knot at the end', 'Using threaded needle, sew button on to garment.']","['Thread the needle', 'cut thread']",cut thread,1,0, A
0,0.0,[],"['Tie knot at end of thread.', 'Find sewing kit.']",Find sewing kit.,1,0, A
1,7.6923076923076925,['Find sewing kit.'],"['Get needle and thread', 'Push needle through fabric and button hole']",Get needle and thread,0,0, A
2,26.923076923076923,"['Find sewing kit.', 'Get needle and thread']","['grab object the button is being sewed', 'Find sewing kit.']",grab object the button is being sewed,0,0, A
3,34.61538461538461,"['Find sewing kit.', 'Get needle and thread', 'grab object the button is being sewed']","['THREAD THE THREAD ONTO THE NEEDLE', 'Cut thread']",THREAD THE THREAD ONTO THE NEEDLE,0,0, A
4,38.46153846153847,"['Find sewing kit.', 'Get needle and thread', 'grab object the button is being sewed', 'THREAD THE THREAD ONTO THE NEEDLE']","['tie knot at end of thread', 'stitching the button on']",tie knot at end of thread,0,0, A
5,42.30769230769231,"['Find sewing kit.', 'Get needle and thread', 'grab object the button is being sewed', 'THREAD THE THREAD ONTO THE NEEDLE', 'tie knot at end of thread']","['Repeat this until the button is secure', 'measure and cut length of thread']",measure and cut length of thread,1,0, A
6,61.53846153846154,"['Find sewing kit.', 'Get needle and thread', 'grab object the button is being sewed', 'THREAD THE THREAD ONTO THE NEEDLE', 'tie knot at end of thread', 'measure and cut length of thread']","['Starting from the bottom, poke needle through hole in button', 'Get a shirt.']","Starting from the bottom, poke needle through hole in button",0,0, A
7,80.76923076923077,"['Find sewing kit.', 'Get needle and thread', 'grab object the button is being sewed', 'THREAD THE THREAD ONTO THE NEEDLE', 'tie knot at end of thread', 'measure and cut length of thread', 'Starting from the bottom, poke needle through hole in button']","['Tie off the thread on the underside of the garment', 'Find needle and thread']",Tie off the thread on the underside of the garment,0,0, A
8,84.61538461538461,"['Find sewing kit.', 'Get needle and thread', 'grab object the button is being sewed', 'THREAD THE THREAD ONTO THE NEEDLE', 'tie knot at end of thread', 'measure and cut length of thread', 'Starting from the bottom, poke needle through hole in button', 'Tie off the thread on the underside of the garment']","['cut thread', 'Get thread and needle']",cut thread,0,0, A
9,88.46153846153845,"['Find sewing kit.', 'Get needle and thread', 'grab object the button is being sewed', 'THREAD THE THREAD ONTO THE NEEDLE', 'tie knot at end of thread', 'measure and cut length of thread', 'Starting from the bottom, poke needle through hole in button', 'Tie off the thread on the underside of the garment', 'cut thread']","['put back all the materials', 'Find thread that matches']",put back all the materials,0,0, A
0,0.0,[],"['Drive to fabric store', 'repeat until button is secure']",Drive to fabric store,0,0, A
1,19.230769230769237,['Drive to fabric store'],"['Run needle and thread through button hole and fabric hole', 'Find thread color to match button or item requiring the button']",Find thread color to match button or item requiring the button,1,0, A
2,34.61538461538461,"['Drive to fabric store', 'Find thread color to match button or item requiring the button']","['Continue sewing in an X pattern until the button is secure.', 'Thread needle']",Thread needle,1,0, A
3,42.30769230769231,"['Drive to fabric store', 'Find thread color to match button or item requiring the button', 'Thread needle']","['Sew through the diagonal hole of the button and the garment.', 'Cut excess thread']",Cut excess thread,1,0, A
4,46.15384615384615,"['Drive to fabric store', 'Find thread color to match button or item requiring the button', 'Thread needle', 'Cut excess thread']","['Find button', 'Stitch the button on']",Stitch the button on,1,0, A
5,53.84615384615385,"['Drive to fabric store', 'Find thread color to match button or item requiring the button', 'Thread needle', 'Cut excess thread', 'Stitch the button on']","['Acquire new button', 'Pull thread through opposite button hole']",Pull thread through opposite button hole,1,0, A
6,76.92307692307693,"['Drive to fabric store', 'Find thread color to match button or item requiring the button', 'Thread needle', 'Cut excess thread', 'Stitch the button on', 'Pull thread through opposite button hole']","['Repeat procedure until button is secure', 'Get a sewing needle.']",Repeat procedure until button is secure,0,0, A
0,0.0,[],"['Get your sewing kit', 'use the string to make it stay in place']",Get your sewing kit,0,0, A
1,23.07692307692308,['Get your sewing kit'],"['Hold button in place', 'Choose button that I like']",Choose button that I like,1,0, A
2,26.923076923076923,"['Get your sewing kit', 'Choose button that I like']","['Tie the end of the string', 'grab object the button is being sewed']",grab object the button is being sewed,1,0, A
3,34.61538461538461,"['Get your sewing kit', 'Choose button that I like', 'grab object the button is being sewed']","['thread the needle', 'knot thread']",thread the needle,0,0, A
4,50.0,"['Get your sewing kit', 'Choose button that I like', 'grab object the button is being sewed', 'thread the needle']","['Put away needle and thread', 'Put needle through one hole']",Put needle through one hole,1,0, A
5,76.92307692307693,"['Get your sewing kit', 'Choose button that I like', 'grab object the button is being sewed', 'thread the needle', 'Put needle through one hole']","['Thread needle.', 'Repeat for all holes to reinforce']",Repeat for all holes to reinforce,1,0, A
6,80.76923076923077,"['Get your sewing kit', 'Choose button that I like', 'grab object the button is being sewed', 'thread the needle', 'Put needle through one hole', 'Repeat for all holes to reinforce']","['Line the button up in the place where the old one would have been', 'Tie off the thread']",Tie off the thread,1,0, A
7,84.61538461538461,"['Get your sewing kit', 'Choose button that I like', 'grab object the button is being sewed', 'thread the needle', 'Put needle through one hole', 'Repeat for all holes to reinforce', 'Tie off the thread']","['Grab button', 'cut remaining thread away']",cut remaining thread away,1,0, A
8,88.46153846153845,"['Get your sewing kit', 'Choose button that I like', 'grab object the button is being sewed', 'thread the needle', 'Put needle through one hole', 'Repeat for all holes to reinforce', 'Tie off the thread', 'cut remaining thread away']","['Put the button in the correct spot.', 'put back all the materials']",put back all the materials,1,0, A
9,92.3076923076923,"['Get your sewing kit', 'Choose button that I like', 'grab object the button is being sewed', 'thread the needle', 'Put needle through one hole', 'Repeat for all holes to reinforce', 'Tie off the thread', 'cut remaining thread away', 'put back all the materials']","['Thread button onto clothing', 'Check the button']",Check the button,1,0, A
0,0.0,[],"['Get a thimble', 'Thread needle']",Get a thimble,0,0, A
1,26.923076923076923,['Get a thimble'],"['Take out the needle', 'Place item on flat surface']",Place item on flat surface,1,0, A
2,30.76923076923077,"['Get a thimble', 'Place item on flat surface']","['Put the button up to the garment', 'knot thread']",Put the button up to the garment,0,0, A
3,61.53846153846154,"['Get a thimble', 'Place item on flat surface', 'Put the button up to the garment']","['Start sewing going into the back of the garment.', 'Get out sewing kit.']",Start sewing going into the back of the garment.,0,0, A
4,65.38461538461539,"['Get a thimble', 'Place item on flat surface', 'Put the button up to the garment', 'Start sewing going into the back of the garment.']","['Get sewing kit', 'Bring the needle up through another hole on button.']",Bring the needle up through another hole on button.,1,0, A
5,76.92307692307693,"['Get a thimble', 'Place item on flat surface', 'Put the button up to the garment', 'Start sewing going into the back of the garment.', 'Bring the needle up through another hole on button.']","['Get out needle, thread, button, and clothing item.', 'Continue until the button is securely on the clothing']",Continue until the button is securely on the clothing,1,0, A
0,0.0,[],"['Get sewing basket', 'Put button on shirt.']",Get sewing basket,0,0, A
1,23.07692307692308,['Get sewing basket'],"['Take a button', 'Wrap the thread']",Take a button,0,0, A
2,26.923076923076923,"['Get sewing basket', 'Take a button']","['Continue sewing.', 'taking the right button out']",taking the right button out,1,0, A
3,34.61538461538461,"['Get sewing basket', 'Take a button', 'taking the right button out']","['Insert needle through first side of button (step 3)', 'thread needle']",thread needle,1,0, A
4,61.53846153846154,"['Get sewing basket', 'Take a button', 'taking the right button out', 'thread needle']","['Put needle into one button hole through shirt.', 'Pick thread to use']",Put needle into one button hole through shirt.,0,0, A
5,80.76923076923077,"['Get sewing basket', 'Take a button', 'taking the right button out', 'thread needle', 'Put needle into one button hole through shirt.']","['Tie the thread', 'Mark on clothing where button is to go']",Tie the thread,0,0, A
6,88.46153846153845,"['Get sewing basket', 'Take a button', 'taking the right button out', 'thread needle', 'Put needle into one button hole through shirt.', 'Tie the thread']","['put sewing kit away', 'Get thread']",put sewing kit away,0,0, A
7,92.3076923076923,"['Get sewing basket', 'Take a button', 'taking the right button out', 'thread needle', 'Put needle into one button hole through shirt.', 'Tie the thread', 'put sewing kit away']","['take the button', 'Check the button']",Check the button,1,0, A
0,0.0,[],"['Find sewing kit.', 'pull through on the other side']",Find sewing kit.,0,0, A
1,34.61538461538461,['Find sewing kit.'],"['tie off the thread', 'Put an end of the thread through the eye of the needle']",Put an end of the thread through the eye of the needle,1,0, A
2,50.0,"['Find sewing kit.', 'Put an end of the thread through the eye of the needle']","['Cut off the extra thread', 'Put needle and thread through shirt']",Put needle and thread through shirt,1,0, A
3,80.76923076923077,"['Find sewing kit.', 'Put an end of the thread through the eye of the needle', 'Put needle and thread through shirt']","['knot thread', 'Tie off the thread']",Tie off the thread,1,0, A
4,84.61538461538461,"['Find sewing kit.', 'Put an end of the thread through the eye of the needle', 'Put needle and thread through shirt', 'Tie off the thread']","['find shirt with missing button', 'cut the thread']",cut the thread,1,0, A
5,88.46153846153845,"['Find sewing kit.', 'Put an end of the thread through the eye of the needle', 'Put needle and thread through shirt', 'Tie off the thread', 'cut the thread']","['Take out the needle', 'Stick the needle through']",Take out the needle,0,0, A
0,0.0,[],"['push needle through button and shirt', 'get sewing kit']",get sewing kit,1,0, A
1,23.07692307692308,['get sewing kit'],"['Place needle through clothing.', 'FIND THE REPLACEMENT BUTTON']",FIND THE REPLACEMENT BUTTON,1,0, A
2,38.46153846153847,"['get sewing kit', 'FIND THE REPLACEMENT BUTTON']","['put back all the materials', 'Tie knot in thread.']",Tie knot in thread.,1,0, A
3,46.15384615384615,"['get sewing kit', 'FIND THE REPLACEMENT BUTTON', 'Tie knot in thread.']","['gather needle and thread', 'Sew button.']",Sew button.,1,0, A
4,50.0,"['get sewing kit', 'FIND THE REPLACEMENT BUTTON', 'Tie knot in thread.', 'Sew button.']","['Get thread', 'Put thread through needle.']",Put thread through needle.,1,0, A
5,80.76923076923077,"['get sewing kit', 'FIND THE REPLACEMENT BUTTON', 'Tie knot in thread.', 'Sew button.', 'Put thread through needle.']","['Tie off thread', 'Insert thread in needle']",Tie off thread,0,0, A
6,88.46153846153845,"['get sewing kit', 'FIND THE REPLACEMENT BUTTON', 'Tie knot in thread.', 'Sew button.', 'Put thread through needle.', 'Tie off thread']","['Put needle away', 'Sew needle through other holes in an X formation']",Put needle away,0,0, A
0,0.0,[],"['Gather supplies', 'thread needle']",Gather supplies,0,0, A
1,7.6923076923076925,['Gather supplies'],"['Pull it back out the other hole', 'Get thread and needle']",Get thread and needle,1,0, A
2,30.76923076923077,"['Gather supplies', 'Get thread and needle']","['Cut thread', 'Place the button at right place']",Place the button at right place,1,0, A
3,42.30769230769231,"['Gather supplies', 'Get thread and needle', 'Place the button at right place']","['Cut away old strings', 'getting out thread']",Cut away old strings,0,0, A
4,46.15384615384615,"['Gather supplies', 'Get thread and needle', 'Place the button at right place', 'Cut away old strings']","['Push needle down through other button on hole', 'Sew on button']",Sew on button,1,0, A
0,0.0,[],"['Tie knot.', 'Get out sewing kit']",Get out sewing kit,1,0, A
1,23.07692307692308,['Get out sewing kit'],"['Find a button', 'Insert the needle back into the garment from the top of the button']",Find a button,0,0, A
2,38.46153846153847,"['Get out sewing kit', 'Find a button']","['Tie knot on needle.', 'Push needle through other hole of button and through clothes']",Tie knot on needle.,0,0, A
3,50.0,"['Get out sewing kit', 'Find a button', 'Tie knot on needle.']","['Sew button through fourth and final hole', 'Push the needle through the fabric']",Push the needle through the fabric,1,0, A
4,76.92307692307693,"['Get out sewing kit', 'Find a button', 'Tie knot on needle.', 'Push the needle through the fabric']","['Get button', 'Keep sewing until the button is secure.']",Keep sewing until the button is secure.,1,0, A
0,0.0,[],"['Use the needle to go through the button holes and the fabric', 'Find sewing kit.']",Find sewing kit.,1,0, A
1,19.230769230769237,['Find sewing kit.'],"['Tie off the end of the thread', 'Get the proper colored thread']",Get the proper colored thread,1,0, A
2,26.923076923076923,"['Find sewing kit.', 'Get the proper colored thread']","['Get a piece of clothing.', 'Thread the opposite diagonal hole with the needle and tighten the string']",Get a piece of clothing.,0,0, A
3,46.15384615384615,"['Find sewing kit.', 'Get the proper colored thread', 'Get a piece of clothing.']","['grab a needle and string', 'make few passes']",make few passes,1,0, A
4,88.46153846153845,"['Find sewing kit.', 'Get the proper colored thread', 'Get a piece of clothing.', 'make few passes']","['Put away needle and thread', 'Prepare garment for sewing']",Put away needle and thread,0,0, A
5,92.3076923076923,"['Find sewing kit.', 'Get the proper colored thread', 'Get a piece of clothing.', 'make few passes', 'Put away needle and thread']","['MAKE SURE BUTTON IS SECURE', 'Sew the button onto the garment by passing the needle through all 4 button holes.']",MAKE SURE BUTTON IS SECURE,0,0, A
0,0.0,[],"['Drive to fabric store', 'Thread the needle']",Drive to fabric store,0,0, A
1,19.230769230769237,['Drive to fabric store'],"['Cut thread string to how much is needed', ""Pull a thread of a matching color through the needle's eye""]",Pull a thread of a matching color through the needle's eye,1,0, A
2,30.76923076923077,"['Drive to fabric store', ""Pull a thread of a matching color through the needle's eye""]","['Put the button in the correct spot.', 'Make a knot in fabric with thread behind the button']",Put the button in the correct spot.,0,0, A
3,46.15384615384615,"['Drive to fabric store', ""Pull a thread of a matching color through the needle's eye"", 'Put the button in the correct spot.']","['Find a matching button', 'Stitch the button on']",Stitch the button on,1,0, A
4,76.92307692307693,"['Drive to fabric store', ""Pull a thread of a matching color through the needle's eye"", 'Put the button in the correct spot.', 'Stitch the button on']","['Repeat', 'Find some thread']",Repeat,0,0, A
5,84.61538461538461,"['Drive to fabric store', ""Pull a thread of a matching color through the needle's eye"", 'Put the button in the correct spot.', 'Stitch the button on', 'Repeat']","['Get out needle, thread, button, and clothing item.', 'Cut thread']",Cut thread,1,0, A
0,0.0,[],"['get thread, needle, button to be sewn', 'pull through on the other side']","get thread, needle, button to be sewn",0,0, A
1,26.923076923076923,"['get thread, needle, button to be sewn']","['Repeat procedure until button is secure', 'Take shirt']",Take shirt,1,0, A
2,30.76923076923077,"['get thread, needle, button to be sewn', 'Take shirt']","['Place button where you want it.', 'tying a knot with thread']",Place button where you want it.,0,0, A
3,34.61538461538461,"['get thread, needle, button to be sewn', 'Take shirt', 'Place button where you want it.']","['thread needle', 'Get supplies - shirt, new button, thread, needle']",thread needle,0,0, A
4,50.0,"['get thread, needle, button to be sewn', 'Take shirt', 'Place button where you want it.', 'thread needle']","['push needle through button and shirt', 'Find right color string']",push needle through button and shirt,0,0, A
5,61.53846153846154,"['get thread, needle, button to be sewn', 'Take shirt', 'Place button where you want it.', 'thread needle', 'push needle through button and shirt']","['Put everything away.', 'Pass the needle through one of the button holes']",Pass the needle through one of the button holes,1,0, A
6,80.76923076923077,"['get thread, needle, button to be sewn', 'Take shirt', 'Place button where you want it.', 'thread needle', 'push needle through button and shirt', 'Pass the needle through one of the button holes']","['Tie a knot in the thread', ""Make sure it's secure""]",Make sure it's secure,1,0, A
7,88.46153846153845,"['get thread, needle, button to be sewn', 'Take shirt', 'Place button where you want it.', 'thread needle', 'push needle through button and shirt', 'Pass the needle through one of the button holes', ""Make sure it's secure""]","['Put needle and thread back in drawer', 'FIND THE REPLACEMENT BUTTON']",Put needle and thread back in drawer,0,0, A
8,92.3076923076923,"['get thread, needle, button to be sewn', 'Take shirt', 'Place button where you want it.', 'thread needle', 'push needle through button and shirt', 'Pass the needle through one of the button holes', ""Make sure it's secure"", 'Put needle and thread back in drawer']","['Get a sewing needle.', 'MAKE SURE BUTTON IS SECURE']",MAKE SURE BUTTON IS SECURE,1,0, A
0,0.0,[],"['Get out sewing kit.', 'Pull needle and thread']",Get out sewing kit.,0,0, A
1,23.07692307692308,['Get out sewing kit.'],"['get button', 'Tie the thread in a knot to secure it']",get button,0,0, A
2,34.61538461538461,"['Get out sewing kit.', 'get button']","['Thread needle.', 'Loop thread to create knot in thread.']",Thread needle.,0,0, A
3,53.84615384615385,"['Get out sewing kit.', 'get button', 'Thread needle.']","['Find a piece of clothing.', 'Crisscross on the button']",Crisscross on the button,1,0, A
4,61.53846153846154,"['Get out sewing kit.', 'get button', 'Thread needle.', 'Crisscross on the button']","['Put needle into one button hole through shirt.', 'Cut away any extra string']",Put needle into one button hole through shirt.,0,0, A
5,76.92307692307693,"['Get out sewing kit.', 'get button', 'Thread needle.', 'Crisscross on the button', 'Put needle into one button hole through shirt.']","['Repeat step 8 until button is sewn on', 'Get button']",Repeat step 8 until button is sewn on,0,0, A
6,84.61538461538461,"['Get out sewing kit.', 'get button', 'Thread needle.', 'Crisscross on the button', 'Put needle into one button hole through shirt.', 'Repeat step 8 until button is sewn on']","['Tie knot on needle.', 'Cut the thread.']",Cut the thread.,1,0, A
0,0.0,[],"['Drive to fabric store', 'Put needle and thread through holes']",Drive to fabric store,0,0, A
1,19.230769230769237,['Drive to fabric store'],"['Get some thread.', 'Tie off the thread on the underside of the garment']",Get some thread.,0,0, A
2,34.61538461538461,"['Drive to fabric store', 'Get some thread.']","['Thread the needle', 'Tie a knot.']",Thread the needle,0,0, A
3,88.46153846153845,"['Drive to fabric store', 'Get some thread.', 'Thread the needle']","['Take a needle', 'Put supplies away']",Put supplies away,1,0, A
4,92.3076923076923,"['Drive to fabric store', 'Get some thread.', 'Thread the needle', 'Put supplies away']","['Thread the needle', 'Check new button']",Check new button,1,0, A
0,0.0,[],"['Get supplies - shirt, new button, thread, needle', 'MAKE SURE BUTTON IS SECURE']","Get supplies - shirt, new button, thread, needle",0,0, A
1,7.6923076923076925,"['Get supplies - shirt, new button, thread, needle']","['Pull needle and thread', 'Take a needle and required thread']",Take a needle and required thread,1,0, A
2,11.538461538461538,"['Get supplies - shirt, new button, thread, needle', 'Take a needle and required thread']","['Find a needle', 'Put away needle and thread']",Find a needle,0,0, A
3,34.61538461538461,"['Get supplies - shirt, new button, thread, needle', 'Take a needle and required thread', 'Find a needle']","['thread a needle', 'Put needle through button and clothing.']",thread a needle,0,0, A
4,38.46153846153847,"['Get supplies - shirt, new button, thread, needle', 'Take a needle and required thread', 'Find a needle', 'thread a needle']","['Tie thread to needle', 'Tie off thread']",Tie thread to needle,0,0, A
5,61.53846153846154,"['Get supplies - shirt, new button, thread, needle', 'Take a needle and required thread', 'Find a needle', 'thread a needle', 'Tie thread to needle']","['Pull the needle until thread is completely on the other side of shirt', 'Cut off any excess thread.']",Pull the needle until thread is completely on the other side of shirt,0,0, A
6,65.38461538461539,"['Get supplies - shirt, new button, thread, needle', 'Take a needle and required thread', 'Find a needle', 'thread a needle', 'Tie thread to needle', 'Pull the needle until thread is completely on the other side of shirt']","['Then push needle through material', 'Put thread in it']",Then push needle through material,0,0, A
7,76.92307692307693,"['Get supplies - shirt, new button, thread, needle', 'Take a needle and required thread', 'Find a needle', 'thread a needle', 'Tie thread to needle', 'Pull the needle until thread is completely on the other side of shirt', 'Then push needle through material']","['Continue sewing.', 'Thread needle.']",Continue sewing.,0,0, A
0,0.0,[],"['Drive to fabric store', 'Sew the button']",Drive to fabric store,0,0, A
1,19.230769230769237,['Drive to fabric store'],"['Cut thread', 'Get thread']",Get thread,1,0, A
2,26.923076923076923,"['Drive to fabric store', 'Get thread']","['Use the needle to guide the thread', 'Get clothing']",Get clothing,1,0, A
3,34.61538461538461,"['Drive to fabric store', 'Get thread', 'Get clothing']","['cut thread so that need will detach', 'thread needle']",thread needle,1,0, A
4,53.84615384615385,"['Drive to fabric store', 'Get thread', 'Get clothing', 'thread needle']","['Get thread', 'Place button close to clothing.']",Place button close to clothing.,1,0, A
5,61.53846153846154,"['Drive to fabric store', 'Get thread', 'Get clothing', 'thread needle', 'Place button close to clothing.']","['Thread one hole with the needle', 'gather needle and thread']",Thread one hole with the needle,0,0, A
6,80.76923076923077,"['Drive to fabric store', 'Get thread', 'Get clothing', 'thread needle', 'Place button close to clothing.', 'Thread one hole with the needle']","['Thread a needle with thread that matches shirt that needs a new button.', 'tie thread at the end']",tie thread at the end,1,0, A
0,0.0,[],"['Push needle through button hole', 'Drive to fabric store']",Drive to fabric store,1,0, A
1,19.230769230769237,['Drive to fabric store'],"['Place needle through clothing.', 'Pull out a length of thread.']",Pull out a length of thread.,1,0, A
2,23.07692307692308,"['Drive to fabric store', 'Pull out a length of thread.']","['Sew through the diagonal hole of the button and the garment.', 'Find similar button']",Find similar button,1,0, A
3,61.53846153846154,"['Drive to fabric store', 'Pull out a length of thread.', 'Find similar button']","['Push needle through hole', 'Cut the thread.']",Push needle through hole,0,0, A
4,76.92307692307693,"['Drive to fabric store', 'Pull out a length of thread.', 'Find similar button', 'Push needle through hole']","['Repeat until button is secure', 'measure and cut length of thread']",Repeat until button is secure,0,0, A
5,80.76923076923077,"['Drive to fabric store', 'Pull out a length of thread.', 'Find similar button', 'Push needle through hole', 'Repeat until button is secure']","['Find a button', 'Tie a knot.']",Tie a knot.,1,0, A
6,88.46153846153845,"['Drive to fabric store', 'Pull out a length of thread.', 'Find similar button', 'Push needle through hole', 'Repeat until button is secure', 'Tie a knot.']","['put the supplies away', 'Get needle and thread']",put the supplies away,0,0, A
7,92.3076923076923,"['Drive to fabric store', 'Pull out a length of thread.', 'Find similar button', 'Push needle through hole', 'Repeat until button is secure', 'Tie a knot.', 'put the supplies away']","['Check new button', 'Hold shirt with non-dominant hand']",Check new button,0,0, A
0,0.0,[],"['Get supplies - shirt, new button, thread, needle', 'Tie knot in thread.']","Get supplies - shirt, new button, thread, needle",0,0, A
1,30.76923076923077,"['Get supplies - shirt, new button, thread, needle']","['Repeat for all holes to reinforce', 'Put button in the right area']",Put button in the right area,1,0, A
2,61.53846153846154,"['Get supplies - shirt, new button, thread, needle', 'Put button in the right area']","['Ending again in the back of the garment cut off the thread.', 'take needle bring up through the back of the item']",take needle bring up through the back of the item,1,0, A
3,76.92307692307693,"['Get supplies - shirt, new button, thread, needle', 'Put button in the right area', 'take needle bring up through the back of the item']","['Keep threading until the button is firmly attached', 'Tie thread to needle']",Keep threading until the button is firmly attached,0,0, A
4,80.76923076923077,"['Get supplies - shirt, new button, thread, needle', 'Put button in the right area', 'take needle bring up through the back of the item', 'Keep threading until the button is firmly attached']","['tie off thread', 'Get some thread.']",tie off thread,0,0, A
5,84.61538461538461,"['Get supplies - shirt, new button, thread, needle', 'Put button in the right area', 'take needle bring up through the back of the item', 'Keep threading until the button is firmly attached', 'tie off thread']","['thread the needle', 'Cut loose ends.']",Cut loose ends.,1,0, A
0,0.0,[],"['Gather supplies', 'Sew through the diagonal hole of the button and the garment.']",Gather supplies,0,0, A
1,7.6923076923076925,['Gather supplies'],"['put items away when done', 'Get needle and thread']",Get needle and thread,1,0, A
2,34.61538461538461,"['Gather supplies', 'Get needle and thread']","['thread needle', 'Tie knot.']",thread needle,0,0, A
3,46.15384615384615,"['Gather supplies', 'Get needle and thread', 'thread needle']","['Find some thread', 'Put thread through buttonhole']",Put thread through buttonhole,1,0, A
4,84.61538461538461,"['Gather supplies', 'Get needle and thread', 'thread needle', 'Put thread through buttonhole']","['Grab the garment that you would like to sew the button to.', 'cut the thread when finished']",cut the thread when finished,1,0, A
5,88.46153846153845,"['Gather supplies', 'Get needle and thread', 'thread needle', 'Put thread through buttonhole', 'cut the thread when finished']","['getting out thread', 'Put everything away.']",Put everything away.,1,0, A
0,0.0,[],"['Drive to fabric store', 'Push needle down through other button on hole']",Drive to fabric store,0,0, A
1,19.230769230769237,['Drive to fabric store'],"['Repeat through each button hole', 'Find some thread']",Find some thread,1,0, A
2,23.07692307692308,"['Drive to fabric store', 'Find some thread']","['Repeat steps 4 through 6 about 30 times', 'Get button']",Get button,1,0, A
3,30.76923076923077,"['Drive to fabric store', 'Find some thread', 'Get button']","['Put everything away.', 'Put the button up to the garment']",Put the button up to the garment,1,0, A
4,46.15384615384615,"['Drive to fabric store', 'Find some thread', 'Get button', 'Put the button up to the garment']","['Get sewing kit', 'Sew the button in place with the needle and thread']",Sew the button in place with the needle and thread,1,0, A
5,80.76923076923077,"['Drive to fabric store', 'Find some thread', 'Get button', 'Put the button up to the garment', 'Sew the button in place with the needle and thread']","['Get out sewing kit.', 'Tie end in a knot']",Tie end in a knot,1,0, A
6,88.46153846153845,"['Drive to fabric store', 'Find some thread', 'Get button', 'Put the button up to the garment', 'Sew the button in place with the needle and thread', 'Tie end in a knot']","['put the supplies away', 'Tie a knot a the end of the thread']",put the supplies away,0,0, A
7,92.3076923076923,"['Drive to fabric store', 'Find some thread', 'Get button', 'Put the button up to the garment', 'Sew the button in place with the needle and thread', 'Tie end in a knot', 'put the supplies away']","['Check if the button is tight', ""Pull a thread of a matching color through the needle's eye""]",Check if the button is tight,0,0, A
0,0.0,[],"['Sew button through fourth and final hole', 'Drive to fabric store']",Drive to fabric store,1,0, A
1,19.230769230769237,['Drive to fabric store'],"['Cut a length of thread more than double what you will need', 'Cut thread string to how much is needed']",Cut a length of thread more than double what you will need,0,0, A
2,34.61538461538461,"['Drive to fabric store', 'Cut a length of thread more than double what you will need']","['repeat 5-8 several times until button is secure', 'Thread needle with matching thread']",Thread needle with matching thread,1,0, A
3,50.0,"['Drive to fabric store', 'Cut a length of thread more than double what you will need', 'Thread needle with matching thread']","['Cut thread', 'Insert the needle from the bottom where the button is to be sewn']",Insert the needle from the bottom where the button is to be sewn,1,0, A
4,76.92307692307693,"['Drive to fabric store', 'Cut a length of thread more than double what you will need', 'Thread needle with matching thread', 'Insert the needle from the bottom where the button is to be sewn']","['Find a button to sew.', 'stitching the button on']",stitching the button on,1,0, A
5,84.61538461538461,"['Drive to fabric store', 'Cut a length of thread more than double what you will need', 'Thread needle with matching thread', 'Insert the needle from the bottom where the button is to be sewn', 'stitching the button on']","['Cut off excess thread', 'Place button onto item of clothing']",Cut off excess thread,0,0, A
0,0.0,[],"['Repeat 5 times with other two button holes', 'Drive to fabric store']",Drive to fabric store,1,0, A
1,19.230769230769237,['Drive to fabric store'],"['Find a thread', 'Thread one hole with the needle']",Find a thread,0,0, A
2,34.61538461538461,"['Drive to fabric store', 'Find a thread']","['Ending again in the back of the garment cut off the thread.', 'Thread the needle']",Thread the needle,1,0, A
3,46.15384615384615,"['Drive to fabric store', 'Find a thread', 'Thread the needle']","['Pass needle through shirt and button holes', 'Take a matching button']",Pass needle through shirt and button holes,0,0, A
4,84.61538461538461,"['Drive to fabric store', 'Find a thread', 'Thread the needle', 'Pass needle through shirt and button holes']","['Get garment which you would like to sew button on to.', 'Cut the excess thread']",Cut the excess thread,1,0, A
5,88.46153846153845,"['Drive to fabric store', 'Find a thread', 'Thread the needle', 'Pass needle through shirt and button holes', 'Cut the excess thread']","['PUT NEEDLE AND THREAD AWAY', 'Get a thread and a needle']",PUT NEEDLE AND THREAD AWAY,0,0, A
0,0.0,[],"['Push needle through the button holes', 'Drive to fabric store']",Drive to fabric store,1,0, A
1,19.230769230769237,['Drive to fabric store'],"[""pass needle and thread back through another of the button's needle holes"", 'Cut a length of thread more than double what you will need']",Cut a length of thread more than double what you will need,1,0, A
2,34.61538461538461,"['Drive to fabric store', 'Cut a length of thread more than double what you will need']","['put thread in needle', 'Make a knot in fabric with thread behind the button']",put thread in needle,0,0, A
3,88.46153846153845,"['Drive to fabric store', 'Cut a length of thread more than double what you will need', 'put thread in needle']","['Pull thread through and secure button', 'Put supplies away']",Put supplies away,1,0, A
4,92.3076923076923,"['Drive to fabric store', 'Cut a length of thread more than double what you will need', 'put thread in needle', 'Put supplies away']","['Stitch the button on', 'MAKE SURE BUTTON IS SECURE']",MAKE SURE BUTTON IS SECURE,1,0, A
0,0.0,[],"['Drive to fabric store', 'place button on cloth where it needs to go']",Drive to fabric store,0,0, A
1,19.230769230769237,['Drive to fabric store'],"['Take thread from sewing kit', 'Place button close to clothing.']",Take thread from sewing kit,0,0, A
2,23.07692307692308,"['Drive to fabric store', 'Take thread from sewing kit']","['MAKE SURE BUTTON IS SECURE', 'Get a replacement button.']",Get a replacement button.,1,0, A
3,26.923076923076923,"['Drive to fabric store', 'Take thread from sewing kit', 'Get a replacement button.']","['Take the cloth to be sewed', 'Pull needle and thread']",Take the cloth to be sewed,0,0, A
4,34.61538461538461,"['Drive to fabric store', 'Take thread from sewing kit', 'Get a replacement button.', 'Take the cloth to be sewed']","['Put thread in needle', 'Repeat step 8 until button is sewn on']",Put thread in needle,0,0, A
5,53.84615384615385,"['Drive to fabric store', 'Take thread from sewing kit', 'Get a replacement button.', 'Take the cloth to be sewed', 'Put thread in needle']","['Get your button', 'Pull thread through opposite button hole']",Pull thread through opposite button hole,1,0, A
6,84.61538461538461,"['Drive to fabric store', 'Take thread from sewing kit', 'Get a replacement button.', 'Take the cloth to be sewed', 'Put thread in needle', 'Pull thread through opposite button hole']","['Find a button', 'cut loose thread']",cut loose thread,1,0, A
7,88.46153846153845,"['Drive to fabric store', 'Take thread from sewing kit', 'Get a replacement button.', 'Take the cloth to be sewed', 'Put thread in needle', 'Pull thread through opposite button hole', 'cut loose thread']","['Put needle away', 'Purchase buttons']",Put needle away,0,0, A
8,92.3076923076923,"['Drive to fabric store', 'Take thread from sewing kit', 'Get a replacement button.', 'Take the cloth to be sewed', 'Put thread in needle', 'Pull thread through opposite button hole', 'cut loose thread', 'Put needle away']","['Place button on shirt', 'Check new button']",Check new button,1,0, A
0,0.0,[],"['Get back the needle through the fourth button hole', 'Find sewing kit.']",Find sewing kit.,1,0, A
1,19.230769230769237,['Find sewing kit.'],"['stitching the button on', 'Find similar color thread to use.']",Find similar color thread to use.,1,0, A
2,34.61538461538461,"['Find sewing kit.', 'Find similar color thread to use.']","['Thread needle.', 'Tie off thread']",Thread needle.,0,0, A
3,50.0,"['Find sewing kit.', 'Find similar color thread to use.', 'Thread needle.']","['push the needle through the fabric', 'PUT NEEDLE AND THREAD AWAY']",push the needle through the fabric,0,0, A
4,53.84615384615385,"['Find sewing kit.', 'Find similar color thread to use.', 'Thread needle.', 'push the needle through the fabric']","['Pull the needle through a hole in the button, then back into the fabric', 'Get shirt']","Pull the needle through a hole in the button, then back into the fabric",0,0, A
5,84.61538461538461,"['Find sewing kit.', 'Find similar color thread to use.', 'Thread needle.', 'push the needle through the fabric', 'Pull the needle through a hole in the button, then back into the fabric']","['Cut off excess thread', 'Find a button.']",Cut off excess thread,0,0, A
6,88.46153846153845,"['Find sewing kit.', 'Find similar color thread to use.', 'Thread needle.', 'push the needle through the fabric', 'Pull the needle through a hole in the button, then back into the fabric', 'Cut off excess thread']","['tie a knot in thread', 'put items away when done']",put items away when done,1,0, A
0,0.0,[],"['Bring the needle up through another hole on button.', 'Find sewing kit.']",Find sewing kit.,1,0, A
1,19.230769230769237,['Find sewing kit.'],"['Tie knot on thread.', 'Find thread that matches']",Find thread that matches,1,0, A
2,23.07692307692308,"['Find sewing kit.', 'Find thread that matches']","['Put away thread and needle', 'FIND THE REPLACEMENT BUTTON']",FIND THE REPLACEMENT BUTTON,1,0, A
3,38.46153846153847,"['Find sewing kit.', 'Find thread that matches', 'FIND THE REPLACEMENT BUTTON']","['Tie off your thread.', 'Make a knot at end']",Make a knot at end,1,0, A
4,50.0,"['Find sewing kit.', 'Find thread that matches', 'FIND THE REPLACEMENT BUTTON', 'Make a knot at end']","['Cut excess thread', 'Push needle through button and fabric.']",Push needle through button and fabric.,1,0, A
5,65.38461538461539,"['Find sewing kit.', 'Find thread that matches', 'FIND THE REPLACEMENT BUTTON', 'Make a knot at end', 'Push needle through button and fabric.']","['Get the needle', 'Bring the needle up through another hole on button.']",Bring the needle up through another hole on button.,1,0, A
6,69.23076923076923,"['Find sewing kit.', 'Find thread that matches', 'FIND THE REPLACEMENT BUTTON', 'Make a knot at end', 'Push needle through button and fabric.', 'Bring the needle up through another hole on button.']","['Sew button through third hole', 'Pick up shirt missing button.']",Sew button through third hole,0,0, A
0,0.0,[],"['Drive to fabric store', 'Thread the needle.']",Drive to fabric store,0,0, A
1,19.230769230769237,['Drive to fabric store'],"['getting out thread', 'Cut.']",getting out thread,0,0, A
2,30.76923076923077,"['Drive to fabric store', 'getting out thread']","['Pull til it stops at the knot, push through fabric and another button hole', 'Place button where you want it.']",Place button where you want it.,1,0, A
3,46.15384615384615,"['Drive to fabric store', 'getting out thread', 'Place button where you want it.']","['find a button', 'Put thread through buttonhole']",Put thread through buttonhole,1,0, A
4,84.61538461538461,"['Drive to fabric store', 'getting out thread', 'Place button where you want it.', 'Put thread through buttonhole']","['Cut off the extra thread', 'take the button']",Cut off the extra thread,0,0, A
5,88.46153846153845,"['Drive to fabric store', 'getting out thread', 'Place button where you want it.', 'Put thread through buttonhole', 'Cut off the extra thread']","['Take out the needle', 'Get needle.']",Take out the needle,0,0, A
6,92.3076923076923,"['Drive to fabric store', 'getting out thread', 'Place button where you want it.', 'Put thread through buttonhole', 'Cut off the extra thread', 'Take out the needle']","['Put needle in other button hole.', 'MAKE SURE BUTTON IS SECURE']",MAKE SURE BUTTON IS SECURE,1,0, A
0,0.0,[],"['Thread the needle', 'Grab the fabric and button']",Grab the fabric and button,1,0, A
1,15.384615384615383,['Grab the fabric and button'],"['Repeat 4 or 5 times', 'Choose thread color']",Choose thread color,1,0, A
2,30.76923076923077,"['Grab the fabric and button', 'Choose thread color']","['Place button on clothing', ""Make sure it's secure""]",Place button on clothing,0,0, A
3,34.61538461538461,"['Grab the fabric and button', 'Choose thread color', 'Place button on clothing']","['Continue sewing.', 'Insert thread in needle']",Insert thread in needle,1,0, A
4,88.46153846153845,"['Grab the fabric and button', 'Choose thread color', 'Place button on clothing', 'Insert thread in needle']","['take the needle and matching thread', 'put needle and thread away']",put needle and thread away,1,0, A
5,92.3076923076923,"['Grab the fabric and button', 'Choose thread color', 'Place button on clothing', 'Insert thread in needle', 'put needle and thread away']","['Check the button', 'Tie knot in end of thread']",Check the button,0,0, A
0,0.0,[],"['Take out sewing kit.', 'Get item that needs button sewing on']",Take out sewing kit.,0,0, A
1,11.538461538461538,['Take out sewing kit.'],"['Holding button at appropriate location, press needle through first hole on button.', 'getting out needle']",getting out needle,1,0, A
2,15.384615384615383,"['Take out sewing kit.', 'getting out needle']","['Find right color string', 'Knot the ends of the thread together.']",Find right color string,0,0, A
3,30.76923076923077,"['Take out sewing kit.', 'getting out needle', 'Find right color string']","['Snip excess thread off', 'line new button up with corresponding button hole']",line new button up with corresponding button hole,1,0, A
4,42.30769230769231,"['Take out sewing kit.', 'getting out needle', 'Find right color string', 'line new button up with corresponding button hole']","['measure and cut length of thread', 'Repeat until button is tight']",measure and cut length of thread,0,0, A
5,61.53846153846154,"['Take out sewing kit.', 'getting out needle', 'Find right color string', 'line new button up with corresponding button hole', 'measure and cut length of thread']","['Put needle into one button hole through shirt.', 'MAKE SURE BUTTON IS SECURE']",Put needle into one button hole through shirt.,0,0, A
6,65.38461538461539,"['Take out sewing kit.', 'getting out needle', 'Find right color string', 'line new button up with corresponding button hole', 'measure and cut length of thread', 'Put needle into one button hole through shirt.']","['Cross over to perpendicular hole, push needle back through', 'Get clothes']","Cross over to perpendicular hole, push needle back through",0,0, A
7,69.23076923076923,"['Take out sewing kit.', 'getting out needle', 'Find right color string', 'line new button up with corresponding button hole', 'measure and cut length of thread', 'Put needle into one button hole through shirt.', 'Cross over to perpendicular hole, push needle back through']","['Select needle', 'put needle into adjoining hole']",put needle into adjoining hole,1,0, A
0,0.0,[],"['tie the thread to the sewing needle', 'Grab the fabric and button']",Grab the fabric and button,1,0, A
1,15.384615384615383,['Grab the fabric and button'],"['Choose thread color', 'tie thread at the end']",Choose thread color,0,0, A
2,34.61538461538461,"['Grab the fabric and button', 'Choose thread color']","['Cut off excess thread', 'put thread in needle']",put thread in needle,1,0, A
3,88.46153846153845,"['Grab the fabric and button', 'Choose thread color', 'put thread in needle']","['Grab a needle and thread', 'Put needle and thread back in drawer']",Put needle and thread back in drawer,1,0, A
4,92.3076923076923,"['Grab the fabric and button', 'Choose thread color', 'put thread in needle', 'Put needle and thread back in drawer']","['Get some thread', 'Check if the button is tight']",Check if the button is tight,1,0, A
0,0.0,[],"['Hold button to material.', 'Drive to fabric store']",Drive to fabric store,1,0, A
1,19.230769230769237,['Drive to fabric store'],"['Pull out a length of thread.', 'Pull til it stops at the knot, push through fabric and another button hole']",Pull out a length of thread.,0,0, A
2,26.923076923076923,"['Drive to fabric store', 'Pull out a length of thread.']","['Get item that needs button sewing on', 'Tie off knot with thread.']",Get item that needs button sewing on,0,0, A
3,46.15384615384615,"['Drive to fabric store', 'Pull out a length of thread.', 'Get item that needs button sewing on']","['take the needle and matching thread', 'Sew through the holes of the button']",Sew through the holes of the button,1,0, A
4,88.46153846153845,"['Drive to fabric store', 'Pull out a length of thread.', 'Get item that needs button sewing on', 'Sew through the holes of the button']","['put the supplies away', 'Place button in desired position']",put the supplies away,0,0, A
0,0.0,[],"['Tie knot to secure thread and button to clothes', 'Take out sewing kit']",Take out sewing kit,1,0, A
1,11.538461538461538,['Take out sewing kit'],"['Insert the needle with thread in button hole and shirt', 'Get a needle']",Get a needle,1,0, A
2,34.61538461538461,"['Take out sewing kit', 'Get a needle']","['Cut the thread.', 'Thread needle.']",Thread needle.,1,0, A
3,50.0,"['Take out sewing kit', 'Get a needle', 'Thread needle.']","[""Pull a thread of a matching color through the needle's eye"", 'Push needle through the button hole into the fabric']",Push needle through the button hole into the fabric,1,0, A
4,76.92307692307693,"['Take out sewing kit', 'Get a needle', 'Thread needle.', 'Push needle through the button hole into the fabric']","['thread the needle', 'Repeat this until the button is secure']",Repeat this until the button is secure,1,0, A
5,80.76923076923077,"['Take out sewing kit', 'Get a needle', 'Thread needle.', 'Push needle through the button hole into the fabric', 'Repeat this until the button is secure']","['Tie off thread', 'Get garment which you would like to sew button on to.']",Tie off thread,0,0, A
0,0.0,[],"['knot thread', 'Drive to fabric store']",Drive to fabric store,1,0, A
1,19.230769230769237,['Drive to fabric store'],"['Find thread that matches', 'Repeat the inserting as above for about 10 times']",Find thread that matches,0,0, A
2,26.923076923076923,"['Drive to fabric store', 'Find thread that matches']","['Get garment which you would like to sew button on to.', 'Push through other holes']",Get garment which you would like to sew button on to.,0,0, A
3,34.61538461538461,"['Drive to fabric store', 'Find thread that matches', 'Get garment which you would like to sew button on to.']","['Tie the end of the string', 'Thread the needle']",Thread the needle,1,0, A
4,38.46153846153847,"['Drive to fabric store', 'Find thread that matches', 'Get garment which you would like to sew button on to.', 'Thread the needle']","['Tie a knot at the end of thread', 'Put the needle thorough the back of the button hole.']",Tie a knot at the end of thread,0,0, A
5,61.53846153846154,"['Drive to fabric store', 'Find thread that matches', 'Get garment which you would like to sew button on to.', 'Thread the needle', 'Tie a knot at the end of thread']","['Insert needle through one side of button', 'Find sewing kit.']",Insert needle through one side of button,0,0, A
6,76.92307692307693,"['Drive to fabric store', 'Find thread that matches', 'Get garment which you would like to sew button on to.', 'Thread the needle', 'Tie a knot at the end of thread', 'Insert needle through one side of button']","['Keep sewing until the button is secure.', 'thread the needle']",Keep sewing until the button is secure.,0,0, A
7,80.76923076923077,"['Drive to fabric store', 'Find thread that matches', 'Get garment which you would like to sew button on to.', 'Thread the needle', 'Tie a knot at the end of thread', 'Insert needle through one side of button', 'Keep sewing until the button is secure.']","['Get needle.', 'Make a knot in fabric with thread behind the button']",Make a knot in fabric with thread behind the button,1,0, A
8,88.46153846153845,"['Drive to fabric store', 'Find thread that matches', 'Get garment which you would like to sew button on to.', 'Thread the needle', 'Tie a knot at the end of thread', 'Insert needle through one side of button', 'Keep sewing until the button is secure.', 'Make a knot in fabric with thread behind the button']","['Clean up.', 'Place button on fabric']",Clean up.,0,0, A
9,92.3076923076923,"['Drive to fabric store', 'Find thread that matches', 'Get garment which you would like to sew button on to.', 'Thread the needle', 'Tie a knot at the end of thread', 'Insert needle through one side of button', 'Keep sewing until the button is secure.', 'Make a knot in fabric with thread behind the button', 'Clean up.']","['MAKE SURE BUTTON IS SECURE', 'Purchase thread']",MAKE SURE BUTTON IS SECURE,0,0, A
0,0.0,[],"['Gather supplies', 'Tie end in a knot']",Gather supplies,0,0, A
1,7.6923076923076925,['Gather supplies'],"['make sure button is secure', 'Take out thread and needle']",Take out thread and needle,1,0, A
2,30.76923076923077,"['Gather supplies', 'Take out thread and needle']","['Put needle through button and clothing.', 'Place button on shirt']",Place button on shirt,1,0, A
3,50.0,"['Gather supplies', 'Take out thread and needle', 'Place button on shirt']","['Get the sewing kit.', 'Starting on inside of garment, push through with needle.']","Starting on inside of garment, push through with needle.",1,0, A
4,76.92307692307693,"['Gather supplies', 'Take out thread and needle', 'Place button on shirt', 'Starting on inside of garment, push through with needle.']","['Place button onto item of clothing', 'repeat steps 4-5 until button is secured to shirt']",repeat steps 4-5 until button is secured to shirt,1,0, A
5,84.61538461538461,"['Gather supplies', 'Take out thread and needle', 'Place button on shirt', 'Starting on inside of garment, push through with needle.', 'repeat steps 4-5 until button is secured to shirt']","['pull the thread through the eye of needle', 'Cut off excess thread']",Cut off excess thread,1,0, A
6,88.46153846153845,"['Gather supplies', 'Take out thread and needle', 'Place button on shirt', 'Starting on inside of garment, push through with needle.', 'repeat steps 4-5 until button is secured to shirt', 'Cut off excess thread']","['push the needle through the button', 'put items away when done']",put items away when done,1,0, A
7,92.3076923076923,"['Gather supplies', 'Take out thread and needle', 'Place button on shirt', 'Starting on inside of garment, push through with needle.', 'repeat steps 4-5 until button is secured to shirt', 'Cut off excess thread', 'put items away when done']","['Check new button', 'Get out sewing kit']",Check new button,0,0, A
0,0.0,[],"['Get scissors, needle, button and thread', 'Repeat this until the button is secure']","Get scissors, needle, button and thread",0,0, A
1,26.923076923076923,"['Get scissors, needle, button and thread']","['Put the thread through the button and start threading', 'Hold shirt with non-dominant hand']",Hold shirt with non-dominant hand,1,0, A
2,30.76923076923077,"['Get scissors, needle, button and thread', 'Hold shirt with non-dominant hand']","['get sewing kit', 'Place button on desired spot on shirt.']",Place button on desired spot on shirt.,1,0, A
3,50.0,"['Get scissors, needle, button and thread', 'Hold shirt with non-dominant hand', 'Place button on desired spot on shirt.']","['Poke hole with needle through button hole and fabric', 'Get back the needle through the fourth button hole']",Poke hole with needle through button hole and fabric,0,0, A
4,80.76923076923077,"['Get scissors, needle, button and thread', 'Hold shirt with non-dominant hand', 'Place button on desired spot on shirt.', 'Poke hole with needle through button hole and fabric']","['Tie ends.', 'Select thread of correct color']",Tie ends.,0,0, A
0,0.0,[],"['When button is securely in place tie knot in thread at back of garment', 'Get scissors, needle, button and thread']","Get scissors, needle, button and thread",1,0, A
1,26.923076923076923,"['Get scissors, needle, button and thread']","['Put needle through button and clothing.', 'Lay down garment']",Lay down garment,1,0, A
2,34.61538461538461,"['Get scissors, needle, button and thread', 'Lay down garment']","['thread needle', 'Repeat 5 times with other two button holes']",thread needle,0,0, A
3,46.15384615384615,"['Get scissors, needle, button and thread', 'Lay down garment', 'thread needle']","['Get needle', 'With needle and thread push needle through cloth and through button hole']",With needle and thread push needle through cloth and through button hole,1,0, A
4,53.84615384615385,"['Get scissors, needle, button and thread', 'Lay down garment', 'thread needle', 'With needle and thread push needle through cloth and through button hole']","['Pull the needle through a hole in the button, then back into the fabric', 'Grab button']","Pull the needle through a hole in the button, then back into the fabric",0,0, A
0,0.0,[],"['Push needle down through other button on hole', 'Drive to fabric store']",Drive to fabric store,1,0, A
1,19.230769230769237,['Drive to fabric store'],"['Get thread.', 'Tie end in a knot']",Get thread.,0,0, A
2,30.76923076923077,"['Drive to fabric store', 'Get thread.']","['attach button', 'Tie the thread in a knot to secure it']",attach button,0,0, A
3,50.0,"['Drive to fabric store', 'Get thread.', 'attach button']","['Insert the thread through the button', 'Get thread.']",Insert the thread through the button,0,0, A
4,80.76923076923077,"['Drive to fabric store', 'Get thread.', 'attach button', 'Insert the thread through the button']","['Take a needle', 'Tie off thread']",Tie off thread,1,0, A
0,0.0,[],"['Drive to fabric store', 'Push needle through fabric and button hole']",Drive to fabric store,0,0, A
1,19.230769230769237,['Drive to fabric store'],"[""pass needle and thread back through another of the button's needle holes"", 'get some thread']",get some thread,1,0, A
2,23.07692307692308,"['Drive to fabric store', 'get some thread']","['Find similar button', 'Pull through']",Find similar button,0,0, A
3,34.61538461538461,"['Drive to fabric store', 'get some thread', 'Find similar button']","['Push through other holes', 'Thread a needle.']",Thread a needle.,1,0, A
4,61.53846153846154,"['Drive to fabric store', 'get some thread', 'Find similar button', 'Thread a needle.']","['Start sewing going into the back of the garment.', 'Get a needle and thread.']",Start sewing going into the back of the garment.,0,0, A
5,80.76923076923077,"['Drive to fabric store', 'get some thread', 'Find similar button', 'Thread a needle.', 'Start sewing going into the back of the garment.']","['Make a knot on last pass', 'Get needle']",Make a knot on last pass,0,0, A
0,0.0,[],"['Get sewing kit', 'place button on cloth where it needs to go']",Get sewing kit,0,0, A
1,23.07692307692308,['Get sewing kit'],"['Use the needle to sew the broken button', 'Look through sewing kit for a button that matches clothing.']",Look through sewing kit for a button that matches clothing.,1,0, A
2,61.53846153846154,"['Get sewing kit', 'Look through sewing kit for a button that matches clothing.']","['Get the piece of apparel that needs to sew the button on.', 'Sew button onto fabric through the first hole']",Sew button onto fabric through the first hole,1,0, A
3,80.76923076923077,"['Get sewing kit', 'Look through sewing kit for a button that matches clothing.', 'Sew button onto fabric through the first hole']","['tie a knot in thread', 'Loop thread to create knot in thread.']",Loop thread to create knot in thread.,1,0, A
4,84.61538461538461,"['Get sewing kit', 'Look through sewing kit for a button that matches clothing.', 'Sew button onto fabric through the first hole', 'Loop thread to create knot in thread.']","['Cut off the extra thread', 'Put thread through needle']",Cut off the extra thread,0,0, A
5,88.46153846153845,"['Get sewing kit', 'Look through sewing kit for a button that matches clothing.', 'Sew button onto fabric through the first hole', 'Loop thread to create knot in thread.', 'Cut off the extra thread']","['Tie knot in end of thread', 'Take out the needle']",Take out the needle,1,0, A
6,92.3076923076923,"['Get sewing kit', 'Look through sewing kit for a button that matches clothing.', 'Sew button onto fabric through the first hole', 'Loop thread to create knot in thread.', 'Cut off the extra thread', 'Take out the needle']","['Check if the button is tight', 'Put one end of thread through the eye of the needle.']",Check if the button is tight,0,0, A
0,0.0,[],"['Insert thread in needle', 'Grab the fabric and button']",Grab the fabric and button,1,0, A
1,26.923076923076923,['Grab the fabric and button'],"['Hold shirt with non-dominant hand', 'Run needle and thread through button hole and fabric hole']",Hold shirt with non-dominant hand,0,0, A
2,34.61538461538461,"['Grab the fabric and button', 'Hold shirt with non-dominant hand']","['Tie ends.', 'Put thread through needle hole']",Put thread through needle hole,1,0, A
3,42.30769230769231,"['Grab the fabric and button', 'Hold shirt with non-dominant hand', 'Put thread through needle hole']","['Cut away old strings', 'locate needle and thread']",Cut away old strings,0,0, A
4,61.53846153846154,"['Grab the fabric and button', 'Hold shirt with non-dominant hand', 'Put thread through needle hole', 'Cut away old strings']","['Start sewing going into the back of the garment.', 'get item to be sewn']",Start sewing going into the back of the garment.,0,0, A
5,76.92307692307693,"['Grab the fabric and button', 'Hold shirt with non-dominant hand', 'Put thread through needle hole', 'Cut away old strings', 'Start sewing going into the back of the garment.']","['Insert thread in needle', 'Repeat the inserting as above for about 10 times']",Repeat the inserting as above for about 10 times,1,0, A
6,80.76923076923077,"['Grab the fabric and button', 'Hold shirt with non-dominant hand', 'Put thread through needle hole', 'Cut away old strings', 'Start sewing going into the back of the garment.', 'Repeat the inserting as above for about 10 times']","['get item to be sewn', 'tying a knot with thread']",tying a knot with thread,1,0, A
7,84.61538461538461,"['Grab the fabric and button', 'Hold shirt with non-dominant hand', 'Put thread through needle hole', 'Cut away old strings', 'Start sewing going into the back of the garment.', 'Repeat the inserting as above for about 10 times', 'tying a knot with thread']","['Find matching button, or old button.', 'Cut off excess thread']",Cut off excess thread,1,0, A
8,88.46153846153845,"['Grab the fabric and button', 'Hold shirt with non-dominant hand', 'Put thread through needle hole', 'Cut away old strings', 'Start sewing going into the back of the garment.', 'Repeat the inserting as above for about 10 times', 'tying a knot with thread', 'Cut off excess thread']","['Put needle and thread back in drawer', 'Start sewing going into the back of the garment.']",Put needle and thread back in drawer,0,0, A
0,0.0,[],"['Cut thread.', 'Get scissors, needle, button and thread']","Get scissors, needle, button and thread",1,0, A
1,26.923076923076923,"['Get scissors, needle, button and thread']","['pull the needle through', 'take the cloth to be sewed']",take the cloth to be sewed,1,0, A
2,34.61538461538461,"['Get scissors, needle, button and thread', 'take the cloth to be sewed']","['Fix the thread in the needle', 'Drive to fabric store']",Fix the thread in the needle,0,0, A
3,53.84615384615385,"['Get scissors, needle, button and thread', 'take the cloth to be sewed', 'Fix the thread in the needle']","['pass needle through needle hole in button', 'Grab button']",pass needle through needle hole in button,0,0, A
0,0.0,[],"['Get your sewing kit', 'use needle and thread to sew button onto shirt']",Get your sewing kit,0,0, A
1,11.538461538461538,['Get your sewing kit'],"['Sew through the diagonal hole of the button and the garment.', 'Get needle.']",Get needle.,1,0, A
2,19.230769230769237,"['Get your sewing kit', 'Get needle.']","['Get the thread', 'Cut thread']",Get the thread,0,0, A
3,30.76923076923077,"['Get your sewing kit', 'Get needle.', 'Get the thread']","['Place the button at right place', 'Repeat through each button hole']",Place the button at right place,0,0, A
4,46.15384615384615,"['Get your sewing kit', 'Get needle.', 'Get the thread', 'Place the button at right place']","['sew button into fabric making sure stitches are secure', 'Find sewing kit.']",sew button into fabric making sure stitches are secure,0,0, A
5,50.0,"['Get your sewing kit', 'Get needle.', 'Get the thread', 'Place the button at right place', 'sew button into fabric making sure stitches are secure']","['put the needle into the fabric', 'Cut thread close to knot.']",put the needle into the fabric,0,0, A
6,61.53846153846154,"['Get your sewing kit', 'Get needle.', 'Get the thread', 'Place the button at right place', 'sew button into fabric making sure stitches are secure', 'put the needle into the fabric']","['Get the item of clothing the button is to go on', 'push the needle through the button']",push the needle through the button,1,0, A
7,76.92307692307693,"['Get your sewing kit', 'Get needle.', 'Get the thread', 'Place the button at right place', 'sew button into fabric making sure stitches are secure', 'put the needle into the fabric', 'push the needle through the button']","['Get a needle and thread.', 'Repeat until button is secure']",Repeat until button is secure,1,0, A
8,80.76923076923077,"['Get your sewing kit', 'Get needle.', 'Get the thread', 'Place the button at right place', 'sew button into fabric making sure stitches are secure', 'put the needle into the fabric', 'push the needle through the button', 'Repeat until button is secure']","['Put button on shirt', 'tie off thread']",tie off thread,1,0, A
0,0.0,[],"['Bring the needle up through another hole on button.', 'Get button, thread, needle and scissors']","Get button, thread, needle and scissors",1,0, A
1,15.384615384615383,"['Get button, thread, needle and scissors']","['Repeat until button is secure', 'Choose thread color']",Choose thread color,1,0, A
2,23.07692307692308,"['Get button, thread, needle and scissors', 'Choose thread color']","['Cross over to perpendicular hole, push needle back through', 'Find a button']",Find a button,1,0, A
3,26.923076923076923,"['Get button, thread, needle and scissors', 'Choose thread color', 'Find a button']","['Cut excess thread', 'Hold shirt with non-dominant hand']",Hold shirt with non-dominant hand,1,0, A
4,34.61538461538461,"['Get button, thread, needle and scissors', 'Choose thread color', 'Find a button', 'Hold shirt with non-dominant hand']","['Thread the needle', 'Poke needle through opposite hole']",Thread the needle,0,0, A
5,53.84615384615385,"['Get button, thread, needle and scissors', 'Choose thread color', 'Find a button', 'Hold shirt with non-dominant hand', 'Thread the needle']","['Take out thread and needle', 'With other hand, push needle through button hole']","With other hand, push needle through button hole",1,0, A
6,84.61538461538461,"['Get button, thread, needle and scissors', 'Choose thread color', 'Find a button', 'Hold shirt with non-dominant hand', 'Thread the needle', 'With other hand, push needle through button hole']","['Get out sewing kit.', 'Cut thread.']",Cut thread.,1,0, A
7,88.46153846153845,"['Get button, thread, needle and scissors', 'Choose thread color', 'Find a button', 'Hold shirt with non-dominant hand', 'Thread the needle', 'With other hand, push needle through button hole', 'Cut thread.']","['Put away needle and thread', 'Get needle']",Put away needle and thread,0,0, A
0,0.0,[],"['tying a knot with thread', 'Get scissors, needle, button and thread']","Get scissors, needle, button and thread",1,0, A
1,7.6923076923076925,"['Get scissors, needle, button and thread']","['Return the needle through the fabric and through a different button hole', 'Obtain needle and thread']",Obtain needle and thread,1,0, A
2,19.230769230769237,"['Get scissors, needle, button and thread', 'Obtain needle and thread']","['Get some thread.', 'Tie the end of the string so it will not unravel']",Get some thread.,0,0, A
3,26.923076923076923,"['Get scissors, needle, button and thread', 'Obtain needle and thread', 'Get some thread.']","['gather garment for buttoning', 'Check if the button is tight']",gather garment for buttoning,0,0, A
4,50.0,"['Get scissors, needle, button and thread', 'Obtain needle and thread', 'Get some thread.', 'gather garment for buttoning']","['insert needle through cloth', 'Put needle and thread back in drawer']",insert needle through cloth,0,0, A
5,61.53846153846154,"['Get scissors, needle, button and thread', 'Obtain needle and thread', 'Get some thread.', 'gather garment for buttoning', 'insert needle through cloth']","['Insert needle through one side of button', 'Get sewing kit']",Insert needle through one side of button,0,0, A
6,65.38461538461539,"['Get scissors, needle, button and thread', 'Obtain needle and thread', 'Get some thread.', 'gather garment for buttoning', 'insert needle through cloth', 'Insert needle through one side of button']","['Get the sewing kit.', 'Sew button through second hole']",Sew button through second hole,1,0, A
7,76.92307692307693,"['Get scissors, needle, button and thread', 'Obtain needle and thread', 'Get some thread.', 'gather garment for buttoning', 'insert needle through cloth', 'Insert needle through one side of button', 'Sew button through second hole']","['Repeat until sewed on.', 'thread needle']",Repeat until sewed on.,0,0, A
8,80.76923076923077,"['Get scissors, needle, button and thread', 'Obtain needle and thread', 'Get some thread.', 'gather garment for buttoning', 'insert needle through cloth', 'Insert needle through one side of button', 'Sew button through second hole', 'Repeat until sewed on.']","['Grab the garment that you would like to sew the button to.', 'Tie the thread at the bottom of the button']",Tie the thread at the bottom of the button,1,0, A
0,0.0,[],"['Insert the needle from the bottom where the button is to be sewn', 'Take out sewing kit.']",Take out sewing kit.,1,0, A
1,11.538461538461538,['Take out sewing kit.'],"['Get needle', 'Put needle and thread through shirt']",Get needle,0,0, A
2,30.76923076923077,"['Take out sewing kit.', 'Get needle']","['Mark on clothing where button is to go', 'Repeat several times until button is attached solidly to the fabric.']",Mark on clothing where button is to go,0,0, A
3,34.61538461538461,"['Take out sewing kit.', 'Get needle', 'Mark on clothing where button is to go']","['thread needle', 'Repeat to make loop and knot it.']",thread needle,0,0, A
4,61.53846153846154,"['Take out sewing kit.', 'Get needle', 'Mark on clothing where button is to go', 'thread needle']","['Get the piece of apparel that needs to sew the button on.', 'take needle bring up through the back of the item']",take needle bring up through the back of the item,1,0, A
5,65.38461538461539,"['Take out sewing kit.', 'Get needle', 'Mark on clothing where button is to go', 'thread needle', 'take needle bring up through the back of the item']","['pull needle through to knot', 'put back all the materials']",pull needle through to knot,0,0, A
6,69.23076923076923,"['Take out sewing kit.', 'Get needle', 'Mark on clothing where button is to go', 'thread needle', 'take needle bring up through the back of the item', 'pull needle through to knot']","['Select thread of correct color', 'Move needle down to hole opposite first hole']",Move needle down to hole opposite first hole,1,0, A
7,73.07692307692307,"['Take out sewing kit.', 'Get needle', 'Mark on clothing where button is to go', 'thread needle', 'take needle bring up through the back of the item', 'pull needle through to knot', 'Move needle down to hole opposite first hole']","['find shirt with missing button', 'Repeat for remaining holes']",Repeat for remaining holes,1,0, A
8,80.76923076923077,"['Take out sewing kit.', 'Get needle', 'Mark on clothing where button is to go', 'thread needle', 'take needle bring up through the back of the item', 'pull needle through to knot', 'Move needle down to hole opposite first hole', 'Repeat for remaining holes']","['make sure button is secure', 'Put an end of the thread through the eye of the needle']",make sure button is secure,0,0, A
9,88.46153846153845,"['Take out sewing kit.', 'Get needle', 'Mark on clothing where button is to go', 'thread needle', 'take needle bring up through the back of the item', 'pull needle through to knot', 'Move needle down to hole opposite first hole', 'Repeat for remaining holes', 'make sure button is secure']","['put needle and thread away', 'Find shirt']",put needle and thread away,0,0, A
0,0.0,[],"['Take out sewing kit', 'Hold button in place on clothing.']",Take out sewing kit,0,0, A
1,23.07692307692308,['Take out sewing kit'],"['Find matching button, or old button.', 'Put the needle and thread away']","Find matching button, or old button.",0,0, A
2,26.923076923076923,"['Take out sewing kit', 'Find matching button, or old button.']","['Remove the old button', 'Tie off thread']",Remove the old button,0,0, A
3,34.61538461538461,"['Take out sewing kit', 'Find matching button, or old button.', 'Remove the old button']","['thread needle with thread', 'Loop thread to create knot in thread.']",thread needle with thread,0,0, A
4,50.0,"['Take out sewing kit', 'Find matching button, or old button.', 'Remove the old button', 'thread needle with thread']","['insert needle through cloth', 'put back all the materials']",insert needle through cloth,0,0, A
5,80.76923076923077,"['Take out sewing kit', 'Find matching button, or old button.', 'Remove the old button', 'thread needle with thread', 'insert needle through cloth']","['Thread needle', 'Tie a knot.']",Tie a knot.,1,0, A
6,88.46153846153845,"['Take out sewing kit', 'Find matching button, or old button.', 'Remove the old button', 'thread needle with thread', 'insert needle through cloth', 'Tie a knot.']","['Put away thread and needle', 'Start sewing going into the back of the garment.']",Put away thread and needle,0,0, A
0,0.0,[],"['Cut the thread.', 'get sewing kit']",get sewing kit,1,0, A
1,23.07692307692308,['get sewing kit'],"['Sew button through fourth and final hole', 'Choose a button.']",Choose a button.,1,0, A
2,26.923076923076923,"['get sewing kit', 'Choose a button.']","['taking the right button out', 'Tie ends.']",taking the right button out,0,0, A
3,30.76923076923077,"['get sewing kit', 'Choose a button.', 'taking the right button out']","['Continue sewing in an X pattern until the button is secure.', 'Hold button to material.']",Hold button to material.,1,0, A
4,46.15384615384615,"['get sewing kit', 'Choose a button.', 'taking the right button out', 'Hold button to material.']","['Pass thread through button holes.', 'Check new button']",Pass thread through button holes.,0,0, A
5,88.46153846153845,"['get sewing kit', 'Choose a button.', 'taking the right button out', 'Hold button to material.', 'Pass thread through button holes.']","['insert needle through cloth', 'Put the needle and thread away']",Put the needle and thread away,1,0, A
0,0.0,[],"['get thread, needle, button to be sewn', 'Thread the needle']","get thread, needle, button to be sewn",0,0, A
1,7.6923076923076925,"['get thread, needle, button to be sewn']","['Cross over to perpendicular hole, push needle back through', 'Find some thread and needle']",Find some thread and needle,1,0, A
2,26.923076923076923,"['get thread, needle, button to be sewn', 'Find some thread and needle']","['Tie of thread on inside', 'Place item on flat surface']",Place item on flat surface,1,0, A
3,34.61538461538461,"['get thread, needle, button to be sewn', 'Find some thread and needle', 'Place item on flat surface']","['Get supplies - shirt, new button, thread, needle', 'put thread through needle']",put thread through needle,1,0, A
4,38.46153846153847,"['get thread, needle, button to be sewn', 'Find some thread and needle', 'Place item on flat surface', 'put thread through needle']","['Tie knot in end of thread', 'Continue to loop the needle and thread through the button holes.']",Tie knot in end of thread,0,0, A
5,61.53846153846154,"['get thread, needle, button to be sewn', 'Find some thread and needle', 'Place item on flat surface', 'put thread through needle', 'Tie knot in end of thread']","['get needle', 'Sew button onto fabric through the first hole']",Sew button onto fabric through the first hole,1,0, A
6,65.38461538461539,"['get thread, needle, button to be sewn', 'Find some thread and needle', 'Place item on flat surface', 'put thread through needle', 'Tie knot in end of thread', 'Sew button onto fabric through the first hole']","['taking the right button out', 'Sew button through second hole']",Sew button through second hole,1,0, A
7,76.92307692307693,"['get thread, needle, button to be sewn', 'Find some thread and needle', 'Place item on flat surface', 'put thread through needle', 'Tie knot in end of thread', 'Sew button onto fabric through the first hole', 'Sew button through second hole']","['thread needle', 'Repeat for all holes to reinforce']",Repeat for all holes to reinforce,1,0, A
0,0.0,[],"['Get button, thread, needle and scissors', 'tie knot on thread']","Get button, thread, needle and scissors",0,0, A
1,15.384615384615383,"['Get button, thread, needle and scissors']","['Repeat until sewed on.', 'Choose thread color']",Choose thread color,1,0, A
2,34.61538461538461,"['Get button, thread, needle and scissors', 'Choose thread color']","['cut the thread', 'Put thread end through eye of needle']",Put thread end through eye of needle,1,0, A
3,50.0,"['Get button, thread, needle and scissors', 'Choose thread color', 'Put thread end through eye of needle']","['Put needle through button and shirt', 'put items away when done']",Put needle through button and shirt,0,0, A
4,61.53846153846154,"['Get button, thread, needle and scissors', 'Choose thread color', 'Put thread end through eye of needle', 'Put needle through button and shirt']","['Take out the needle', 'Insert needle through one side of button']",Insert needle through one side of button,1,0, A
5,65.38461538461539,"['Get button, thread, needle and scissors', 'Choose thread color', 'Put thread end through eye of needle', 'Put needle through button and shirt', 'Insert needle through one side of button']","['Cross over to perpendicular hole, push needle back through', 'Get a thread and a needle']","Cross over to perpendicular hole, push needle back through",0,0, A
6,76.92307692307693,"['Get button, thread, needle and scissors', 'Choose thread color', 'Put thread end through eye of needle', 'Put needle through button and shirt', 'Insert needle through one side of button', 'Cross over to perpendicular hole, push needle back through']","['thread needle', 'Repeat until button is secure']",Repeat until button is secure,1,0, A
7,80.76923076923077,"['Get button, thread, needle and scissors', 'Choose thread color', 'Put thread end through eye of needle', 'Put needle through button and shirt', 'Insert needle through one side of button', 'Cross over to perpendicular hole, push needle back through', 'Repeat until button is secure']","['Tie end in a knot', 'Get button']",Tie end in a knot,0,0, A
8,84.61538461538461,"['Get button, thread, needle and scissors', 'Choose thread color', 'Put thread end through eye of needle', 'Put needle through button and shirt', 'Insert needle through one side of button', 'Cross over to perpendicular hole, push needle back through', 'Repeat until button is secure', 'Tie end in a knot']","['Get a needle', 'Cut the thread near the needle to finish']",Cut the thread near the needle to finish,1,0, A
0,0.0,[],"['Drive to fabric store', 'Put supplies away']",Drive to fabric store,0,0, A
1,19.230769230769237,['Drive to fabric store'],"['Tie off thread', 'Get thread']",Get thread,1,0, A
2,30.76923076923077,"['Drive to fabric store', 'Get thread']","['put button where other button was located', 'Ending again in the back of the garment cut off the thread.']",put button where other button was located,0,0, A
3,50.0,"['Drive to fabric store', 'Get thread', 'put button where other button was located']","['Poke hole with needle through button hole and fabric', 'Get sewing basket']",Poke hole with needle through button hole and fabric,0,0, A
4,65.38461538461539,"['Drive to fabric store', 'Get thread', 'put button where other button was located', 'Poke hole with needle through button hole and fabric']","['Pull needle and thread', 'Find the location where button needs to be sewn.']",Pull needle and thread,0,0, A
5,76.92307692307693,"['Drive to fabric store', 'Get thread', 'put button where other button was located', 'Poke hole with needle through button hole and fabric', 'Pull needle and thread']","['grab object the button is being sewed', 'Continue until the button is securely on the clothing']",Continue until the button is securely on the clothing,1,0, A
0,0.0,[],"['Tie the end of the string', 'Take out sewing kit.']",Take out sewing kit.,1,0, A
1,34.61538461538461,['Take out sewing kit.'],"['Hook thread through needle', 'Sew button through fourth and final hole']",Hook thread through needle,0,0, A
2,46.15384615384615,"['Take out sewing kit.', 'Hook thread through needle']","['sew the button on carefully', 'Get the sewing kit.']",sew the button on carefully,0,0, A
3,76.92307692307693,"['Take out sewing kit.', 'Hook thread through needle', 'sew the button on carefully']","['Thread needle', 'Repeat 5 times with other two button holes']",Repeat 5 times with other two button holes,1,0, A
4,84.61538461538461,"['Take out sewing kit.', 'Hook thread through needle', 'sew the button on carefully', 'Repeat 5 times with other two button holes']","['find the button', 'Cut thread.']",Cut thread.,1,0, A
5,88.46153846153845,"['Take out sewing kit.', 'Hook thread through needle', 'sew the button on carefully', 'Repeat 5 times with other two button holes', 'Cut thread.']","['Find some thread and needle', 'Put needle away']",Put needle away,1,0, A
0,0.0,[],"['Thread the needle', 'Drive to fabric store']",Drive to fabric store,1,0, A
1,19.230769230769237,['Drive to fabric store'],"['Get thread.', 'Using threaded needle, sew button on to garment.']",Get thread.,0,0, A
2,23.07692307692308,"['Drive to fabric store', 'Get thread.']","['Put everything away.', 'Look through sewing kit for a button that matches clothing.']",Look through sewing kit for a button that matches clothing.,1,0, A
3,34.61538461538461,"['Drive to fabric store', 'Get thread.', 'Look through sewing kit for a button that matches clothing.']","['Knot thread', 'Thread the needle.']",Thread the needle.,1,0, A
4,53.84615384615385,"['Drive to fabric store', 'Get thread.', 'Look through sewing kit for a button that matches clothing.', 'Thread the needle.']","['Pull it back out the other hole', 'Get scissors, needle, button and thread']",Pull it back out the other hole,0,0, A
5,76.92307692307693,"['Drive to fabric store', 'Get thread.', 'Look through sewing kit for a button that matches clothing.', 'Thread the needle.', 'Pull it back out the other hole']","['Repeat for all holes to reinforce', 'Take shirt']",Repeat for all holes to reinforce,0,0, A
6,84.61538461538461,"['Drive to fabric store', 'Get thread.', 'Look through sewing kit for a button that matches clothing.', 'Thread the needle.', 'Pull it back out the other hole', 'Repeat for all holes to reinforce']","['find shirt with missing button', 'Cut away any extra string']",Cut away any extra string,1,0, A
0,0.0,[],"['Repeat several times, going through a different hole each time.', 'Drive to fabric store']",Drive to fabric store,1,0, A
1,19.230769230769237,['Drive to fabric store'],"['Tie off finishing knot', 'Purchase thread']",Purchase thread,1,0, A
2,30.76923076923077,"['Drive to fabric store', 'Purchase thread']","['Place the button in the right spot', 'Ending again in the back of the garment cut off the thread.']",Place the button in the right spot,0,0, A
3,42.30769230769231,"['Drive to fabric store', 'Purchase thread', 'Place the button in the right spot']","['Cut excess thread', 'Find needle']",Cut excess thread,0,0, A
4,61.53846153846154,"['Drive to fabric store', 'Purchase thread', 'Place the button in the right spot', 'Cut excess thread']","['Starting from the bottom, poke needle through hole in button', 'Get needle']","Starting from the bottom, poke needle through hole in button",0,0, A
5,80.76923076923077,"['Drive to fabric store', 'Purchase thread', 'Place the button in the right spot', 'Cut excess thread', 'Starting from the bottom, poke needle through hole in button']","['Tie the thread in a knot to secure it', 'Select thread of correct color']",Tie the thread in a knot to secure it,0,0, A
0,0.0,[],"['Drive to fabric store', 'Put needle and thread through shirt']",Drive to fabric store,0,0, A
1,19.230769230769237,['Drive to fabric store'],"['Cut a length of thread more than double what you will need', 'Return the needle through the fabric and through a different button hole']",Cut a length of thread more than double what you will need,0,0, A
2,26.923076923076923,"['Drive to fabric store', 'Cut a length of thread more than double what you will need']","['Continue until button is secure', 'Get a shirt.']",Get a shirt.,1,0, A
3,50.0,"['Drive to fabric store', 'Cut a length of thread more than double what you will need', 'Get a shirt.']","['Cut excess thread', 'Insert the needle from the bottom where the button is to be sewn']",Insert the needle from the bottom where the button is to be sewn,1,0, A
4,76.92307692307693,"['Drive to fabric store', 'Cut a length of thread more than double what you will need', 'Get a shirt.', 'Insert the needle from the bottom where the button is to be sewn']","['Continue repeating pushing up and pushing thread back down', 'Put thread in needle']",Continue repeating pushing up and pushing thread back down,0,0, A
5,80.76923076923077,"['Drive to fabric store', 'Cut a length of thread more than double what you will need', 'Get a shirt.', 'Insert the needle from the bottom where the button is to be sewn', 'Continue repeating pushing up and pushing thread back down']","['thread needle with thread', 'Tie knot on thread.']",Tie knot on thread.,1,0, A
6,84.61538461538461,"['Drive to fabric store', 'Cut a length of thread more than double what you will need', 'Get a shirt.', 'Insert the needle from the bottom where the button is to be sewn', 'Continue repeating pushing up and pushing thread back down', 'Tie knot on thread.']","['Cut thread', 'Get needle and thread']",Cut thread,0,0, A
0,0.0,[],"['Repeat through each button hole', 'Grab the fabric and button']",Grab the fabric and button,1,0, A
1,26.923076923076923,['Grab the fabric and button'],"['Cut thread from spindle', 'Get a piece of clothing.']",Get a piece of clothing.,1,0, A
2,34.61538461538461,"['Grab the fabric and button', 'Get a piece of clothing.']","['Pass the needle through the second button hole', 'Put thread in it']",Put thread in it,1,0, A
3,50.0,"['Grab the fabric and button', 'Get a piece of clothing.', 'Put thread in it']","['Put needle through one hole', 'Get needle']",Put needle through one hole,0,0, A
4,53.84615384615385,"['Grab the fabric and button', 'Get a piece of clothing.', 'Put thread in it', 'Put needle through one hole']","['Look through sewing kit for a button that matches clothing.', 'Pull through other end']",Pull through other end,1,0, A
5,57.692307692307686,"['Grab the fabric and button', 'Get a piece of clothing.', 'Put thread in it', 'Put needle through one hole', 'Pull through other end']","['Place button on desired spot on shirt.', 'Insert the needle back into the garment from the top of the button']",Insert the needle back into the garment from the top of the button,1,0, A
6,76.92307692307693,"['Grab the fabric and button', 'Get a piece of clothing.', 'Put thread in it', 'Put needle through one hole', 'Pull through other end', 'Insert the needle back into the garment from the top of the button']","['Do this through all holes of button', 'Tie knot at end of thread.']",Do this through all holes of button,0,0, A
7,80.76923076923077,"['Grab the fabric and button', 'Get a piece of clothing.', 'Put thread in it', 'Put needle through one hole', 'Pull through other end', 'Insert the needle back into the garment from the top of the button', 'Do this through all holes of button']","[""Make sure it's secure"", 'Thread needle']",Make sure it's secure,0,0, A
8,84.61538461538461,"['Grab the fabric and button', 'Get a piece of clothing.', 'Put thread in it', 'Put needle through one hole', 'Pull through other end', 'Insert the needle back into the garment from the top of the button', 'Do this through all holes of button', ""Make sure it's secure""]","['Cut excess thread', 'Find thread']",Cut excess thread,0,0, A
9,88.46153846153845,"['Grab the fabric and button', 'Get a piece of clothing.', 'Put thread in it', 'Put needle through one hole', 'Pull through other end', 'Insert the needle back into the garment from the top of the button', 'Do this through all holes of button', ""Make sure it's secure"", 'Cut excess thread']","['Put away thread and needle', 'Get needle and thread']",Put away thread and needle,0,0, A
10,92.3076923076923,"['Grab the fabric and button', 'Get a piece of clothing.', 'Put thread in it', 'Put needle through one hole', 'Pull through other end', 'Insert the needle back into the garment from the top of the button', 'Do this through all holes of button', ""Make sure it's secure"", 'Cut excess thread', 'Put away thread and needle']","['Check new button', 'Take out needle.']",Check new button,0,0, A
0,0.0,[],"['line it up with the hole', 'Drive to fabric store']",Drive to fabric store,1,0, A
1,19.230769230769237,['Drive to fabric store'],"['Push the needle through one button hole and back out another hole', 'Get the thread']",Get the thread,1,0, A
2,30.76923076923077,"['Drive to fabric store', 'Get the thread']","['tie thread at the end', 'Place the button in the right spot']",Place the button in the right spot,1,0, A
3,42.30769230769231,"['Drive to fabric store', 'Get the thread', 'Place the button in the right spot']","['measure and cut length of thread', 'Tie off knot with thread.']",measure and cut length of thread,0,0, A
4,46.15384615384615,"['Drive to fabric store', 'Get the thread', 'Place the button in the right spot', 'measure and cut length of thread']","['Put thread through button', 'Get the needle']",Put thread through button,0,0, A
5,88.46153846153845,"['Drive to fabric store', 'Get the thread', 'Place the button in the right spot', 'measure and cut length of thread', 'Put thread through button']","['Cut away any loose threads.', 'Put needle and thread back in drawer']",Put needle and thread back in drawer,1,0, A
6,92.3076923076923,"['Drive to fabric store', 'Get the thread', 'Place the button in the right spot', 'measure and cut length of thread', 'Put thread through button', 'Put needle and thread back in drawer']","['Check if the button is tight', 'Insert needle through one side of button']",Check if the button is tight,0,0, A
0,0.0,[],"['Drive to fabric store', 'thread needle']",Drive to fabric store,0,0, A
1,19.230769230769237,['Drive to fabric store'],"['Cut thread', 'Get some thread']",Get some thread,1,0, A
2,34.61538461538461,"['Drive to fabric store', 'Get some thread']","['Thread needle', 'Tie off your thread.']",Thread needle,0,0, A
3,50.0,"['Drive to fabric store', 'Get some thread', 'Thread needle']","['Push the needle through the fabric', 'Cut away any extra string']",Push the needle through the fabric,0,0, A
4,53.84615384615385,"['Drive to fabric store', 'Get some thread', 'Thread needle', 'Push the needle through the fabric']","['Use the needle to guide the thread', 'Get out thread']",Use the needle to guide the thread,0,0, A
5,76.92307692307693,"['Drive to fabric store', 'Get some thread', 'Thread needle', 'Push the needle through the fabric', 'Use the needle to guide the thread']","['Place new button where I want it to go', 'Repeat until sewed on.']",Repeat until sewed on.,1,0, A
0,0.0,[],"['push needle to back of the item', 'Drive to fabric store']",Drive to fabric store,1,0, A
1,19.230769230769237,['Drive to fabric store'],"['Take thread from sewing kit', 'repeat steps 4-5 until button is secured to shirt']",Take thread from sewing kit,0,0, A
2,30.76923076923077,"['Drive to fabric store', 'Take thread from sewing kit']","['putting the button on the fabric', 'Cut off any loose threads with a scissors.']",putting the button on the fabric,0,0, A
3,34.61538461538461,"['Drive to fabric store', 'Take thread from sewing kit', 'putting the button on the fabric']","['put thread in needle', 'stitching the button on']",put thread in needle,0,0, A
4,38.46153846153847,"['Drive to fabric store', 'Take thread from sewing kit', 'putting the button on the fabric', 'put thread in needle']","['Tie knot in end of thread', 'Put everything away.']",Tie knot in end of thread,0,0, A
5,61.53846153846154,"['Drive to fabric store', 'Take thread from sewing kit', 'putting the button on the fabric', 'put thread in needle', 'Tie knot in end of thread']","['Pull the needle until thread is completely on the other side of shirt', 'get sewing kit']",Pull the needle until thread is completely on the other side of shirt,0,0, A
6,65.38461538461539,"['Drive to fabric store', 'Take thread from sewing kit', 'putting the button on the fabric', 'put thread in needle', 'Tie knot in end of thread', 'Pull the needle until thread is completely on the other side of shirt']","['Thread the needle', 'Pull needle and thread']",Pull needle and thread,1,0, A
7,69.23076923076923,"['Drive to fabric store', 'Take thread from sewing kit', 'putting the button on the fabric', 'put thread in needle', 'Tie knot in end of thread', 'Pull the needle until thread is completely on the other side of shirt', 'Pull needle and thread']","['Put thread in needle', 'Sew button through third hole']",Sew button through third hole,1,0, A
8,73.07692307692307,"['Drive to fabric store', 'Take thread from sewing kit', 'putting the button on the fabric', 'put thread in needle', 'Tie knot in end of thread', 'Pull the needle until thread is completely on the other side of shirt', 'Pull needle and thread', 'Sew button through third hole']","['Drive to fabric store', 'Repeat for remaining holes']",Repeat for remaining holes,1,0, A
0,0.0,[],"['Tie off knot with thread.', 'Get a thimble']",Get a thimble,1,0, A
1,26.923076923076923,['Get a thimble'],"['Cut the thread', 'Get the piece of apparel that needs to sew the button on.']",Get the piece of apparel that needs to sew the button on.,1,0, A
2,46.15384615384615,"['Get a thimble', 'Get the piece of apparel that needs to sew the button on.']","['Find some thread and needle', 'Sew the button through the button holes onto the shirt']",Sew the button through the button holes onto the shirt,1,0, A
3,84.61538461538461,"['Get a thimble', 'Get the piece of apparel that needs to sew the button on.', 'Sew the button through the button holes onto the shirt']","['Get thread and needle', 'Snip excess thread off']",Snip excess thread off,1,0, A
0,0.0,[],"['Drive to fabric store', 'Lay down garment']",Drive to fabric store,0,0, A
1,19.230769230769237,['Drive to fabric store'],"['Put away thread and needle', 'Get out thread']",Get out thread,1,0, A
2,34.61538461538461,"['Drive to fabric store', 'Get out thread']","['Continue sewing in an X pattern until the button is secure.', 'thread needle with thread']",thread needle with thread,1,0, A
3,53.84615384615385,"['Drive to fabric store', 'Get out thread', 'thread needle with thread']","['pull thread forward', 'Get the sewing kit.']",pull thread forward,0,0, A
4,76.92307692307693,"['Drive to fabric store', 'Get out thread', 'thread needle with thread', 'pull thread forward']","['Repeat the inserting as above for about 10 times', 'Thread the needle and tie a knot at end of thread.']",Repeat the inserting as above for about 10 times,0,0, A
0,0.0,[],"['Thread the needle', 'Drive to fabric store']",Drive to fabric store,1,0, A
1,19.230769230769237,['Drive to fabric store'],"['Get out thread', 'Tie the end of the string']",Get out thread,0,0, A
2,34.61538461538461,"['Drive to fabric store', 'Get out thread']","['Repeat 5 times with other two button holes', 'Place the thread inside the needle']",Place the thread inside the needle,1,0, A
3,50.0,"['Drive to fabric store', 'Get out thread', 'Place the thread inside the needle']","['Get a thread and a needle', 'Push the needle through the fabric']",Push the needle through the fabric,1,0, A
4,61.53846153846154,"['Drive to fabric store', 'Get out thread', 'Place the thread inside the needle', 'Push the needle through the fabric']","['Put the needle and thread away', 'Thread one hole with the needle']",Thread one hole with the needle,1,0, A
5,76.92307692307693,"['Drive to fabric store', 'Get out thread', 'Place the thread inside the needle', 'Push the needle through the fabric', 'Thread one hole with the needle']","['Continue until button is secure', 'Thread the needle']",Continue until button is secure,0,0, A
0,0.0,[],"['Get out sewing kit.', 'tie knot at end of thread']",Get out sewing kit.,0,0, A
1,34.61538461538461,['Get out sewing kit.'],"['Cut loose ends', 'pull the thread through the eye of needle']",pull the thread through the eye of needle,1,0, A
2,61.53846153846154,"['Get out sewing kit.', 'pull the thread through the eye of needle']","['Put needle into one button hole through shirt.', 'cut the thread']",Put needle into one button hole through shirt.,0,0, A
3,76.92307692307693,"['Get out sewing kit.', 'pull the thread through the eye of needle', 'Put needle into one button hole through shirt.']","['Place the thread inside the needle', 'Repeat until button is tight']",Repeat until button is tight,1,0, A
0,0.0,[],"['Thread the needle', 'Drive to fabric store']",Drive to fabric store,1,0, A
1,19.230769230769237,['Drive to fabric store'],"['Purchase thread', ""Make 4 x's in button.""]",Purchase thread,0,0, A
2,30.76923076923077,"['Drive to fabric store', 'Purchase thread']","['place button on cloth where it needs to go', 'Repeat several times until button is attached solidly to the fabric.']",place button on cloth where it needs to go,0,0, A
3,50.0,"['Drive to fabric store', 'Purchase thread', 'place button on cloth where it needs to go']","['Push needle through the button hole into the fabric', 'Find thread that matches button color.']",Push needle through the button hole into the fabric,0,0, A
4,76.92307692307693,"['Drive to fabric store', 'Purchase thread', 'place button on cloth where it needs to go', 'Push needle through the button hole into the fabric']","['find shirt with missing button', 'Continue until the button is on tight']",Continue until the button is on tight,1,0, A
0,0.0,[],"['Find sewing kit.', 'line it up with the hole']",Find sewing kit.,0,0, A
1,19.230769230769237,['Find sewing kit.'],"['Get thread.', 'Holding button at appropriate location, press needle through first hole on button.']",Get thread.,0,0, A
2,26.923076923076923,"['Find sewing kit.', 'Get thread.']","['gather garment for buttoning', ""Make sure it's secure""]",gather garment for buttoning,0,0, A
3,50.0,"['Find sewing kit.', 'Get thread.', 'gather garment for buttoning']","['push needle through button and shirt', 'Take out thread and needle']",push needle through button and shirt,0,0, A
4,76.92307692307693,"['Find sewing kit.', 'Get thread.', 'gather garment for buttoning', 'push needle through button and shirt']","['Find matching thread', 'Repeat the inserting as above for about 10 times']",Repeat the inserting as above for about 10 times,1,0, A
0,0.0,[],"[""Repeat until it's stable"", 'Get scissors, needle, button and thread']","Get scissors, needle, button and thread",1,0, A
1,30.76923076923077,"['Get scissors, needle, button and thread']","['Cut off excess thread', 'place button where you want it']",place button where you want it,1,0, A
2,46.15384615384615,"['Get scissors, needle, button and thread', 'place button where you want it']","['get sewing kit', 'Using threaded needle, sew button on to garment.']","Using threaded needle, sew button on to garment.",1,0, A
3,61.53846153846154,"['Get scissors, needle, button and thread', 'place button where you want it', 'Using threaded needle, sew button on to garment.']","['Cut the excess thread', 'Holding button at appropriate location, press needle through first hole on button.']","Holding button at appropriate location, press needle through first hole on button.",1,0, A
4,76.92307692307693,"['Get scissors, needle, button and thread', 'place button where you want it', 'Using threaded needle, sew button on to garment.', 'Holding button at appropriate location, press needle through first hole on button.']","['Find sewing kit', 'Do this several times until the button is secure']",Do this several times until the button is secure,1,0, A
5,80.76923076923077,"['Get scissors, needle, button and thread', 'place button where you want it', 'Using threaded needle, sew button on to garment.', 'Holding button at appropriate location, press needle through first hole on button.', 'Do this several times until the button is secure']","['tie knot on thread', 'Knot the ends of the thread together.']",tie knot on thread,0,0, A
6,88.46153846153845,"['Get scissors, needle, button and thread', 'place button where you want it', 'Using threaded needle, sew button on to garment.', 'Holding button at appropriate location, press needle through first hole on button.', 'Do this several times until the button is secure', 'tie knot on thread']","['Purchase thread', 'put items away when done']",put items away when done,1,0, A
7,92.3076923076923,"['Get scissors, needle, button and thread', 'place button where you want it', 'Using threaded needle, sew button on to garment.', 'Holding button at appropriate location, press needle through first hole on button.', 'Do this several times until the button is secure', 'tie knot on thread', 'put items away when done']","['use needle and thread to sew button onto shirt', 'Check the button']",Check the button,1,0, A
0,0.0,[],"['Get out sewing kit', 'Tie a knot a the end of the thread']",Get out sewing kit,0,0, A
1,7.6923076923076925,['Get out sewing kit'],"['grab a needle and string', 'Stick the needle through']",grab a needle and string,0,0, A
2,34.61538461538461,"['Get out sewing kit', 'grab a needle and string']","['Thread needle with some thread.', 'Tie knot on thread.']",Thread needle with some thread.,0,0, A
3,53.84615384615385,"['Get out sewing kit', 'grab a needle and string', 'Thread needle with some thread.']","['Push needle through button hole', 'Get button']",Push needle through button hole,0,0, A
0,0.0,[],"['Drive to fabric store', 'sew onto fabric securely']",Drive to fabric store,0,0, A
1,19.230769230769237,['Drive to fabric store'],"['Tie the thread round in between the garment and button', 'Get thread']",Get thread,1,0, A
2,23.07692307692308,"['Drive to fabric store', 'Get thread']","['knot thread', 'Get a button.']",Get a button.,1,0, A
3,26.923076923076923,"['Drive to fabric store', 'Get thread', 'Get a button.']","['Find shirt', 'Find sewing kit.']",Find shirt,0,0, A
4,34.61538461538461,"['Drive to fabric store', 'Get thread', 'Get a button.', 'Find shirt']","['Sew button through third hole', 'Thread the needle']",Thread the needle,1,0, A
5,46.15384615384615,"['Drive to fabric store', 'Get thread', 'Get a button.', 'Find shirt', 'Thread the needle']","['locate needle and thread', 'Stick needle through hole and secure with thread']",Stick needle through hole and secure with thread,1,0, A
6,61.53846153846154,"['Drive to fabric store', 'Get thread', 'Get a button.', 'Find shirt', 'Thread the needle', 'Stick needle through hole and secure with thread']","['GET SOME NEEDLE AND THREAD', 'Push needle through hole']",Push needle through hole,1,0, A
7,76.92307692307693,"['Drive to fabric store', 'Get thread', 'Get a button.', 'Find shirt', 'Thread the needle', 'Stick needle through hole and secure with thread', 'Push needle through hole']","['Put thread end through eye of needle', 'Do this through all holes of button']",Do this through all holes of button,1,0, A
0,0.0,[],"['Get supplies - shirt, new button, thread, needle', 'Tie a knot a the end of the thread']","Get supplies - shirt, new button, thread, needle",0,0, A
1,7.6923076923076925,"['Get supplies - shirt, new button, thread, needle']","['grab a needle and string', 'Cut off any excess thread.']",grab a needle and string,0,0, A
2,26.923076923076923,"['Get supplies - shirt, new button, thread, needle', 'grab a needle and string']","['Take out sewing kit.', 'Lay down garment']",Lay down garment,1,0, A
3,30.76923076923077,"['Get supplies - shirt, new button, thread, needle', 'grab a needle and string', 'Lay down garment']","['Determine proper placement for button', 'Keep repeating the sewing to reinforce the strength']",Determine proper placement for button,0,0, A
4,61.53846153846154,"['Get supplies - shirt, new button, thread, needle', 'grab a needle and string', 'Lay down garment', 'Determine proper placement for button']","['Push needle through first hole', 'PUT NEEDLE AND THREAD AWAY']",Push needle through first hole,0,0, A
5,76.92307692307693,"['Get supplies - shirt, new button, thread, needle', 'grab a needle and string', 'Lay down garment', 'Determine proper placement for button', 'Push needle through first hole']","['Do this through all holes of button', 'Get the sewing kit.']",Do this through all holes of button,0,0, A
6,80.76923076923077,"['Get supplies - shirt, new button, thread, needle', 'grab a needle and string', 'Lay down garment', 'Determine proper placement for button', 'Push needle through first hole', 'Do this through all holes of button']","['knot thread', 'Pick up shirt missing button.']",knot thread,0,0, A
0,0.0,[],"['Cut loose ends', 'Gather supplies']",Gather supplies,1,0, A
1,26.923076923076923,['Gather supplies'],"['grab object the button is being sewed', 'Pull the needle through a hole in the button, then back into the fabric']",grab object the button is being sewed,0,0, A
2,30.76923076923077,"['Gather supplies', 'grab object the button is being sewed']","['Do this through all holes of button', 'Place button on clothing']",Place button on clothing,1,0, A
3,42.30769230769231,"['Gather supplies', 'grab object the button is being sewed', 'Place button on clothing']","['tie knot on thread', 'Cut length of thread']",Cut length of thread,1,0, A
4,61.53846153846154,"['Gather supplies', 'grab object the button is being sewed', 'Place button on clothing', 'Cut length of thread']","['Hold shirt with non-dominant hand', 'Sew button onto fabric through the first hole']",Sew button onto fabric through the first hole,1,0, A
5,65.38461538461539,"['Gather supplies', 'grab object the button is being sewed', 'Place button on clothing', 'Cut length of thread', 'Sew button onto fabric through the first hole']","['Push needle through other hole of button and through clothes', 'Place button where desired']",Push needle through other hole of button and through clothes,0,0, A
6,76.92307692307693,"['Gather supplies', 'grab object the button is being sewed', 'Place button on clothing', 'Cut length of thread', 'Sew button onto fabric through the first hole', 'Push needle through other hole of button and through clothes']","['repeat', 'Grab the garment that you would like to sew the button to.']",repeat,0,0, A
0,0.0,[],"['Tie off the thread on the underside of the garment', 'Get a thimble']",Get a thimble,1,0, A
1,7.6923076923076925,['Get a thimble'],"['Continue to loop the needle and thread through the button holes.', 'Get needle and thread']",Get needle and thread,1,0, A
2,11.538461538461538,"['Get a thimble', 'Get needle and thread']","['Tie knot with thread', 'Get needle']",Get needle,1,0, A
3,30.76923076923077,"['Get a thimble', 'Get needle and thread', 'Get needle']","['Put the button up to the garment', 'Repeat procedure until button is secure']",Put the button up to the garment,0,0, A
4,46.15384615384615,"['Get a thimble', 'Get needle and thread', 'Get needle', 'Put the button up to the garment']","['getting out needle', 'put needle with thread into clothes']",put needle with thread into clothes,1,0, A
5,76.92307692307693,"['Get a thimble', 'Get needle and thread', 'Get needle', 'Put the button up to the garment', 'put needle with thread into clothes']","['Keep repeating the sewing to reinforce the strength', 'Mark on clothing where button is to go']",Keep repeating the sewing to reinforce the strength,0,0, A
0,0.0,[],"['Drive to fabric store', 'place button on cloth where it needs to go']",Drive to fabric store,0,0, A
1,19.230769230769237,['Drive to fabric store'],"['Insert needle through one side of button', 'Pull out a length of thread.']",Pull out a length of thread.,1,0, A
2,23.07692307692308,"['Drive to fabric store', 'Pull out a length of thread.']","['Get proper button', 'repeat the same way']",Get proper button,0,0, A
3,50.0,"['Drive to fabric store', 'Pull out a length of thread.', 'Get proper button']","['Push needle through back of clothes and through hole of button', 'Find thread that matches']",Push needle through back of clothes and through hole of button,0,0, A
4,53.84615384615385,"['Drive to fabric store', 'Pull out a length of thread.', 'Get proper button', 'Push needle through back of clothes and through hole of button']","['Place needle through button eyelets.', 'Cut a length of thread more than double what you will need']",Place needle through button eyelets.,0,0, A
0,0.0,[],"['Drive to fabric store', 'Check the button']",Drive to fabric store,0,0, A
1,19.230769230769237,['Drive to fabric store'],"['Sew button onto garment', 'Get thread']",Get thread,1,0, A
2,23.07692307692308,"['Drive to fabric store', 'Get thread']","['moving the needle in and out of the fabric', 'get a new button']",get a new button,1,0, A
3,26.923076923076923,"['Drive to fabric store', 'Get thread', 'get a new button']","['carefully cut off old button if exists', 'Knot thread']",carefully cut off old button if exists,0,0, A
4,30.76923076923077,"['Drive to fabric store', 'Get thread', 'get a new button', 'carefully cut off old button if exists']","['Align the button on the correct place on the cloth', 'Tie ends.']",Align the button on the correct place on the cloth,0,0, A
5,34.61538461538461,"['Drive to fabric store', 'Get thread', 'get a new button', 'carefully cut off old button if exists', 'Align the button on the correct place on the cloth']","['MAKE SURE BUTTON IS SECURE', 'Thread a needle.']",Thread a needle.,1,0, A
6,42.30769230769231,"['Drive to fabric store', 'Get thread', 'get a new button', 'carefully cut off old button if exists', 'Align the button on the correct place on the cloth', 'Thread a needle.']","['Cut thread string to how much is needed', 'Get supplies - shirt, new button, thread, needle']",Cut thread string to how much is needed,0,0, A
7,46.15384615384615,"['Drive to fabric store', 'Get thread', 'get a new button', 'carefully cut off old button if exists', 'Align the button on the correct place on the cloth', 'Thread a needle.', 'Cut thread string to how much is needed']","['Get supplies - shirt, new button, thread, needle', 'sew button into fabric making sure stitches are secure']",sew button into fabric making sure stitches are secure,1,0, A
8,88.46153846153845,"['Drive to fabric store', 'Get thread', 'get a new button', 'carefully cut off old button if exists', 'Align the button on the correct place on the cloth', 'Thread a needle.', 'Cut thread string to how much is needed', 'sew button into fabric making sure stitches are secure']","['Tie thread to needle', 'Take out the needle']",Take out the needle,1,0, A
9,92.3076923076923,"['Drive to fabric store', 'Get thread', 'get a new button', 'carefully cut off old button if exists', 'Align the button on the correct place on the cloth', 'Thread a needle.', 'Cut thread string to how much is needed', 'sew button into fabric making sure stitches are secure', 'Take out the needle']","['Hold button to material.', 'Check the button']",Check the button,1,0, A
0,0.0,[],"['Get a thimble', 'Thread needle.']",Get a thimble,0,0, A
1,7.6923076923076925,['Get a thimble'],"['Tie knot with thread', 'Find thread and needle.']",Find thread and needle.,1,0, A
2,11.538461538461538,"['Get a thimble', 'Find thread and needle.']","['Get a needle', 'Sew the button on the cloth using the needle']",Get a needle,0,0, A
3,19.230769230769237,"['Get a thimble', 'Find thread and needle.', 'Get a needle']","['Put needle away', 'Find thread that matches']",Find thread that matches,1,0, A
4,34.61538461538461,"['Get a thimble', 'Find thread and needle.', 'Get a needle', 'Find thread that matches']","['Put thread through needle', 'Pass the needle through the second button hole']",Put thread through needle,0,0, A
5,53.84615384615385,"['Get a thimble', 'Find thread and needle.', 'Get a needle', 'Find thread that matches', 'Put thread through needle']","['Insert needle through other side of button on back side', 'Get the proper colored thread']",Insert needle through other side of button on back side,0,0, A
0,0.0,[],"[""Make 4 x's in button."", 'Drive to fabric store']",Drive to fabric store,1,0, A
1,19.230769230769237,['Drive to fabric store'],"['Get the proper colored thread', 'Tie the end with a knot.']",Get the proper colored thread,0,0, A
2,26.923076923076923,"['Drive to fabric store', 'Get the proper colored thread']","['Pull through other side.', 'Take shirt']",Take shirt,1,0, A
3,30.76923076923077,"['Drive to fabric store', 'Get the proper colored thread', 'Take shirt']","['Put the button up to the garment', 'Push needle under material to next hole']",Put the button up to the garment,0,0, A
4,34.61538461538461,"['Drive to fabric store', 'Get the proper colored thread', 'Take shirt', 'Put the button up to the garment']","['Thread the needle', 'Repeat 5 times with other two button holes']",Thread the needle,0,0, A
5,53.84615384615385,"['Drive to fabric store', 'Get the proper colored thread', 'Take shirt', 'Put the button up to the garment', 'Thread the needle']","['Insert the needle into the button hole', 'Get needle and thread']",Insert the needle into the button hole,0,0, A
0,0.0,[],"['Find sewing kit.', 'Place button on fabric and hold with thumb and index finger']",Find sewing kit.,0,0, A
1,7.6923076923076925,['Find sewing kit.'],"['locate needle and thread', 'knot thread']",locate needle and thread,0,0, A
2,26.923076923076923,"['Find sewing kit.', 'locate needle and thread']","['Place item on flat surface', 'Keep threading until the button is firmly attached']",Place item on flat surface,0,0, A
3,30.76923076923077,"['Find sewing kit.', 'locate needle and thread', 'Place item on flat surface']","['Tie end in a knot', 'Put button in the right area']",Put button in the right area,1,0, A
4,53.84615384615385,"['Find sewing kit.', 'locate needle and thread', 'Place item on flat surface', 'Put button in the right area']","['Run needle and thread through button hole and fabric hole', 'Obtain needle and thread']",Run needle and thread through button hole and fabric hole,0,0, A
5,76.92307692307693,"['Find sewing kit.', 'locate needle and thread', 'Place item on flat surface', 'Put button in the right area', 'Run needle and thread through button hole and fabric hole']","['place the button', 'Repeat through each button hole']",Repeat through each button hole,1,0, A
6,80.76923076923077,"['Find sewing kit.', 'locate needle and thread', 'Place item on flat surface', 'Put button in the right area', 'Run needle and thread through button hole and fabric hole', 'Repeat through each button hole']","['Tie off the end of the thread', 'Take button.']",Tie off the end of the thread,0,0, A
7,88.46153846153845,"['Find sewing kit.', 'locate needle and thread', 'Place item on flat surface', 'Put button in the right area', 'Run needle and thread through button hole and fabric hole', 'Repeat through each button hole', 'Tie off the end of the thread']","['Get thread', 'Clean up.']",Clean up.,1,0, A
0,0.0,[],"['Grab the fabric and button', 'Thread needle.']",Grab the fabric and button,0,0, A
1,15.384615384615383,['Grab the fabric and button'],"['Repeat steps 4 through 6 about 30 times', 'Find right color string']",Find right color string,1,0, A
2,34.61538461538461,"['Grab the fabric and button', 'Find right color string']","['thread the needle', 'tie knot on thread']",thread the needle,0,0, A
3,38.46153846153847,"['Grab the fabric and button', 'Find right color string', 'thread the needle']","['Tie a knot in the end of thread', 'Pick a needle']",Tie a knot in the end of thread,0,0, A
4,50.0,"['Grab the fabric and button', 'Find right color string', 'thread the needle', 'Tie a knot in the end of thread']","['put the supplies away', 'pull through on the other side']",pull through on the other side,1,0, A
5,61.53846153846154,"['Grab the fabric and button', 'Find right color string', 'thread the needle', 'Tie a knot in the end of thread', 'pull through on the other side']","['get item to be sewn', 'Pull the needle until thread is completely on the other side of shirt']",Pull the needle until thread is completely on the other side of shirt,1,0, A
6,65.38461538461539,"['Grab the fabric and button', 'Find right color string', 'thread the needle', 'Tie a knot in the end of thread', 'pull through on the other side', 'Pull the needle until thread is completely on the other side of shirt']","['Thread the needle', 'pull needle through to knot']",pull needle through to knot,1,0, A
7,76.92307692307693,"['Grab the fabric and button', 'Find right color string', 'thread the needle', 'Tie a knot in the end of thread', 'pull through on the other side', 'Pull the needle until thread is completely on the other side of shirt', 'pull needle through to knot']","['put button where other button was located', 'Repeat']",Repeat,1,0, A
0,0.0,[],"['Get garment which you would like to sew button on to.', 'Find sewing kit.']",Find sewing kit.,1,0, A
1,7.6923076923076925,['Find sewing kit.'],"['Push needle through first hole', 'grab a needle and string']",grab a needle and string,1,0, A
2,26.923076923076923,"['Find sewing kit.', 'grab a needle and string']","['Do this through all holes of button', 'Take the cloth to be sewed']",Take the cloth to be sewed,1,0, A
3,46.15384615384615,"['Find sewing kit.', 'grab a needle and string', 'Take the cloth to be sewed']","['Choose a button.', 'Stitch the button on']",Stitch the button on,1,0, A
4,80.76923076923077,"['Find sewing kit.', 'grab a needle and string', 'Take the cloth to be sewed', 'Stitch the button on']","['Insert needle through first side of button (step 3)', 'Tie the thread in a knot to secure it']",Tie the thread in a knot to secure it,1,0, A
5,88.46153846153845,"['Find sewing kit.', 'grab a needle and string', 'Take the cloth to be sewed', 'Stitch the button on', 'Tie the thread in a knot to secure it']","['Put everything away.', 'Push the needle through the fabric']",Put everything away.,0,0, A
0,0.0,[],"['Drive to fabric store', 'Tie the end of the string so it will not unravel']",Drive to fabric store,0,0, A
1,19.230769230769237,['Drive to fabric store'],"['get thread', 'pull needle through to knot']",get thread,0,0, A
2,23.07692307692308,"['Drive to fabric store', 'get thread']","['Find a button.', 'Cut excess thread']",Find a button.,0,0, A
3,26.923076923076923,"['Drive to fabric store', 'get thread', 'Find a button.']","['Sew button through second hole', 'Take the cloth to be sewed']",Take the cloth to be sewed,1,0, A
4,30.76923076923077,"['Drive to fabric store', 'get thread', 'Find a button.', 'Take the cloth to be sewed']","['Take button and put it on shirt where you want it', 'Keep repeating the sewing to reinforce the strength']",Take button and put it on shirt where you want it,0,0, A
5,50.0,"['Drive to fabric store', 'get thread', 'Find a button.', 'Take the cloth to be sewed', 'Take button and put it on shirt where you want it']","['Cut thread', 'Starting on inside of garment, push through with needle.']","Starting on inside of garment, push through with needle.",1,0, A
6,65.38461538461539,"['Drive to fabric store', 'get thread', 'Find a button.', 'Take the cloth to be sewed', 'Take button and put it on shirt where you want it', 'Starting on inside of garment, push through with needle.']","['Bring the needle up through another hole on button.', 'Get some thread.']",Bring the needle up through another hole on button.,0,0, A
7,76.92307692307693,"['Drive to fabric store', 'get thread', 'Find a button.', 'Take the cloth to be sewed', 'Take button and put it on shirt where you want it', 'Starting on inside of garment, push through with needle.', 'Bring the needle up through another hole on button.']","['Find replacement button.', 'Continue until the button is securely on the clothing']",Continue until the button is securely on the clothing,1,0, A
8,80.76923076923077,"['Drive to fabric store', 'get thread', 'Find a button.', 'Take the cloth to be sewed', 'Take button and put it on shirt where you want it', 'Starting on inside of garment, push through with needle.', 'Bring the needle up through another hole on button.', 'Continue until the button is securely on the clothing']","['Get your sewing kit', 'Tie off thread']",Tie off thread,1,0, A
9,88.46153846153845,"['Drive to fabric store', 'get thread', 'Find a button.', 'Take the cloth to be sewed', 'Take button and put it on shirt where you want it', 'Starting on inside of garment, push through with needle.', 'Bring the needle up through another hole on button.', 'Continue until the button is securely on the clothing', 'Tie off thread']","['Put needle and thread back in drawer', 'Find a needle and thread']",Put needle and thread back in drawer,0,0, A
0,0.0,[],"['Tie the thread at the bottom of the button', 'Drive to fabric store']",Drive to fabric store,1,0, A
1,19.230769230769237,['Drive to fabric store'],"['Find some thread', 'Tie knot in thread']",Find some thread,0,0, A
2,30.76923076923077,"['Drive to fabric store', 'Find some thread']","['Cut the thread.', 'Place button in desired position']",Place button in desired position,1,0, A
3,61.53846153846154,"['Drive to fabric store', 'Find some thread', 'Place button in desired position']","['Snip excess thread off', 'Push needle through first hole']",Push needle through first hole,1,0, A
4,65.38461538461539,"['Drive to fabric store', 'Find some thread', 'Place button in desired position', 'Push needle through first hole']","['Take a matching button', 'Slide button onto needle and thread.']",Slide button onto needle and thread.,1,0, A
5,69.23076923076923,"['Drive to fabric store', 'Find some thread', 'Place button in desired position', 'Push needle through first hole', 'Slide button onto needle and thread.']","['knot thread', 'Get back the needle through the third button hole']",Get back the needle through the third button hole,1,0, A
6,73.07692307692307,"['Drive to fabric store', 'Find some thread', 'Place button in desired position', 'Push needle through first hole', 'Slide button onto needle and thread.', 'Get back the needle through the third button hole']","['Sew button through fourth and final hole', 'Get needle']",Sew button through fourth and final hole,0,0, A
0,0.0,[],"['Find the location where button needs to be sewn.', 'Get out sewing kit']",Get out sewing kit,1,0, A
1,34.61538461538461,['Get out sewing kit'],"['Thread needle', 'Slide button onto needle and thread.']",Thread needle,0,0, A
2,42.30769230769231,"['Get out sewing kit', 'Thread needle']","['Cut away old strings', 'cut the thread when finished']",Cut away old strings,0,0, A
3,46.15384615384615,"['Get out sewing kit', 'Thread needle', 'Cut away old strings']","['Put thread through buttonhole', 'Get needle']",Put thread through buttonhole,0,0, A
4,50.0,"['Get out sewing kit', 'Thread needle', 'Cut away old strings', 'Put thread through buttonhole']","['Get supplies - shirt, new button, thread, needle', 'Put needle through one hole']",Put needle through one hole,1,0, A
5,65.38461538461539,"['Get out sewing kit', 'Thread needle', 'Cut away old strings', 'Put thread through buttonhole', 'Put needle through one hole']","['Put thread through needle', 'Bring the needle up through another hole on button.']",Bring the needle up through another hole on button.,1,0, A
6,76.92307692307693,"['Get out sewing kit', 'Thread needle', 'Cut away old strings', 'Put thread through buttonhole', 'Put needle through one hole', 'Bring the needle up through another hole on button.']","['Take a needle', 'Repeat 5 times with other two button holes']",Repeat 5 times with other two button holes,1,0, A
7,84.61538461538461,"['Get out sewing kit', 'Thread needle', 'Cut away old strings', 'Put thread through buttonhole', 'Put needle through one hole', 'Bring the needle up through another hole on button.', 'Repeat 5 times with other two button holes']","['cut thread from button', 'Get a needle and thread.']",cut thread from button,0,0, A
0,0.0,[],"['Get scissors, needle, button and thread', 'Tie off the end of the thread']","Get scissors, needle, button and thread",0,0, A
1,26.923076923076923,"['Get scissors, needle, button and thread']","['Cut the thread.', 'Place item on flat surface']",Place item on flat surface,1,0, A
2,34.61538461538461,"['Get scissors, needle, button and thread', 'Place item on flat surface']","['slide thread through hole', 'Cut loose ends.']",slide thread through hole,0,0, A
3,50.0,"['Get scissors, needle, button and thread', 'Place item on flat surface', 'slide thread through hole']","['push needle through button and shirt', 'Place item on flat surface']",push needle through button and shirt,0,0, A
4,61.53846153846154,"['Get scissors, needle, button and thread', 'Place item on flat surface', 'slide thread through hole', 'push needle through button and shirt']","['Pull the needle until thread is completely on the other side of shirt', 'gather needle']",Pull the needle until thread is completely on the other side of shirt,0,0, A
5,65.38461538461539,"['Get scissors, needle, button and thread', 'Place item on flat surface', 'slide thread through hole', 'push needle through button and shirt', 'Pull the needle until thread is completely on the other side of shirt']","['Pull needle out other side.', 'Tie knot on needle.']",Pull needle out other side.,0,0, A
6,69.23076923076923,"['Get scissors, needle, button and thread', 'Place item on flat surface', 'slide thread through hole', 'push needle through button and shirt', 'Pull the needle until thread is completely on the other side of shirt', 'Pull needle out other side.']","['Place the button at right place', 'put needle into adjoining hole']",put needle into adjoining hole,1,0, A
7,73.07692307692307,"['Get scissors, needle, button and thread', 'Place item on flat surface', 'slide thread through hole', 'push needle through button and shirt', 'Pull the needle until thread is completely on the other side of shirt', 'Pull needle out other side.', 'put needle into adjoining hole']","['Move needle in and out of button holes to secure to shirt.', 'Push needle down through other button on hole']",Push needle down through other button on hole,1,0, A
0,0.0,[],"['Remove the old button', 'Drive to fabric store']",Drive to fabric store,1,0, A
1,19.230769230769237,['Drive to fabric store'],"['Push needle through hole', 'Get the thread']",Get the thread,1,0, A
2,23.07692307692308,"['Drive to fabric store', 'Get the thread']","['Cut the thread near the needle to finish', 'Find a button.']",Find a button.,1,0, A
3,26.923076923076923,"['Drive to fabric store', 'Get the thread', 'Find a button.']","['Place item on flat surface', 'push needle to back of the item']",Place item on flat surface,0,0, A
4,30.76923076923077,"['Drive to fabric store', 'Get the thread', 'Find a button.', 'Place item on flat surface']","['line it up with the hole', 'Continue until the button is securely on the clothing']",line it up with the hole,0,0, A
5,53.84615384615385,"['Drive to fabric store', 'Get the thread', 'Find a button.', 'Place item on flat surface', 'line it up with the hole']","['Sew needle through other holes in an X formation', 'find shirt with missing button']",Sew needle through other holes in an X formation,0,0, A
6,84.61538461538461,"['Drive to fabric store', 'Get the thread', 'Find a button.', 'Place item on flat surface', 'line it up with the hole', 'Sew needle through other holes in an X formation']","['Cut the thread.', 'Get needle and thread']",Cut the thread.,0,0, A
7,88.46153846153845,"['Drive to fabric store', 'Get the thread', 'Find a button.', 'Place item on flat surface', 'line it up with the hole', 'Sew needle through other holes in an X formation', 'Cut the thread.']","['put needle and thread away', 'get thread']",put needle and thread away,0,0, A
8,92.3076923076923,"['Drive to fabric store', 'Get the thread', 'Find a button.', 'Place item on flat surface', 'line it up with the hole', 'Sew needle through other holes in an X formation', 'Cut the thread.', 'put needle and thread away']","['Thread needle.', 'MAKE SURE BUTTON IS SECURE']",MAKE SURE BUTTON IS SECURE,1,0, A
0,0.0,[],"['pass needle through needle hole in button', 'Drive to fabric store']",Drive to fabric store,1,0, A
1,19.230769230769237,['Drive to fabric store'],"['get some thread', 'Tie a knot.']",get some thread,0,0, A
2,23.07692307692308,"['Drive to fabric store', 'get some thread']","['Run needle and thread through button hole and fabric hole', 'take the button']",take the button,1,0, A
3,30.76923076923077,"['Drive to fabric store', 'get some thread', 'take the button']","['Mark on clothing where button is to go', ""Repeat until it's stable""]",Mark on clothing where button is to go,0,0, A
4,61.53846153846154,"['Drive to fabric store', 'get some thread', 'take the button', 'Mark on clothing where button is to go']","['Push needle through first hole', 'Get shirt']",Push needle through first hole,0,0, A
5,65.38461538461539,"['Drive to fabric store', 'get some thread', 'take the button', 'Mark on clothing where button is to go', 'Push needle through first hole']","['Pass the needle through the second button hole', 'pull the thread through the eye of needle']",Pass the needle through the second button hole,0,0, A
6,76.92307692307693,"['Drive to fabric store', 'get some thread', 'take the button', 'Mark on clothing where button is to go', 'Push needle through first hole', 'Pass the needle through the second button hole']","['repeat', 'Choose thread to sew button on with.']",repeat,0,0, A
7,84.61538461538461,"['Drive to fabric store', 'get some thread', 'take the button', 'Mark on clothing where button is to go', 'Push needle through first hole', 'Pass the needle through the second button hole', 'repeat']","['tie knot at end of thread', 'Cut the excess thread']",Cut the excess thread,1,0, A
8,88.46153846153845,"['Drive to fabric store', 'get some thread', 'take the button', 'Mark on clothing where button is to go', 'Push needle through first hole', 'Pass the needle through the second button hole', 'repeat', 'Cut the excess thread']","['place button on cloth where it needs to go', 'Put the needle and thread away']",Put the needle and thread away,1,0, A
9,92.3076923076923,"['Drive to fabric store', 'get some thread', 'take the button', 'Mark on clothing where button is to go', 'Push needle through first hole', 'Pass the needle through the second button hole', 'repeat', 'Cut the excess thread', 'Put the needle and thread away']","['Thread the needle', 'Check new button']",Check new button,1,0, A
0,0.0,[],"['Drive to fabric store', 'put needle and thread away']",Drive to fabric store,0,0, A
1,19.230769230769237,['Drive to fabric store'],"['Get thread.', 'Continue crisscrossing thread between holes of button until button is tight.']",Get thread.,0,0, A
2,34.61538461538461,"['Drive to fabric store', 'Get thread.']","['Keep repeating the sewing to reinforce the strength', 'Thread needle']",Thread needle,1,0, A
3,46.15384615384615,"['Drive to fabric store', 'Get thread.', 'Thread needle']","['Start to sew on button', 'Pull out a length of thread.']",Start to sew on button,0,0, A
4,76.92307692307693,"['Drive to fabric store', 'Get thread.', 'Thread needle', 'Start to sew on button']","['Take the cloth to be sewed', 'Repeat until button is tight']",Repeat until button is tight,1,0, A
5,84.61538461538461,"['Drive to fabric store', 'Get thread.', 'Thread needle', 'Start to sew on button', 'Repeat until button is tight']","['Cut off the extra thread', 'getting out needle']",Cut off the extra thread,0,0, A
6,88.46153846153845,"['Drive to fabric store', 'Get thread.', 'Thread needle', 'Start to sew on button', 'Repeat until button is tight', 'Cut off the extra thread']","['put items away when done', 'Make a knot at end']",put items away when done,0,0, A
7,92.3076923076923,"['Drive to fabric store', 'Get thread.', 'Thread needle', 'Start to sew on button', 'Repeat until button is tight', 'Cut off the extra thread', 'put items away when done']","['Sew button through second hole', 'Check new button']",Check new button,1,0, A
0,0.0,[],"['Get sewing kit', 'Pull thread through']",Get sewing kit,0,0, A
1,7.6923076923076925,['Get sewing kit'],"['Get needle and thread', 'Poke a hole in the fabric']",Get needle and thread,0,0, A
2,26.923076923076923,"['Get sewing kit', 'Get needle and thread']","['Find a piece of clothing.', 'Check new button']",Find a piece of clothing.,0,0, A
3,46.15384615384615,"['Get sewing kit', 'Get needle and thread', 'Find a piece of clothing.']","['Find similar button', 'sew button into fabric making sure stitches are secure']",sew button into fabric making sure stitches are secure,1,0, A
4,88.46153846153845,"['Get sewing kit', 'Get needle and thread', 'Find a piece of clothing.', 'sew button into fabric making sure stitches are secure']","['Put the needle and thread away', 'Put the thread through the button and start threading']",Put the needle and thread away,0,0, A
0,0.0,[],"['Get button, thread, needle and scissors', 'Push needle through first hole']","Get button, thread, needle and scissors",0,0, A
1,26.923076923076923,"['Get button, thread, needle and scissors']","['grab object the button is being sewed', 'Tie the end with a knot.']",grab object the button is being sewed,0,0, A
2,30.76923076923077,"['Get button, thread, needle and scissors', 'grab object the button is being sewed']","['Place button on desired spot on shirt.', 'Sew through the diagonal hole of the button and the garment.']",Place button on desired spot on shirt.,0,0, A
3,46.15384615384615,"['Get button, thread, needle and scissors', 'grab object the button is being sewed', 'Place button on desired spot on shirt.']","['find button', 'put the needle in and out through the holes']",put the needle in and out through the holes,1,0, A
0,0.0,[],"['Thread the needle', 'Drive to fabric store']",Drive to fabric store,1,0, A
1,19.230769230769237,['Drive to fabric store'],"['tug to make sure it is secure', 'Get thread']",Get thread,1,0, A
2,26.923076923076923,"['Drive to fabric store', 'Get thread']","['Grab the garment that you would like to sew the button to.', 'Starting from the bottom, poke needle through hole in button']",Grab the garment that you would like to sew the button to.,0,0, A
3,34.61538461538461,"['Drive to fabric store', 'Get thread', 'Grab the garment that you would like to sew the button to.']","['Thread needle', 'Cut the thread near the needle to finish']",Thread needle,0,0, A
4,46.15384615384615,"['Drive to fabric store', 'Get thread', 'Grab the garment that you would like to sew the button to.', 'Thread needle']","['Find needle and thread', 'With needle and thread push needle through cloth and through button hole']",With needle and thread push needle through cloth and through button hole,1,0, A
5,50.0,"['Drive to fabric store', 'Get thread', 'Grab the garment that you would like to sew the button to.', 'Thread needle', 'With needle and thread push needle through cloth and through button hole']","['Find a needle and thread', 'push needle through button and shirt']",push needle through button and shirt,1,0, A
6,80.76923076923077,"['Drive to fabric store', 'Get thread', 'Grab the garment that you would like to sew the button to.', 'Thread needle', 'With needle and thread push needle through cloth and through button hole', 'push needle through button and shirt']","['Find a piece of clothing.', 'Tie off thread']",Tie off thread,1,0, A
0,0.0,[],"['Drive to fabric store', 'Push needle under material to next hole']",Drive to fabric store,0,0, A
1,19.230769230769237,['Drive to fabric store'],"['Tie knot.', 'Find thread']",Find thread,1,0, A
2,23.07692307692308,"['Drive to fabric store', 'Find thread']","['Get button', 'Sew the button']",Get button,0,0, A
3,26.923076923076923,"['Drive to fabric store', 'Find thread', 'Get button']","['Place item on flat surface', 'Place needle through clothing.']",Place item on flat surface,0,0, A
4,30.76923076923077,"['Drive to fabric store', 'Find thread', 'Get button', 'Place item on flat surface']","['put needle and thread away', 'Put button in the right area']",Put button in the right area,1,0, A
5,34.61538461538461,"['Drive to fabric store', 'Find thread', 'Get button', 'Place item on flat surface', 'Put button in the right area']","['thread the needle', 'Tie the end with a knot.']",thread the needle,0,0, A
6,53.84615384615385,"['Drive to fabric store', 'Find thread', 'Get button', 'Place item on flat surface', 'Put button in the right area', 'thread the needle']","['Put away thread and needle', 'Pull thread through opposite button hole']",Pull thread through opposite button hole,1,0, A
7,76.92307692307693,"['Drive to fabric store', 'Find thread', 'Get button', 'Place item on flat surface', 'Put button in the right area', 'thread the needle', 'Pull thread through opposite button hole']","['Keep repeating the sewing to reinforce the strength', 'Get a needle']",Keep repeating the sewing to reinforce the strength,0,0, A
8,84.61538461538461,"['Drive to fabric store', 'Find thread', 'Get button', 'Place item on flat surface', 'Put button in the right area', 'thread the needle', 'Pull thread through opposite button hole', 'Keep repeating the sewing to reinforce the strength']","['Find similar color thread to use.', 'Cut off excess thread']",Cut off excess thread,1,0, A
9,88.46153846153845,"['Drive to fabric store', 'Find thread', 'Get button', 'Place item on flat surface', 'Put button in the right area', 'thread the needle', 'Pull thread through opposite button hole', 'Keep repeating the sewing to reinforce the strength', 'Cut off excess thread']","['Take out the needle', 'place button on cloth where it needs to go']",Take out the needle,0,0, A
10,92.3076923076923,"['Drive to fabric store', 'Find thread', 'Get button', 'Place item on flat surface', 'Put button in the right area', 'thread the needle', 'Pull thread through opposite button hole', 'Keep repeating the sewing to reinforce the strength', 'Cut off excess thread', 'Take out the needle']","['Check if the button is tight', 'Insert needle through first side of button (step 3)']",Check if the button is tight,0,0, A
0,0.0,[],"['knot thread', 'Drive to fabric store']",Drive to fabric store,1,0, A
1,19.230769230769237,['Drive to fabric store'],"['Put needle in other button hole.', 'Get the proper colored thread']",Get the proper colored thread,1,0, A
2,26.923076923076923,"['Drive to fabric store', 'Get the proper colored thread']","['when done tie the end properly', 'Get clothing']",Get clothing,1,0, A
3,34.61538461538461,"['Drive to fabric store', 'Get the proper colored thread', 'Get clothing']","['Position needle with thread', 'Tie of thread on inside']",Position needle with thread,0,0, A
4,50.0,"['Drive to fabric store', 'Get the proper colored thread', 'Get clothing', 'Position needle with thread']","['Get a needle', 'Put thread through needle.']",Put thread through needle.,1,0, A
5,76.92307692307693,"['Drive to fabric store', 'Get the proper colored thread', 'Get clothing', 'Position needle with thread', 'Put thread through needle.']","['Repeat through each button hole', 'Find sewing kit.']",Repeat through each button hole,0,0, A
6,84.61538461538461,"['Drive to fabric store', 'Get the proper colored thread', 'Get clothing', 'Position needle with thread', 'Put thread through needle.', 'Repeat through each button hole']","['Cut the thread.', 'push needle through button and shirt']",Cut the thread.,0,0, A
7,88.46153846153845,"['Drive to fabric store', 'Get the proper colored thread', 'Get clothing', 'Position needle with thread', 'Put thread through needle.', 'Repeat through each button hole', 'Cut the thread.']","['Put away needle and thread', 'Stick the needle through']",Put away needle and thread,0,0, A
8,92.3076923076923,"['Drive to fabric store', 'Get the proper colored thread', 'Get clothing', 'Position needle with thread', 'Put thread through needle.', 'Repeat through each button hole', 'Cut the thread.', 'Put away needle and thread']","['Check new button', 'Tie knot in other end of thread']",Check new button,0,0, A
0,0.0,[],"['Get garment which you would like to sew button on to.', 'Get sewing basket']",Get sewing basket,1,0, A
1,7.6923076923076925,['Get sewing basket'],"['Apply button by driving needle through button', 'gather needle and thread']",gather needle and thread,1,0, A
2,34.61538461538461,"['Get sewing basket', 'gather needle and thread']","['Put thread through needle', 'Continue sewing in an X pattern until the button is secure.']",Put thread through needle,0,0, A
3,46.15384615384615,"['Get sewing basket', 'gather needle and thread', 'Put thread through needle']","['Pass the needle in and out of holes on button', 'Take out right colored thread.']",Pass the needle in and out of holes on button,0,0, A
4,61.53846153846154,"['Get sewing basket', 'gather needle and thread', 'Put thread through needle', 'Pass the needle in and out of holes on button']","['Sew button onto fabric through the first hole', 'Cut the thread near the needle to finish']",Sew button onto fabric through the first hole,0,0, A
5,80.76923076923077,"['Get sewing basket', 'gather needle and thread', 'Put thread through needle', 'Pass the needle in and out of holes on button', 'Sew button onto fabric through the first hole']","['Find a matching button', 'Wrap the thread']",Wrap the thread,1,0, A
6,88.46153846153845,"['Get sewing basket', 'gather needle and thread', 'Put thread through needle', 'Pass the needle in and out of holes on button', 'Sew button onto fabric through the first hole', 'Wrap the thread']","['Clean up.', 'Get extra button']",Clean up.,0,0, A
7,92.3076923076923,"['Get sewing basket', 'gather needle and thread', 'Put thread through needle', 'Pass the needle in and out of holes on button', 'Sew button onto fabric through the first hole', 'Wrap the thread', 'Clean up.']","['Check if the button is tight', 'Push needle through the button holes']",Check if the button is tight,0,0, A
0,0.0,[],"['put needle and thread away', 'Find sewing kit.']",Find sewing kit.,1,0, A
1,23.07692307692308,['Find sewing kit.'],"['Repeat step 8 until button is sewn on', 'take the button']",take the button,1,0, A
2,30.76923076923077,"['Find sewing kit.', 'take the button']","['Hold button in place on clothing.', 'Cross over to perpendicular hole, push needle back through']",Hold button in place on clothing.,0,0, A
3,61.53846153846154,"['Find sewing kit.', 'take the button', 'Hold button in place on clothing.']","['Pull the needle until thread is completely on the other side of shirt', 'cut loose thread']",Pull the needle until thread is completely on the other side of shirt,0,0, A
4,80.76923076923077,"['Find sewing kit.', 'take the button', 'Hold button in place on clothing.', 'Pull the needle until thread is completely on the other side of shirt']","['get item to be sewn', 'Break the thread and tie a final knot']",Break the thread and tie a final knot,1,0, A
0,0.0,[],"['Get sewing basket', 'Repeat for remaining holes']",Get sewing basket,0,0, A
1,19.230769230769237,['Get sewing basket'],"['Get out thread', 'Push needle down through other button on hole']",Get out thread,0,0, A
2,30.76923076923077,"['Get sewing basket', 'Get out thread']","['Put button on shirt', 'Tie off the thread on the underside of the garment']",Put button on shirt,0,0, A
3,34.61538461538461,"['Get sewing basket', 'Get out thread', 'Put button on shirt']","['Tie knot to secure thread and button to clothes', 'Put thread end through eye of needle']",Put thread end through eye of needle,1,0, A
4,42.30769230769231,"['Get sewing basket', 'Get out thread', 'Put button on shirt', 'Put thread end through eye of needle']","['Continue repeating pushing up and pushing thread back down', 'Cut about 16 inches worth of thread.']",Cut about 16 inches worth of thread.,1,0, A
5,46.15384615384615,"['Get sewing basket', 'Get out thread', 'Put button on shirt', 'Put thread end through eye of needle', 'Cut about 16 inches worth of thread.']","['Insert the needle with thread in button hole and shirt', 'Get a replacement button.']",Insert the needle with thread in button hole and shirt,0,0, A
6,80.76923076923077,"['Get sewing basket', 'Get out thread', 'Put button on shirt', 'Put thread end through eye of needle', 'Cut about 16 inches worth of thread.', 'Insert the needle with thread in button hole and shirt']","['knot thread', 'put thread in needle']",knot thread,0,0, A
0,0.0,[],"['Drive to fabric store', 'Tie knot in thread.']",Drive to fabric store,0,0, A
1,19.230769230769237,['Drive to fabric store'],"['get some thread', 'Repeat several times until button is attached solidly to the fabric.']",get some thread,0,0, A
2,23.07692307692308,"['Drive to fabric store', 'get some thread']","['Get proper button', 'Pull through']",Get proper button,0,0, A
3,50.0,"['Drive to fabric store', 'get some thread', 'Get proper button']","['Put everything away.', 'Put the thread through the button and start threading']",Put the thread through the button and start threading,1,0, A
4,61.53846153846154,"['Drive to fabric store', 'get some thread', 'Get proper button', 'Put the thread through the button and start threading']","['Push needle through first hole', 'Put all the items away']",Push needle through first hole,0,0, A
5,80.76923076923077,"['Drive to fabric store', 'get some thread', 'Get proper button', 'Put the thread through the button and start threading', 'Push needle through first hole']","['Tie off the thread', 'Tie a knot in the thread']",Tie off the thread,0,0, A
6,84.61538461538461,"['Drive to fabric store', 'get some thread', 'Get proper button', 'Put the thread through the button and start threading', 'Push needle through first hole', 'Tie off the thread']","['Ending again in the back of the garment cut off the thread.', 'Find some thread and needle']",Ending again in the back of the garment cut off the thread.,0,0, A
0,0.0,[],"['Drive to fabric store', 'Cut thread string to how much is needed']",Drive to fabric store,0,0, A
1,19.230769230769237,['Drive to fabric store'],"['Tie the thread so the button will not come loose', 'Get thread']",Get thread,1,0, A
2,34.61538461538461,"['Drive to fabric store', 'Get thread']","['Thread needle.', 'cut thread so that need will detach']",Thread needle.,0,0, A
3,53.84615384615385,"['Drive to fabric store', 'Get thread', 'Thread needle.']","['pull thread forward', 'Choose thread color']",pull thread forward,0,0, A
4,57.692307692307686,"['Drive to fabric store', 'Get thread', 'Thread needle.', 'pull thread forward']","['Insert needle through first side of button (step 3)', 'Put thread through a needle.']",Insert needle through first side of button (step 3),0,0, A
5,61.53846153846154,"['Drive to fabric store', 'Get thread', 'Thread needle.', 'pull thread forward', 'Insert needle through first side of button (step 3)']","['Get the piece of apparel that needs to sew the button on.', 'Starting from the bottom, poke needle through hole in button']","Starting from the bottom, poke needle through hole in button",1,0, A
6,65.38461538461539,"['Drive to fabric store', 'Get thread', 'Thread needle.', 'pull thread forward', 'Insert needle through first side of button (step 3)', 'Starting from the bottom, poke needle through hole in button']","['Slide button onto needle and thread.', 'Get thread.']",Slide button onto needle and thread.,0,0, A
7,76.92307692307693,"['Drive to fabric store', 'Get thread', 'Thread needle.', 'pull thread forward', 'Insert needle through first side of button (step 3)', 'Starting from the bottom, poke needle through hole in button', 'Slide button onto needle and thread.']","['Get needle', 'Repeat this until the button is secure']",Repeat this until the button is secure,1,0, A
0,0.0,[],"['Take out sewing kit.', 'Take shirt']",Take out sewing kit.,0,0, A
1,19.230769230769237,['Take out sewing kit.'],"['Find a thread', 'Tie off the end of the thread']",Find a thread,0,0, A
2,26.923076923076923,"['Take out sewing kit.', 'Find a thread']","['Find a piece of clothing.', 'Move needle down to hole opposite first hole']",Find a piece of clothing.,0,0, A
3,46.15384615384615,"['Take out sewing kit.', 'Find a thread', 'Find a piece of clothing.']","['Take out right colored thread.', 'Use the needle to sew the broken button']",Use the needle to sew the broken button,1,0, A
4,61.53846153846154,"['Take out sewing kit.', 'Find a thread', 'Find a piece of clothing.', 'Use the needle to sew the broken button']","['Thread one hole with the needle', 'get thread, needle, button to be sewn']",Thread one hole with the needle,0,0, A
5,80.76923076923077,"['Take out sewing kit.', 'Find a thread', 'Find a piece of clothing.', 'Use the needle to sew the broken button', 'Thread one hole with the needle']","['Pick up shirt missing button.', 'tying a knot with thread']",tying a knot with thread,1,0, A
6,88.46153846153845,"['Take out sewing kit.', 'Find a thread', 'Find a piece of clothing.', 'Use the needle to sew the broken button', 'Thread one hole with the needle', 'tying a knot with thread']","['Get button', 'Put away thread and needle']",Put away thread and needle,1,0, A
7,92.3076923076923,"['Take out sewing kit.', 'Find a thread', 'Find a piece of clothing.', 'Use the needle to sew the broken button', 'Thread one hole with the needle', 'tying a knot with thread', 'Put away thread and needle']","['Check new button', 'Get proper button']",Check new button,0,0, A
0,0.0,[],"['Get scissors, needle, button and thread', 'Sew through the holes of the button']","Get scissors, needle, button and thread",0,0, A
1,15.384615384615383,"['Get scissors, needle, button and thread']","['Select thread of correct color', 'Using threaded needle, sew button on to garment.']",Select thread of correct color,0,0, A
2,23.07692307692308,"['Get scissors, needle, button and thread', 'Select thread of correct color']","['Find a suitable button', 'tie a knot at the end of the string']",Find a suitable button,0,0, A
3,38.46153846153847,"['Get scissors, needle, button and thread', 'Select thread of correct color', 'Find a suitable button']","['Keep sewing until the button is secure.', 'Tie a knot in the thread']",Tie a knot in the thread,1,0, A
4,46.15384615384615,"['Get scissors, needle, button and thread', 'Select thread of correct color', 'Find a suitable button', 'Tie a knot in the thread']","['Sew in a pattern that looks like an X through the holes of the button.', 'Find sewing kit']",Sew in a pattern that looks like an X through the holes of the button.,0,0, A
0,0.0,[],"['Sew button.', 'Gather supplies']",Gather supplies,1,0, A
1,30.76923076923077,['Gather supplies'],"['attach button to shirt', 'Put away needle and thread']",attach button to shirt,0,0, A
2,34.61538461538461,"['Gather supplies', 'attach button to shirt']","['Pull needle and thread', 'thread the needle']",thread the needle,1,0, A
3,61.53846153846154,"['Gather supplies', 'attach button to shirt', 'thread the needle']","['Pull thread through', 'Lay down garment']",Pull thread through,0,0, A
4,65.38461538461539,"['Gather supplies', 'attach button to shirt', 'thread the needle', 'Pull thread through']","['Find matching button, or old button.', 'Pass the needle through the second button hole']",Pass the needle through the second button hole,1,0, A
5,69.23076923076923,"['Gather supplies', 'attach button to shirt', 'thread the needle', 'Pull thread through', 'Pass the needle through the second button hole']","['Hold button in place', 'Get thread']",Hold button in place,0,0, A
6,73.07692307692307,"['Gather supplies', 'attach button to shirt', 'thread the needle', 'Pull thread through', 'Pass the needle through the second button hole', 'Hold button in place']","['Align button', 'Continue sewing in an X pattern until the button is secure.']",Continue sewing in an X pattern until the button is secure.,1,0, A
7,80.76923076923077,"['Gather supplies', 'attach button to shirt', 'thread the needle', 'Pull thread through', 'Pass the needle through the second button hole', 'Hold button in place', 'Continue sewing in an X pattern until the button is secure.']","['Collect thread and needle.', 'tie a knot at the end of the string']",tie a knot at the end of the string,1,0, A
8,84.61538461538461,"['Gather supplies', 'attach button to shirt', 'thread the needle', 'Pull thread through', 'Pass the needle through the second button hole', 'Hold button in place', 'Continue sewing in an X pattern until the button is secure.', 'tie a knot at the end of the string']","['grab a needle and string', 'Cut off excess thread']",Cut off excess thread,1,0, A
9,88.46153846153845,"['Gather supplies', 'attach button to shirt', 'thread the needle', 'Pull thread through', 'Pass the needle through the second button hole', 'Hold button in place', 'Continue sewing in an X pattern until the button is secure.', 'tie a knot at the end of the string', 'Cut off excess thread']","['Position button in correct place.', 'put the supplies away']",put the supplies away,1,0, A
0,0.0,[],"['make sure button is secure', 'Find sewing kit.']",Find sewing kit.,1,0, A
1,19.230769230769237,['Find sewing kit.'],"['Tie off thread', 'get some thread']",get some thread,1,0, A
2,23.07692307692308,"['Find sewing kit.', 'get some thread']","['Get your button', 'Take out the needle']",Get your button,0,0, A
3,26.923076923076923,"['Find sewing kit.', 'get some thread', 'Get your button']","['Get clothing', 'Repeat 5 times with other two button holes']",Get clothing,0,0, A
4,30.76923076923077,"['Find sewing kit.', 'get some thread', 'Get your button', 'Get clothing']","['tying a knot with thread', 'Line the button back into place']",Line the button back into place,1,0, A
5,46.15384615384615,"['Find sewing kit.', 'get some thread', 'Get your button', 'Get clothing', 'Line the button back into place']","['Use needle to go through button holes', 'Get button']",Use needle to go through button holes,0,0, A
6,61.53846153846154,"['Find sewing kit.', 'get some thread', 'Get your button', 'Get clothing', 'Line the button back into place', 'Use needle to go through button holes']","['Pass the needle through one of the button holes', 'Get garment which you would like to sew button on to.']",Pass the needle through one of the button holes,0,0, A
7,80.76923076923077,"['Find sewing kit.', 'get some thread', 'Get your button', 'Get clothing', 'Line the button back into place', 'Use needle to go through button holes', 'Pass the needle through one of the button holes']","['Get thread', 'Make a knot on last pass']",Make a knot on last pass,1,0, A
8,88.46153846153845,"['Find sewing kit.', 'get some thread', 'Get your button', 'Get clothing', 'Line the button back into place', 'Use needle to go through button holes', 'Pass the needle through one of the button holes', 'Make a knot on last pass']","['Poke a hole in the fabric', 'PUT NEEDLE AND THREAD AWAY']",PUT NEEDLE AND THREAD AWAY,1,0, A
0,0.0,[],"['Get button, thread, needle and scissors', 'Clean up.']","Get button, thread, needle and scissors",0,0, A
1,26.923076923076923,"['Get button, thread, needle and scissors']","['push needle to back of the item', 'Get shirt']",Get shirt,1,0, A
2,50.0,"['Get button, thread, needle and scissors', 'Get shirt']","['Cut loose ends.', 'Starting on inside of garment, push through with needle.']","Starting on inside of garment, push through with needle.",1,0, A
3,80.76923076923077,"['Get button, thread, needle and scissors', 'Get shirt', 'Starting on inside of garment, push through with needle.']","['GET SOME NEEDLE AND THREAD', 'Tie the end with a knot.']",Tie the end with a knot.,1,0, A
4,88.46153846153845,"['Get button, thread, needle and scissors', 'Get shirt', 'Starting on inside of garment, push through with needle.', 'Tie the end with a knot.']","['Get garment which you would like to sew button on to.', 'Put needle away']",Put needle away,1,0, A
0,0.0,[],"['Thread a needle', 'Drive to fabric store']",Drive to fabric store,1,0, A
1,19.230769230769237,['Drive to fabric store'],"['Sew button onto garment', 'Get thread.']",Get thread.,1,0, A
2,34.61538461538461,"['Drive to fabric store', 'Get thread.']","['Thread the needle', 'Repeat until button is secure']",Thread the needle,0,0, A
3,88.46153846153845,"['Drive to fabric store', 'Get thread.', 'Thread the needle']","['take the needle and matching thread', 'Put needle and thread back in drawer']",Put needle and thread back in drawer,1,0, A
4,92.3076923076923,"['Drive to fabric store', 'Get thread.', 'Thread the needle', 'Put needle and thread back in drawer']","['Run needle and thread through button hole and fabric hole', 'Check the button']",Check the button,1,0, A
0,0.0,[],"['Get supplies - shirt, new button, thread, needle', 'Cut off remaining thread']","Get supplies - shirt, new button, thread, needle",0,0, A
1,7.6923076923076925,"['Get supplies - shirt, new button, thread, needle']","['Take a needle and required thread', 'tie a knot at the end of the string']",Take a needle and required thread,0,0, A
2,26.923076923076923,"['Get supplies - shirt, new button, thread, needle', 'Take a needle and required thread']","['Lay down garment', 'repeat 5-8 several times until button is secure']",Lay down garment,0,0, A
3,30.76923076923077,"['Get supplies - shirt, new button, thread, needle', 'Take a needle and required thread', 'Lay down garment']","['Hold button to material.', 'pull needle through to knot']",Hold button to material.,0,0, A
4,61.53846153846154,"['Get supplies - shirt, new button, thread, needle', 'Take a needle and required thread', 'Lay down garment', 'Hold button to material.']","['Get a piece of clothing.', 'Pull thread through']",Pull thread through,1,0, A
5,65.38461538461539,"['Get supplies - shirt, new button, thread, needle', 'Take a needle and required thread', 'Lay down garment', 'Hold button to material.', 'Pull thread through']","['Get garment which you would like to sew button on to.', 'Push needle through other hole of button and through clothes']",Push needle through other hole of button and through clothes,1,0, A
6,76.92307692307693,"['Get supplies - shirt, new button, thread, needle', 'Take a needle and required thread', 'Lay down garment', 'Hold button to material.', 'Pull thread through', 'Push needle through other hole of button and through clothes']","['Do this several times until the button is secure', 'Put thread in needle']",Do this several times until the button is secure,0,0, A
0,0.0,[],"['Thread needle.', 'get thread, needle, button to be sewn']","get thread, needle, button to be sewn",1,0, A
1,30.76923076923077,"['get thread, needle, button to be sewn']","['Cut loose ends', 'Align the button on the correct place on the cloth']",Align the button on the correct place on the cloth,1,0, A
2,42.30769230769231,"['get thread, needle, button to be sewn', 'Align the button on the correct place on the cloth']","['Get a thread and a needle', 'Cut about 16 inches worth of thread.']",Cut about 16 inches worth of thread.,1,0, A
3,46.15384615384615,"['get thread, needle, button to be sewn', 'Align the button on the correct place on the cloth', 'Cut about 16 inches worth of thread.']","['Sew button onto garment', 'find a button']",Sew button onto garment,0,0, A
4,53.84615384615385,"['get thread, needle, button to be sewn', 'Align the button on the correct place on the cloth', 'Cut about 16 inches worth of thread.', 'Sew button onto garment']","['put needle and thread away', 'Use the needle to guide the thread']",Use the needle to guide the thread,1,0, A
5,76.92307692307693,"['get thread, needle, button to be sewn', 'Align the button on the correct place on the cloth', 'Cut about 16 inches worth of thread.', 'Sew button onto garment', 'Use the needle to guide the thread']","['Repeat until button is secure', 'getting out needle']",Repeat until button is secure,0,0, A
6,84.61538461538461,"['get thread, needle, button to be sewn', 'Align the button on the correct place on the cloth', 'Cut about 16 inches worth of thread.', 'Sew button onto garment', 'Use the needle to guide the thread', 'Repeat until button is secure']","['Find button that matches lost button.', 'Cut off end from needle']",Cut off end from needle,1,0, A
7,88.46153846153845,"['get thread, needle, button to be sewn', 'Align the button on the correct place on the cloth', 'Cut about 16 inches worth of thread.', 'Sew button onto garment', 'Use the needle to guide the thread', 'Repeat until button is secure', 'Cut off end from needle']","['put sewing kit away', 'Get thread']",put sewing kit away,0,0, A
8,92.3076923076923,"['get thread, needle, button to be sewn', 'Align the button on the correct place on the cloth', 'Cut about 16 inches worth of thread.', 'Sew button onto garment', 'Use the needle to guide the thread', 'Repeat until button is secure', 'Cut off end from needle', 'put sewing kit away']","['Tie thread to needle', 'MAKE SURE BUTTON IS SECURE']",MAKE SURE BUTTON IS SECURE,1,0, A
0,0.0,[],"['Get supplies - shirt, new button, thread, needle', 'Start to sew on button']","Get supplies - shirt, new button, thread, needle",0,0, A
1,26.923076923076923,"['Get supplies - shirt, new button, thread, needle']","['get item to be sewn', 'cut thread from button']",get item to be sewn,0,0, A
2,30.76923076923077,"['Get supplies - shirt, new button, thread, needle', 'get item to be sewn']","['Put button on shirt', 'Cut off end from needle']",Put button on shirt,0,0, A
3,34.61538461538461,"['Get supplies - shirt, new button, thread, needle', 'get item to be sewn', 'Put button on shirt']","[""pass needle and thread back through another of the button's needle holes"", 'Thread the needle']",Thread the needle,1,0, A
4,42.30769230769231,"['Get supplies - shirt, new button, thread, needle', 'get item to be sewn', 'Put button on shirt', 'Thread the needle']","['measure and cut length of thread', 'Find needle']",measure and cut length of thread,0,0, A
5,61.53846153846154,"['Get supplies - shirt, new button, thread, needle', 'get item to be sewn', 'Put button on shirt', 'Thread the needle', 'measure and cut length of thread']","['Get a needle and thread', 'Push needle through hole']",Push needle through hole,1,0, A
6,80.76923076923077,"['Get supplies - shirt, new button, thread, needle', 'get item to be sewn', 'Put button on shirt', 'Thread the needle', 'measure and cut length of thread', 'Push needle through hole']","['Thread needle', 'Tie the end of the string']",Tie the end of the string,1,0, A
0,0.0,[],"['Hold button in place on clothing.', 'Drive to fabric store']",Drive to fabric store,1,0, A
1,19.230769230769237,['Drive to fabric store'],"['Cut thread', 'Find thread that matches']",Find thread that matches,1,0, A
2,34.61538461538461,"['Drive to fabric store', 'Find thread that matches']","['Continue until button is secure', 'Thread needle with matching thread']",Thread needle with matching thread,1,0, A
3,61.53846153846154,"['Drive to fabric store', 'Find thread that matches', 'Thread needle with matching thread']","['Starting from the bottom, poke needle through hole in button', 'Select thread of correct color']","Starting from the bottom, poke needle through hole in button",0,0, A
4,65.38461538461539,"['Drive to fabric store', 'Find thread that matches', 'Thread needle with matching thread', 'Starting from the bottom, poke needle through hole in button']","['Pull needle and thread', 'Make a knot at end']",Pull needle and thread,0,0, A
5,69.23076923076923,"['Drive to fabric store', 'Find thread that matches', 'Thread needle with matching thread', 'Starting from the bottom, poke needle through hole in button', 'Pull needle and thread']","['Poke needle through opposite hole', 'Thread a needle']",Poke needle through opposite hole,0,0, A
0,0.0,[],"['With other hand, push needle through button hole', 'Drive to fabric store']",Drive to fabric store,1,0, A
1,19.230769230769237,['Drive to fabric store'],"[""Pull a thread of a matching color through the needle's eye"", 'Put needle through button and clothing.']",Pull a thread of a matching color through the needle's eye,0,0, A
2,30.76923076923077,"['Drive to fabric store', ""Pull a thread of a matching color through the needle's eye""]","['Find placement for new button.', 'Continue repeating pushing up and pushing thread back down']",Find placement for new button.,0,0, A
3,53.84615384615385,"['Drive to fabric store', ""Pull a thread of a matching color through the needle's eye"", 'Find placement for new button.']","['repeat the same way', 'Get garment which you would like to sew button on to.']",repeat the same way,0,0, A
4,80.76923076923077,"['Drive to fabric store', ""Pull a thread of a matching color through the needle's eye"", 'Find placement for new button.', 'repeat the same way']","['Get a needle and thread.', 'tie off the thread']",tie off the thread,1,0, A
5,88.46153846153845,"['Drive to fabric store', ""Pull a thread of a matching color through the needle's eye"", 'Find placement for new button.', 'repeat the same way', 'tie off the thread']","['Get needle and thread', 'PUT NEEDLE AND THREAD AWAY']",PUT NEEDLE AND THREAD AWAY,1,0, A
6,92.3076923076923,"['Drive to fabric store', ""Pull a thread of a matching color through the needle's eye"", 'Find placement for new button.', 'repeat the same way', 'tie off the thread', 'PUT NEEDLE AND THREAD AWAY']","['Check new button', 'Align button']",Check new button,0,0, A
0,0.0,[],"['Thread the needle', 'Drive to fabric store']",Drive to fabric store,1,0, A
1,19.230769230769237,['Drive to fabric store'],"['Use the needle to guide the thread', 'Find similar color thread to use.']",Find similar color thread to use.,1,0, A
2,26.923076923076923,"['Drive to fabric store', 'Find similar color thread to use.']","['Pull thread through and secure button', 'Get shirt']",Get shirt,1,0, A
3,34.61538461538461,"['Drive to fabric store', 'Find similar color thread to use.', 'Get shirt']","['Thread the needle.', ""TIE A KNOT IN THE END OF THE THREAD SO THE BUTTON DOESN'T COME OFF""]",Thread the needle.,0,0, A
4,50.0,"['Drive to fabric store', 'Find similar color thread to use.', 'Get shirt', 'Thread the needle.']","['Stick the needle through', 'Get a sewing needle.']",Stick the needle through,0,0, A
5,80.76923076923077,"['Drive to fabric store', 'Find similar color thread to use.', 'Get shirt', 'Thread the needle.', 'Stick the needle through']","[""TIE A KNOT IN THE END OF THE THREAD SO THE BUTTON DOESN'T COME OFF"", 'Get needle']",TIE A KNOT IN THE END OF THE THREAD SO THE BUTTON DOESN'T COME OFF,0,0, A
6,88.46153846153845,"['Drive to fabric store', 'Find similar color thread to use.', 'Get shirt', 'Thread the needle.', 'Stick the needle through', ""TIE A KNOT IN THE END OF THE THREAD SO THE BUTTON DOESN'T COME OFF""]","['take the cloth to be sewed', 'Put everything away.']",Put everything away.,1,0, A
7,92.3076923076923,"['Drive to fabric store', 'Find similar color thread to use.', 'Get shirt', 'Thread the needle.', 'Stick the needle through', ""TIE A KNOT IN THE END OF THE THREAD SO THE BUTTON DOESN'T COME OFF"", 'Put everything away.']","['Place button on fabric and hold with thumb and index finger', 'Check if the button is tight']",Check if the button is tight,1,0, A
0,0.0,[],"['Put needle through one hole', 'Get your sewing kit']",Get your sewing kit,1,0, A
1,11.538461538461538,['Get your sewing kit'],"['Repeat 5 times with other two button holes', 'Find a needle']",Find a needle,1,0, A
2,34.61538461538461,"['Get your sewing kit', 'Find a needle']","['attach string to needle', 'get thread, needle, button to be sewn']",attach string to needle,0,0, A
3,53.84615384615385,"['Get your sewing kit', 'Find a needle', 'attach string to needle']","['Run needle and thread through button hole and fabric hole', 'carefully cut off old button if exists']",Run needle and thread through button hole and fabric hole,0,0, A
4,84.61538461538461,"['Get your sewing kit', 'Find a needle', 'attach string to needle', 'Run needle and thread through button hole and fabric hole']","['Cut the thread', 'Get a shirt.']",Cut the thread,0,0, A
0,0.0,[],"['Sew button onto fabric through the first hole', 'Get sewing kit']",Get sewing kit,1,0, A
1,34.61538461538461,['Get sewing kit'],"['Insert thread in needle', 'Cut the thread.']",Insert thread in needle,0,0, A
2,42.30769230769231,"['Get sewing kit', 'Insert thread in needle']","['Get a needle.', 'Cut excess thread']",Cut excess thread,1,0, A
3,61.53846153846154,"['Get sewing kit', 'Insert thread in needle', 'Cut excess thread']","['Push needle through first hole', 'cut the thread when finished']",Push needle through first hole,0,0, A
4,76.92307692307693,"['Get sewing kit', 'Insert thread in needle', 'Cut excess thread', 'Push needle through first hole']","['repeat', 'Purchase buttons']",repeat,0,0, A
5,84.61538461538461,"['Get sewing kit', 'Insert thread in needle', 'Cut excess thread', 'Push needle through first hole', 'repeat']","['cut the thread', 'Find button replacement']",cut the thread,0,0, A
0,0.0,[],"['When button is securely in place tie knot in thread at back of garment', 'Get out sewing kit.']",Get out sewing kit.,1,0, A
1,11.538461538461538,['Get out sewing kit.'],"['Sew button through third hole', 'Get a needle.']",Get a needle.,1,0, A
2,23.07692307692308,"['Get out sewing kit.', 'Get a needle.']","['Look through sewing kit for a button that matches clothing.', 'Repeat 4 or 5 times']",Look through sewing kit for a button that matches clothing.,0,0, A
3,38.46153846153847,"['Get out sewing kit.', 'Get a needle.', 'Look through sewing kit for a button that matches clothing.']","['Repeat 4 or 5 times', 'tie knot at end of thread']",tie knot at end of thread,1,0, A
4,46.15384615384615,"['Get out sewing kit.', 'Get a needle.', 'Look through sewing kit for a button that matches clothing.', 'tie knot at end of thread']","['Start sewing', 'Find a button']",Start sewing,0,0, A
5,84.61538461538461,"['Get out sewing kit.', 'Get a needle.', 'Look through sewing kit for a button that matches clothing.', 'tie knot at end of thread', 'Start sewing']","['locate needle and thread', 'Cut off any loose threads with a scissors.']",Cut off any loose threads with a scissors.,1,0, A
6,88.46153846153845,"['Get out sewing kit.', 'Get a needle.', 'Look through sewing kit for a button that matches clothing.', 'tie knot at end of thread', 'Start sewing', 'Cut off any loose threads with a scissors.']","['Find similar button', 'Put all the items away']",Put all the items away,1,0, A
0,0.0,[],"['Cut thread', 'Drive to fabric store']",Drive to fabric store,1,0, A
1,19.230769230769237,['Drive to fabric store'],"['sew onto fabric securely', 'Get thread']",Get thread,1,0, A
2,34.61538461538461,"['Drive to fabric store', 'Get thread']","['Tie off thread', 'Thread needle.']",Thread needle.,1,0, A
3,38.46153846153847,"['Drive to fabric store', 'Get thread', 'Thread needle.']","['Tie off the thread on the underside of the garment', 'Tie a knot in the thread']",Tie a knot in the thread,1,0, A
4,42.30769230769231,"['Drive to fabric store', 'Get thread', 'Thread needle.', 'Tie a knot in the thread']","['Cut about 16 inches worth of thread.', 'Take out thread and needle']",Cut about 16 inches worth of thread.,0,0, A
5,61.53846153846154,"['Drive to fabric store', 'Get thread', 'Thread needle.', 'Tie a knot in the thread', 'Cut about 16 inches worth of thread.']","['Get a needle and thread.', 'Push needle through first hole']",Push needle through first hole,1,0, A
6,80.76923076923077,"['Drive to fabric store', 'Get thread', 'Thread needle.', 'Tie a knot in the thread', 'Cut about 16 inches worth of thread.', 'Push needle through first hole']","['Stick the head through the needle eye', 'Tie knot in thread']",Tie knot in thread,1,0, A
7,88.46153846153845,"['Drive to fabric store', 'Get thread', 'Thread needle.', 'Tie a knot in the thread', 'Cut about 16 inches worth of thread.', 'Push needle through first hole', 'Tie knot in thread']","['put the supplies away', 'Hold button to material.']",put the supplies away,0,0, A
0,0.0,[],"['Put thread through buttonhole', 'Get out needle, thread, button, and clothing item.']","Get out needle, thread, button, and clothing item.",1,0, A
1,30.76923076923077,"['Get out needle, thread, button, and clothing item.']","['Hold button to material.', 'Make a knot on last pass']",Hold button to material.,0,0, A
2,53.84615384615385,"['Get out needle, thread, button, and clothing item.', 'Hold button to material.']","['Get needle and thread', 'Sew needle through other holes in an X formation']",Sew needle through other holes in an X formation,1,0, A
3,61.53846153846154,"['Get out needle, thread, button, and clothing item.', 'Hold button to material.', 'Sew needle through other holes in an X formation']","['Sew button onto fabric through the first hole', 'Prepare garment for sewing']",Sew button onto fabric through the first hole,0,0, A
4,80.76923076923077,"['Get out needle, thread, button, and clothing item.', 'Hold button to material.', 'Sew needle through other holes in an X formation', 'Sew button onto fabric through the first hole']","['grab a needle', 'Make a knot in fabric with thread behind the button']",Make a knot in fabric with thread behind the button,1,0, A
5,88.46153846153845,"['Get out needle, thread, button, and clothing item.', 'Hold button to material.', 'Sew needle through other holes in an X formation', 'Sew button onto fabric through the first hole', 'Make a knot in fabric with thread behind the button']","['Choose thread to sew button on with.', 'Put away needle and thread']",Put away needle and thread,1,0, A
0,0.0,[],"['Get out needle, thread, button, and clothing item.', 'Tie knot on needle.']","Get out needle, thread, button, and clothing item.",0,0, A
1,26.923076923076923,"['Get out needle, thread, button, and clothing item.']","['Make a knot on last pass', 'grab object the button is being sewed']",grab object the button is being sewed,1,0, A
2,34.61538461538461,"['Get out needle, thread, button, and clothing item.', 'grab object the button is being sewed']","['Slide button onto needle and thread.', 'Thread the needle']",Thread the needle,1,0, A
3,42.30769230769231,"['Get out needle, thread, button, and clothing item.', 'grab object the button is being sewed', 'Thread the needle']","['Gather supplies', 'Cut away any loose threads.']",Cut away any loose threads.,1,0, A
4,61.53846153846154,"['Get out needle, thread, button, and clothing item.', 'grab object the button is being sewed', 'Thread the needle', 'Cut away any loose threads.']","['Pass the needle through one of the button holes', 'Take a needle']",Pass the needle through one of the button holes,0,0, A
5,80.76923076923077,"['Get out needle, thread, button, and clothing item.', 'grab object the button is being sewed', 'Thread the needle', 'Cut away any loose threads.', 'Pass the needle through one of the button holes']","['Get out thread', 'Tie another knot at the end of the thread.']",Tie another knot at the end of the thread.,1,0, A
6,84.61538461538461,"['Get out needle, thread, button, and clothing item.', 'grab object the button is being sewed', 'Thread the needle', 'Cut away any loose threads.', 'Pass the needle through one of the button holes', 'Tie another knot at the end of the thread.']","['Get the thread', 'Cut the needle off of the thread.']",Cut the needle off of the thread.,1,0, A
0,0.0,[],"['Get sewing kit', 'Check new button']",Get sewing kit,0,0, A
1,7.6923076923076925,['Get sewing kit'],"['Put everything away.', 'Prepare needle and thread.']",Prepare needle and thread.,1,0, A
2,11.538461538461538,"['Get sewing kit', 'Prepare needle and thread.']","['Get a needle', 'Pull thread through']",Get a needle,0,0, A
3,34.61538461538461,"['Get sewing kit', 'Prepare needle and thread.', 'Get a needle']","['Cut thread', 'Thread the needle']",Thread the needle,1,0, A
4,61.53846153846154,"['Get sewing kit', 'Prepare needle and thread.', 'Get a needle', 'Thread the needle']","['Find a needle and thread', 'Push needle through first hole']",Push needle through first hole,1,0, A
5,65.38461538461539,"['Get sewing kit', 'Prepare needle and thread.', 'Get a needle', 'Thread the needle', 'Push needle through first hole']","['Put one end of thread through the eye of the needle.', 'Cross over to perpendicular hole, push needle back through']","Cross over to perpendicular hole, push needle back through",1,0, A
6,69.23076923076923,"['Get sewing kit', 'Prepare needle and thread.', 'Get a needle', 'Thread the needle', 'Push needle through first hole', 'Cross over to perpendicular hole, push needle back through']","['Push needle under material to next hole', 'Collect thread and needle.']",Push needle under material to next hole,0,0, A
7,73.07692307692307,"['Get sewing kit', 'Prepare needle and thread.', 'Get a needle', 'Thread the needle', 'Push needle through first hole', 'Cross over to perpendicular hole, push needle back through', 'Push needle under material to next hole']","['push needle to back of the item', 'thread the needle']",push needle to back of the item,0,0, A
0,0.0,[],"['Cut thread', 'Get out needle, thread, button, and clothing item.']","Get out needle, thread, button, and clothing item.",1,0, A
1,15.384615384615383,"['Get out needle, thread, button, and clothing item.']","['Find matching thread', 'Sew button into place']",Find matching thread,0,0, A
2,23.07692307692308,"['Get out needle, thread, button, and clothing item.', 'Find matching thread']","['Get the button.', 'Tie of thread on inside']",Get the button.,0,0, A
3,26.923076923076923,"['Get out needle, thread, button, and clothing item.', 'Find matching thread', 'Get the button.']","['Find shirt', 'Find sewing kit.']",Find shirt,0,0, A
4,50.0,"['Get out needle, thread, button, and clothing item.', 'Find matching thread', 'Get the button.', 'Find shirt']","['Get sewing kit', 'Push needle through back of clothes and through hole of button']",Push needle through back of clothes and through hole of button,1,0, A
5,61.53846153846154,"['Get out needle, thread, button, and clothing item.', 'Find matching thread', 'Get the button.', 'Find shirt', 'Push needle through back of clothes and through hole of button']","['Insert needle through one side of button', 'Get out needle, thread, button, and clothing item.']",Insert needle through one side of button,0,0, A
6,80.76923076923077,"['Get out needle, thread, button, and clothing item.', 'Find matching thread', 'Get the button.', 'Find shirt', 'Push needle through back of clothes and through hole of button', 'Insert needle through one side of button']","['attach button to shirt', 'Tie the thread']",Tie the thread,1,0, A
0,0.0,[],"[""pass needle and thread back through another of the button's needle holes"", 'get sewing kit']",get sewing kit,1,0, A
1,19.230769230769237,['get sewing kit'],"['Pass thread through button holes.', 'Find thread']",Find thread,1,0, A
2,30.76923076923077,"['get sewing kit', 'Find thread']","['Tie knot to secure thread and button to clothes', 'Align button']",Align button,1,0, A
3,46.15384615384615,"['get sewing kit', 'Find thread', 'Align button']","['Obtain needle and thread', 'Use needle and thread to sew button']",Use needle and thread to sew button,1,0, A
0,0.0,[],"['Drive to fabric store', 'Then push needle through material']",Drive to fabric store,0,0, A
1,19.230769230769237,['Drive to fabric store'],"['Get some thread.', 'Thread one hole with the needle']",Get some thread.,0,0, A
2,30.76923076923077,"['Drive to fabric store', 'Get some thread.']","['Align the button on the correct place on the cloth', 'Get sewing basket']",Align the button on the correct place on the cloth,0,0, A
3,61.53846153846154,"['Drive to fabric store', 'Get some thread.', 'Align the button on the correct place on the cloth']","['Push needle through hole', 'Find a piece of clothing.']",Push needle through hole,0,0, A
4,80.76923076923077,"['Drive to fabric store', 'Get some thread.', 'Align the button on the correct place on the cloth', 'Push needle through hole']","['Get button', 'Tie off your thread.']",Tie off your thread.,1,0, A
5,84.61538461538461,"['Drive to fabric store', 'Get some thread.', 'Align the button on the correct place on the cloth', 'Push needle through hole', 'Tie off your thread.']","['Take out sewing kit.', 'Cut off any loose threads with a scissors.']",Cut off any loose threads with a scissors.,1,0, A
6,88.46153846153845,"['Drive to fabric store', 'Get some thread.', 'Align the button on the correct place on the cloth', 'Push needle through hole', 'Tie off your thread.', 'Cut off any loose threads with a scissors.']","['Get a needle and thread.', 'Put the needle and thread away']",Put the needle and thread away,1,0, A
0,0.0,[],"['Take out the needle', 'Drive to fabric store']",Drive to fabric store,1,0, A
1,19.230769230769237,['Drive to fabric store'],"['Find similar color thread to use.', 'Push needle through button hole']",Find similar color thread to use.,0,0, A
2,23.07692307692308,"['Drive to fabric store', 'Find similar color thread to use.']","['Push needle down through other button on hole', 'Get the button.']",Get the button.,1,0, A
3,50.0,"['Drive to fabric store', 'Find similar color thread to use.', 'Get the button.']","['Prepare needle and thread.', 'Insert the needle from the bottom where the button is to be sewn']",Insert the needle from the bottom where the button is to be sewn,1,0, A
4,65.38461538461539,"['Drive to fabric store', 'Find similar color thread to use.', 'Get the button.', 'Insert the needle from the bottom where the button is to be sewn']","['Thread needle', 'Put the needle thorough the back of the button hole.']",Put the needle thorough the back of the button hole.,1,0, A
5,76.92307692307693,"['Drive to fabric store', 'Find similar color thread to use.', 'Get the button.', 'Insert the needle from the bottom where the button is to be sewn', 'Put the needle thorough the back of the button hole.']","['Continue to loop the needle and thread through the button holes.', 'Align the button on the correct place on the cloth']",Continue to loop the needle and thread through the button holes.,0,0, A
6,84.61538461538461,"['Drive to fabric store', 'Find similar color thread to use.', 'Get the button.', 'Insert the needle from the bottom where the button is to be sewn', 'Put the needle thorough the back of the button hole.', 'Continue to loop the needle and thread through the button holes.']","['Place button on shirt', 'Cut thread']",Cut thread,1,0, A
0,0.0,[],"['Get scissors, needle, button and thread', 'Tie end in a knot']","Get scissors, needle, button and thread",0,0, A
1,15.384615384615383,"['Get scissors, needle, button and thread']","['knot thread', 'Select thread of correct color']",Select thread of correct color,1,0, A
2,23.07692307692308,"['Get scissors, needle, button and thread', 'Select thread of correct color']","['tying a knot with thread', 'Grab button']",Grab button,1,0, A
3,34.61538461538461,"['Get scissors, needle, button and thread', 'Select thread of correct color', 'Grab button']","['Place the thread through the needle', 'Tie knot to secure thread and button to clothes']",Place the thread through the needle,0,0, A
4,50.0,"['Get scissors, needle, button and thread', 'Select thread of correct color', 'Grab button', 'Place the thread through the needle']","['Insert the thread through the button', 'taking the right button out']",Insert the thread through the button,0,0, A
5,80.76923076923077,"['Get scissors, needle, button and thread', 'Select thread of correct color', 'Grab button', 'Place the thread through the needle', 'Insert the thread through the button']","['tug to make sure it is secure', 'Tie a knot in the end of thread']",tug to make sure it is secure,0,0, A
6,84.61538461538461,"['Get scissors, needle, button and thread', 'Select thread of correct color', 'Grab button', 'Place the thread through the needle', 'Insert the thread through the button', 'tug to make sure it is secure']","['Place button in desired position', 'Cut loose ends.']",Cut loose ends.,1,0, A
0,0.0,[],"['Get sewing kit', 'Push needle through first hole']",Get sewing kit,0,0, A
1,23.07692307692308,['Get sewing kit'],"['Use the needle to sew the broken button', 'Find button replacement']",Find button replacement,1,0, A
2,30.76923076923077,"['Get sewing kit', 'Find button replacement']","['Put button in the right area', 'break the thread']",Put button in the right area,0,0, A
3,46.15384615384615,"['Get sewing kit', 'Find button replacement', 'Put button in the right area']","['ATTACH BUTTON USING NEEDLE AND THREAD', 'Grab a needle and thread']",ATTACH BUTTON USING NEEDLE AND THREAD,0,0, A
4,61.53846153846154,"['Get sewing kit', 'Find button replacement', 'Put button in the right area', 'ATTACH BUTTON USING NEEDLE AND THREAD']","['push the needle through the button', 'locate needle and thread']",push the needle through the button,0,0, A
5,80.76923076923077,"['Get sewing kit', 'Find button replacement', 'Put button in the right area', 'ATTACH BUTTON USING NEEDLE AND THREAD', 'push the needle through the button']","['Thread needle.', 'Tie thread at end']",Tie thread at end,1,0, A
6,84.61538461538461,"['Get sewing kit', 'Find button replacement', 'Put button in the right area', 'ATTACH BUTTON USING NEEDLE AND THREAD', 'push the needle through the button', 'Tie thread at end']","['cut the thread when finished', 'Thread the needle']",cut the thread when finished,0,0, A
0,0.0,[],"['Get out sewing kit.', 'Insert needle through first side of button (step 3)']",Get out sewing kit.,0,0, A
1,7.6923076923076925,['Get out sewing kit.'],"['GET SOME NEEDLE AND THREAD', 'pull through on the other side']",GET SOME NEEDLE AND THREAD,0,0, A
2,34.61538461538461,"['Get out sewing kit.', 'GET SOME NEEDLE AND THREAD']","['thread a needle', 'when done tie the end properly']",thread a needle,0,0, A
3,42.30769230769231,"['Get out sewing kit.', 'GET SOME NEEDLE AND THREAD', 'thread a needle']","['find needle and thread', 'Cut excess thread']",Cut excess thread,1,0, A
4,46.15384615384615,"['Get out sewing kit.', 'GET SOME NEEDLE AND THREAD', 'thread a needle', 'Cut excess thread']","['Find needle', 'sew the button on the garment']",sew the button on the garment,1,0, A
5,80.76923076923077,"['Get out sewing kit.', 'GET SOME NEEDLE AND THREAD', 'thread a needle', 'Cut excess thread', 'sew the button on the garment']","['Find some thread', 'Repeat to make loop and knot it.']",Repeat to make loop and knot it.,1,0, A
6,88.46153846153845,"['Get out sewing kit.', 'GET SOME NEEDLE AND THREAD', 'thread a needle', 'Cut excess thread', 'sew the button on the garment', 'Repeat to make loop and knot it.']","['Place button where you want it.', 'Put needle and thread back in drawer']",Put needle and thread back in drawer,1,0, A
7,92.3076923076923,"['Get out sewing kit.', 'GET SOME NEEDLE AND THREAD', 'thread a needle', 'Cut excess thread', 'sew the button on the garment', 'Repeat to make loop and knot it.', 'Put needle and thread back in drawer']","['Check the button', 'Get button']",Check the button,0,0, A
0,0.0,[],"['Place button on item', 'Find sewing kit.']",Find sewing kit.,1,0, A
1,7.6923076923076925,['Find sewing kit.'],"['gather needle and thread', 'Check if the button is tight']",gather needle and thread,0,0, A
2,19.230769230769237,"['Find sewing kit.', 'gather needle and thread']","['Get thread.', 'Place needle through button eyelets.']",Get thread.,0,0, A
3,30.76923076923077,"['Find sewing kit.', 'gather needle and thread', 'Get thread.']","['Tie off thread', 'Place the button on the cloth']",Place the button on the cloth,1,0, A
4,50.0,"['Find sewing kit.', 'gather needle and thread', 'Get thread.', 'Place the button on the cloth']","['Cut off end from needle', 'Starting on inside of garment, push through with needle.']","Starting on inside of garment, push through with needle.",1,0, A
5,80.76923076923077,"['Find sewing kit.', 'gather needle and thread', 'Get thread.', 'Place the button on the cloth', 'Starting on inside of garment, push through with needle.']","['gather needle and thread', 'Tie off thread']",Tie off thread,1,0, A
0,0.0,[],"['Push needle through other hole of button and through clothes', 'Get sewing kit']",Get sewing kit,1,0, A
1,23.07692307692308,['Get sewing kit'],"['Cut thread.', 'Find a matching button']",Find a matching button,1,0, A
2,26.923076923076923,"['Get sewing kit', 'Find a matching button']","['Hold shirt with non-dominant hand', 'Insert the thread through the button']",Hold shirt with non-dominant hand,0,0, A
3,34.61538461538461,"['Get sewing kit', 'Find a matching button', 'Hold shirt with non-dominant hand']","['when done tie the end properly', 'Thread needle']",Thread needle,1,0, A
4,42.30769230769231,"['Get sewing kit', 'Find a matching button', 'Hold shirt with non-dominant hand', 'Thread needle']","['Obtain needle and thread', 'Cut away old strings']",Cut away old strings,1,0, A
5,61.53846153846154,"['Get sewing kit', 'Find a matching button', 'Hold shirt with non-dominant hand', 'Thread needle', 'Cut away old strings']","['Push needle through hole', 'getting out needle']",Push needle through hole,0,0, A
6,76.92307692307693,"['Get sewing kit', 'Find a matching button', 'Hold shirt with non-dominant hand', 'Thread needle', 'Cut away old strings', 'Push needle through hole']","['Determine proper placement for button', 'Continue crisscrossing thread between holes of button until button is tight.']",Continue crisscrossing thread between holes of button until button is tight.,1,0, A
7,80.76923076923077,"['Get sewing kit', 'Find a matching button', 'Hold shirt with non-dominant hand', 'Thread needle', 'Cut away old strings', 'Push needle through hole', 'Continue crisscrossing thread between holes of button until button is tight.']","['find shirt with missing button', ""TIE A KNOT IN THE END OF THE THREAD SO THE BUTTON DOESN'T COME OFF""]",TIE A KNOT IN THE END OF THE THREAD SO THE BUTTON DOESN'T COME OFF,1,0, A
8,88.46153846153845,"['Get sewing kit', 'Find a matching button', 'Hold shirt with non-dominant hand', 'Thread needle', 'Cut away old strings', 'Push needle through hole', 'Continue crisscrossing thread between holes of button until button is tight.', ""TIE A KNOT IN THE END OF THE THREAD SO THE BUTTON DOESN'T COME OFF""]","['Get thread and needle', 'Put needle and thread back in drawer']",Put needle and thread back in drawer,1,0, A
0,0.0,[],"['Grab the fabric and button', 'Wrap the thread']",Grab the fabric and button,0,0, A
1,7.6923076923076925,['Grab the fabric and button'],"['Cut off end from needle', 'Get a needle and thread.']",Get a needle and thread.,1,0, A
2,11.538461538461538,"['Grab the fabric and button', 'Get a needle and thread.']","['getting out needle', 'cut loose thread']",getting out needle,0,0, A
3,15.384615384615383,"['Grab the fabric and button', 'Get a needle and thread.', 'getting out needle']","['Find right color string', 'With other hand, push needle through button hole']",Find right color string,0,0, A
4,19.230769230769237,"['Grab the fabric and button', 'Get a needle and thread.', 'getting out needle', 'Find right color string']","['Purchase thread', 'cut remaining thread away']",Purchase thread,0,0, A
5,30.76923076923077,"['Grab the fabric and button', 'Get a needle and thread.', 'getting out needle', 'Find right color string', 'Purchase thread']","['line new button up with corresponding button hole', 'Cut excess thread']",line new button up with corresponding button hole,0,0, A
6,53.84615384615385,"['Grab the fabric and button', 'Get a needle and thread.', 'getting out needle', 'Find right color string', 'Purchase thread', 'line new button up with corresponding button hole']","['Run needle and thread through button hole and fabric hole', 'Get a needle.']",Run needle and thread through button hole and fabric hole,0,0, A
7,76.92307692307693,"['Grab the fabric and button', 'Get a needle and thread.', 'getting out needle', 'Find right color string', 'Purchase thread', 'line new button up with corresponding button hole', 'Run needle and thread through button hole and fabric hole']","['Repeat through each button hole', 'Cut excess thread']",Repeat through each button hole,0,0, A
8,84.61538461538461,"['Grab the fabric and button', 'Get a needle and thread.', 'getting out needle', 'Find right color string', 'Purchase thread', 'line new button up with corresponding button hole', 'Run needle and thread through button hole and fabric hole', 'Repeat through each button hole']","['Cut thread close to knot.', 'Line the button back into place']",Cut thread close to knot.,0,0, A
9,88.46153846153845,"['Grab the fabric and button', 'Get a needle and thread.', 'getting out needle', 'Find right color string', 'Purchase thread', 'line new button up with corresponding button hole', 'Run needle and thread through button hole and fabric hole', 'Repeat through each button hole', 'Cut thread close to knot.']","['push the needle through the fabric', 'Put the needle and thread away']",Put the needle and thread away,1,0, A
0,0.0,[],"['Drive to fabric store', 'Continue to push and pull needle through button holes until button is secure']",Drive to fabric store,0,0, A
1,19.230769230769237,['Drive to fabric store'],"['Get thread.', 'Repeat until sewed on.']",Get thread.,0,0, A
2,34.61538461538461,"['Drive to fabric store', 'Get thread.']","['Thread needle.', 'Snip excess thread off']",Thread needle.,0,0, A
3,88.46153846153845,"['Drive to fabric store', 'Get thread.', 'Thread needle.']","['Put supplies away', 'Take out sewing kit']",Put supplies away,0,0, A
0,0.0,[],"['Fix the thread in the needle', 'Drive to fabric store']",Drive to fabric store,1,0, A
1,19.230769230769237,['Drive to fabric store'],"['insert needle through cloth', 'Find thread that matches button color.']",Find thread that matches button color.,1,0, A
2,30.76923076923077,"['Drive to fabric store', 'Find thread that matches button color.']","['Hold button in place on clothing.', 'Check the button']",Hold button in place on clothing.,0,0, A
3,34.61538461538461,"['Drive to fabric store', 'Find thread that matches button color.', 'Hold button in place on clothing.']","['Repeat 5 times with other two button holes', 'thread needle']",thread needle,1,0, A
4,42.30769230769231,"['Drive to fabric store', 'Find thread that matches button color.', 'Hold button in place on clothing.', 'thread needle']","['Tie the thread in a knot to secure it', 'Cut about 16 inches worth of thread.']",Cut about 16 inches worth of thread.,1,0, A
5,61.53846153846154,"['Drive to fabric store', 'Find thread that matches button color.', 'Hold button in place on clothing.', 'thread needle', 'Cut about 16 inches worth of thread.']","['break the thread', 'Thread one hole with the needle']",Thread one hole with the needle,1,0, A
6,65.38461538461539,"['Drive to fabric store', 'Find thread that matches button color.', 'Hold button in place on clothing.', 'thread needle', 'Cut about 16 inches worth of thread.', 'Thread one hole with the needle']","['Put the needle thorough the back of the button hole.', 'Get thread.']",Put the needle thorough the back of the button hole.,0,0, A
7,69.23076923076923,"['Drive to fabric store', 'Find thread that matches button color.', 'Hold button in place on clothing.', 'thread needle', 'Cut about 16 inches worth of thread.', 'Thread one hole with the needle', 'Put the needle thorough the back of the button hole.']","['Hold button in place', 'Get needle and thread']",Hold button in place,0,0, A
0,0.0,[],"['Get out sewing kit', 'Put needle and thread through shirt']",Get out sewing kit,0,0, A
1,19.230769230769237,['Get out sewing kit'],"['get thread', 'repeat the same way']",get thread,0,0, A
2,23.07692307692308,"['Get out sewing kit', 'get thread']","['tie a knot at the end of the string', 'Find a suitable button']",Find a suitable button,1,0, A
3,50.0,"['Get out sewing kit', 'get thread', 'Find a suitable button']","['put back all the materials', 'Push needle through the button holes']",Push needle through the button holes,1,0, A
4,65.38461538461539,"['Get out sewing kit', 'get thread', 'Find a suitable button', 'Push needle through the button holes']","['Cross over to perpendicular hole, push needle back through', 'Thread the needle']","Cross over to perpendicular hole, push needle back through",0,0, A
5,69.23076923076923,"['Get out sewing kit', 'get thread', 'Find a suitable button', 'Push needle through the button holes', 'Cross over to perpendicular hole, push needle back through']","['Poke needle through opposite hole', 'Proceed to insert needle into button holes and through clothing/ item until securely sewn']",Poke needle through opposite hole,0,0, A
0,0.0,[],"['Drive to fabric store', 'Cut away old strings']",Drive to fabric store,0,0, A
1,19.230769230769237,['Drive to fabric store'],"['moving the needle in and out of the fabric', 'Get thread.']",Get thread.,1,0, A
2,23.07692307692308,"['Drive to fabric store', 'Get thread.']","['Ending again in the back of the garment cut off the thread.', 'Get extra button']",Get extra button,1,0, A
3,34.61538461538461,"['Drive to fabric store', 'Get thread.', 'Get extra button']","['Tie off finishing knot', 'Thread needle.']",Thread needle.,1,0, A
4,61.53846153846154,"['Drive to fabric store', 'Get thread.', 'Get extra button', 'Thread needle.']","['Get needle.', 'Pass the needle through one of the button holes']",Pass the needle through one of the button holes,1,0, A
5,76.92307692307693,"['Drive to fabric store', 'Get thread.', 'Get extra button', 'Thread needle.', 'Pass the needle through one of the button holes']","['Tie knot on needle.', 'Repeat through each button hole']",Repeat through each button hole,1,0, A
0,0.0,[],"['Get a thimble', 'Push needle through back of clothes and through hole of button']",Get a thimble,0,0, A
1,26.923076923076923,['Get a thimble'],"['gather garment for buttoning', 'Sew button through second hole']",gather garment for buttoning,0,0, A
2,34.61538461538461,"['Get a thimble', 'gather garment for buttoning']","['Thread needle', 'Continue until the button is on tight']",Thread needle,0,0, A
3,38.46153846153847,"['Get a thimble', 'gather garment for buttoning', 'Thread needle']","['Take out the needle', 'tie knot at end of thread']",tie knot at end of thread,1,0, A
4,42.30769230769231,"['Get a thimble', 'gather garment for buttoning', 'Thread needle', 'tie knot at end of thread']","['Cut thread string to how much is needed', 'get needle']",Cut thread string to how much is needed,0,0, A
5,46.15384615384615,"['Get a thimble', 'gather garment for buttoning', 'Thread needle', 'tie knot at end of thread', 'Cut thread string to how much is needed']","['grab a needle', 'sew button into fabric making sure stitches are secure']",sew button into fabric making sure stitches are secure,1,0, A
6,88.46153846153845,"['Get a thimble', 'gather garment for buttoning', 'Thread needle', 'tie knot at end of thread', 'Cut thread string to how much is needed', 'sew button into fabric making sure stitches are secure']","['Put the needle and thread away', 'Find a matching button']",Put the needle and thread away,0,0, A
7,92.3076923076923,"['Get a thimble', 'gather garment for buttoning', 'Thread needle', 'tie knot at end of thread', 'Cut thread string to how much is needed', 'sew button into fabric making sure stitches are secure', 'Put the needle and thread away']","['Find matching thread', 'Check if the button is tight']",Check if the button is tight,1,0, A
0,0.0,[],"['Sew on the button.', 'Drive to fabric store']",Drive to fabric store,1,0, A
1,19.230769230769237,['Drive to fabric store'],"['With needle and thread push needle through cloth and through button hole', 'Find thread that matches button color.']",Find thread that matches button color.,1,0, A
2,23.07692307692308,"['Drive to fabric store', 'Find thread that matches button color.']","['sew button into fabric making sure stitches are secure', 'Get button']",Get button,1,0, A
3,34.61538461538461,"['Drive to fabric store', 'Find thread that matches button color.', 'Get button']","['Sew button through third hole', 'Thread the needle, double it up and tie a knot at the end']","Thread the needle, double it up and tie a knot at the end",1,0, A
4,46.15384615384615,"['Drive to fabric store', 'Find thread that matches button color.', 'Get button', 'Thread the needle, double it up and tie a knot at the end']","['Stitch the button on', 'Get a button to match']",Stitch the button on,0,0, A
5,76.92307692307693,"['Drive to fabric store', 'Find thread that matches button color.', 'Get button', 'Thread the needle, double it up and tie a knot at the end', 'Stitch the button on']","['grab a needle', 'Repeat several times until button is secure']",Repeat several times until button is secure,1,0, A
6,80.76923076923077,"['Drive to fabric store', 'Find thread that matches button color.', 'Get button', 'Thread the needle, double it up and tie a knot at the end', 'Stitch the button on', 'Repeat several times until button is secure']","['Knot the ends of the thread together.', 'Make a knot on last pass']",Make a knot on last pass,1,0, A
7,88.46153846153845,"['Drive to fabric store', 'Find thread that matches button color.', 'Get button', 'Thread the needle, double it up and tie a knot at the end', 'Stitch the button on', 'Repeat several times until button is secure', 'Make a knot on last pass']","['Put needle and thread back in drawer', 'Tie knot at end of thread.']",Put needle and thread back in drawer,0,0, A
8,92.3076923076923,"['Drive to fabric store', 'Find thread that matches button color.', 'Get button', 'Thread the needle, double it up and tie a knot at the end', 'Stitch the button on', 'Repeat several times until button is secure', 'Make a knot on last pass', 'Put needle and thread back in drawer']","['Put thread in needle', 'Check if the button is tight']",Check if the button is tight,1,0, A
0,0.0,[],"['Drive to fabric store', 'Sew button']",Drive to fabric store,0,0, A
1,19.230769230769237,['Drive to fabric store'],"['Choose thread to sew button on with.', 'Cut thread from spindle']",Choose thread to sew button on with.,0,0, A
2,30.76923076923077,"['Drive to fabric store', 'Choose thread to sew button on with.']","['Line the button back into place', 'Get your sewing kit']",Line the button back into place,0,0, A
3,61.53846153846154,"['Drive to fabric store', 'Choose thread to sew button on with.', 'Line the button back into place']","['get thread', 'push the needle through the button']",push the needle through the button,1,0, A
4,65.38461538461539,"['Drive to fabric store', 'Choose thread to sew button on with.', 'Line the button back into place', 'push the needle through the button']","['Pass the needle through the second button hole', 'Find the location where button needs to be sewn.']",Pass the needle through the second button hole,0,0, A
5,69.23076923076923,"['Drive to fabric store', 'Choose thread to sew button on with.', 'Line the button back into place', 'push the needle through the button', 'Pass the needle through the second button hole']","['Select thread of correct color', 'Sew button through third hole']",Sew button through third hole,1,0, A
6,73.07692307692307,"['Drive to fabric store', 'Choose thread to sew button on with.', 'Line the button back into place', 'push the needle through the button', 'Pass the needle through the second button hole', 'Sew button through third hole']","['Stick the head through the needle eye', 'Pull needle and thread']",Pull needle and thread,1,0, A
7,84.61538461538461,"['Drive to fabric store', 'Choose thread to sew button on with.', 'Line the button back into place', 'push the needle through the button', 'Pass the needle through the second button hole', 'Sew button through third hole', 'Pull needle and thread']","['Get sewing basket', 'cut the thread']",cut the thread,1,0, A
0,0.0,[],"['Break the thread and tie a final knot', 'Get out sewing kit.']",Get out sewing kit.,1,0, A
1,19.230769230769237,['Get out sewing kit.'],"['repeat the same way', 'Get the proper colored thread']",Get the proper colored thread,1,0, A
2,23.07692307692308,"['Get out sewing kit.', 'Get the proper colored thread']","['Cut the excess thread', 'Get a button.']",Get a button.,1,0, A
3,30.76923076923077,"['Get out sewing kit.', 'Get the proper colored thread', 'Get a button.']","['Place button on shirt', 'tie a knot at the end of the string']",Place button on shirt,0,0, A
4,53.84615384615385,"['Get out sewing kit.', 'Get the proper colored thread', 'Get a button.', 'Place button on shirt']","['gather needle and thread', 'Place button close to clothing.']",Place button close to clothing.,1,0, A
5,84.61538461538461,"['Get out sewing kit.', 'Get the proper colored thread', 'Get a button.', 'Place button on shirt', 'Place button close to clothing.']","['Get needle and thread', 'Cut thread.']",Cut thread.,1,0, A
0,0.0,[],"['Cut excess thread', 'Get scissors, needle, button and thread']","Get scissors, needle, button and thread",1,0, A
1,7.6923076923076925,"['Get scissors, needle, button and thread']","['locate needle and thread', 'Sew the button onto the garment by passing the needle through all 4 button holes.']",locate needle and thread,0,0, A
2,34.61538461538461,"['Get scissors, needle, button and thread', 'locate needle and thread']","['Keep threading until the button is firmly attached', ""Insert the thread into the eye of the needle and tie a knot so it's attached.""]",Insert the thread into the eye of the needle and tie a knot so it's attached.,1,0, A
3,50.0,"['Get scissors, needle, button and thread', 'locate needle and thread', ""Insert the thread into the eye of the needle and tie a knot so it's attached.""]","['push the needle through the fabric', 'Cut off remaining thread']",push the needle through the fabric,0,0, A
4,53.84615384615385,"['Get scissors, needle, button and thread', 'locate needle and thread', ""Insert the thread into the eye of the needle and tie a knot so it's attached."", 'push the needle through the fabric']","['Run needle and thread through button hole and fabric hole', 'Get the item of clothing the button is to go on']",Run needle and thread through button hole and fabric hole,0,0, A
5,84.61538461538461,"['Get scissors, needle, button and thread', 'locate needle and thread', ""Insert the thread into the eye of the needle and tie a knot so it's attached."", 'push the needle through the fabric', 'Run needle and thread through button hole and fabric hole']","['Line the button up in the place where the old one would have been', 'Cut the thread near the needle to finish']",Cut the thread near the needle to finish,1,0, A
6,88.46153846153845,"['Get scissors, needle, button and thread', 'locate needle and thread', ""Insert the thread into the eye of the needle and tie a knot so it's attached."", 'push the needle through the fabric', 'Run needle and thread through button hole and fabric hole', 'Cut the thread near the needle to finish']","['Knot the end to make it stay', 'put back all the materials']",put back all the materials,1,0, A
7,92.3076923076923,"['Get scissors, needle, button and thread', 'locate needle and thread', ""Insert the thread into the eye of the needle and tie a knot so it's attached."", 'push the needle through the fabric', 'Run needle and thread through button hole and fabric hole', 'Cut the thread near the needle to finish', 'put back all the materials']","['Thread a needle', 'Check if the button is tight']",Check if the button is tight,1,0, A
0,0.0,[],"['Get the garment', 'Find sewing kit.']",Find sewing kit.,1,0, A
1,11.538461538461538,['Find sewing kit.'],"['knot thread', 'Get a needle']",Get a needle,1,0, A
2,15.384615384615383,"['Find sewing kit.', 'Get a needle']","['Choose thread color', 'Use needle to go through button holes']",Choose thread color,0,0, A
3,23.07692307692308,"['Find sewing kit.', 'Get a needle', 'Choose thread color']","['Repeat several times until button is secure', 'Find a matching button']",Find a matching button,1,0, A
4,26.923076923076923,"['Find sewing kit.', 'Get a needle', 'Choose thread color', 'Find a matching button']","['Place item on flat surface', 'PUT NEEDLE AND THREAD AWAY']",Place item on flat surface,0,0, A
5,30.76923076923077,"['Find sewing kit.', 'Get a needle', 'Choose thread color', 'Find a matching button', 'Place item on flat surface']","['Put button in proper place', 'Repeat 4 or 5 times']",Put button in proper place,0,0, A
6,34.61538461538461,"['Find sewing kit.', 'Get a needle', 'Choose thread color', 'Find a matching button', 'Place item on flat surface', 'Put button in proper place']","['Put needle in other button hole.', 'Place the thread inside the needle']",Place the thread inside the needle,1,0, A
7,42.30769230769231,"['Find sewing kit.', 'Get a needle', 'Choose thread color', 'Find a matching button', 'Place item on flat surface', 'Put button in proper place', 'Place the thread inside the needle']","['Get out needle', 'measure and cut length of thread']",measure and cut length of thread,1,0, A
8,46.15384615384615,"['Find sewing kit.', 'Get a needle', 'Choose thread color', 'Find a matching button', 'Place item on flat surface', 'Put button in proper place', 'Place the thread inside the needle', 'measure and cut length of thread']","['Pass thread through button holes.', 'get needle']",Pass thread through button holes.,0,0, A
9,84.61538461538461,"['Find sewing kit.', 'Get a needle', 'Choose thread color', 'Find a matching button', 'Place item on flat surface', 'Put button in proper place', 'Place the thread inside the needle', 'measure and cut length of thread', 'Pass thread through button holes.']","['Get thread', 'cut remaining thread away']",cut remaining thread away,1,0, A
10,88.46153846153845,"['Find sewing kit.', 'Get a needle', 'Choose thread color', 'Find a matching button', 'Place item on flat surface', 'Put button in proper place', 'Place the thread inside the needle', 'measure and cut length of thread', 'Pass thread through button holes.', 'cut remaining thread away']","['Knot the end to make it stay', 'Put away needle and thread']",Put away needle and thread,1,0, A
0,0.0,[],"['Push thread through needle and tie in a knot', 'Get out needle, thread, button, and clothing item.']","Get out needle, thread, button, and clothing item.",1,0, A
1,26.923076923076923,"['Get out needle, thread, button, and clothing item.']","['Get the item of clothing the button is to go on', ""Make 4 x's in button.""]",Get the item of clothing the button is to go on,0,0, A
2,46.15384615384615,"['Get out needle, thread, button, and clothing item.', 'Get the item of clothing the button is to go on']","['Get thread.', 'moving the needle in and out of the button holes']",moving the needle in and out of the button holes,1,0, A
3,53.84615384615385,"['Get out needle, thread, button, and clothing item.', 'Get the item of clothing the button is to go on', 'moving the needle in and out of the button holes']","['Put away thread and needle', 'Crisscross on the button']",Crisscross on the button,1,0, A
4,57.692307692307686,"['Get out needle, thread, button, and clothing item.', 'Get the item of clothing the button is to go on', 'moving the needle in and out of the button holes', 'Crisscross on the button']","['Insert the needle back into the garment from the top of the button', 'Loop thread to create knot in thread.']",Insert the needle back into the garment from the top of the button,0,0, A
0,0.0,[],"['Find placement for new button.', 'Drive to fabric store']",Drive to fabric store,1,0, A
1,19.230769230769237,['Drive to fabric store'],"['Wrap the thread', 'Get thread.']",Get thread.,1,0, A
2,26.923076923076923,"['Drive to fabric store', 'Get thread.']","['Get item that needs button sewing on', 'Tie a knot.']",Get item that needs button sewing on,0,0, A
3,34.61538461538461,"['Drive to fabric store', 'Get thread.', 'Get item that needs button sewing on']","['Insert the thread into the needle hole', 'Cut off excess thread']",Insert the thread into the needle hole,0,0, A
4,53.84615384615385,"['Drive to fabric store', 'Get thread.', 'Get item that needs button sewing on', 'Insert the thread into the needle hole']","['Insert the needle into the button hole', 'Get needle and thread']",Insert the needle into the button hole,0,0, A
5,80.76923076923077,"['Drive to fabric store', 'Get thread.', 'Get item that needs button sewing on', 'Insert the thread into the needle hole', 'Insert the needle into the button hole']","['Tie off thread', 'Get a thread and a needle']",Tie off thread,0,0, A
6,84.61538461538461,"['Drive to fabric store', 'Get thread.', 'Get item that needs button sewing on', 'Insert the thread into the needle hole', 'Insert the needle into the button hole', 'Tie off thread']","['Cut thread', 'Take shirt']",Cut thread,0,0, A
0,0.0,[],"['Drive to fabric store', 'put sewing kit away']",Drive to fabric store,0,0, A
1,19.230769230769237,['Drive to fabric store'],"['Tie knot.', 'Find similar color thread to use.']",Find similar color thread to use.,1,0, A
2,30.76923076923077,"['Drive to fabric store', 'Find similar color thread to use.']","['Pull through', 'Place button on fabric and hold with thumb and index finger']",Place button on fabric and hold with thumb and index finger,1,0, A
3,53.84615384615385,"['Drive to fabric store', 'Find similar color thread to use.', 'Place button on fabric and hold with thumb and index finger']","['Get a thread and a needle', 'pass needle through needle hole in button']",pass needle through needle hole in button,1,0, A
0,0.0,[],"['Drive to fabric store', 'Put thread through button']",Drive to fabric store,0,0, A
1,19.230769230769237,['Drive to fabric store'],"['Put needle and thread through shirt', 'Select thread']",Select thread,1,0, A
2,30.76923076923077,"['Drive to fabric store', 'Select thread']","['Check new button', 'place button where you want it']",place button where you want it,1,0, A
3,53.84615384615385,"['Drive to fabric store', 'Select thread', 'place button where you want it']","['Choose thread to sew button on with.', 'Sew needle through other holes in an X formation']",Sew needle through other holes in an X formation,1,0, A
4,84.61538461538461,"['Drive to fabric store', 'Select thread', 'place button where you want it', 'Sew needle through other holes in an X formation']","['cut thread', 'get thread, needle, button to be sewn']",cut thread,0,0, A
5,88.46153846153845,"['Drive to fabric store', 'Select thread', 'place button where you want it', 'Sew needle through other holes in an X formation', 'cut thread']","['Grab button', 'Clean up.']",Clean up.,1,0, A
0,0.0,[],"['insert needle through cloth', 'Take out sewing kit']",Take out sewing kit,1,0, A
1,34.61538461538461,['Take out sewing kit'],"['Insert thread in needle', 'Continue until button is secure']",Insert thread in needle,0,0, A
2,46.15384615384615,"['Take out sewing kit', 'Insert thread in needle']","[""Pull a thread of a matching color through the needle's eye"", 'Put thread through buttonhole']",Put thread through buttonhole,1,0, A
3,76.92307692307693,"['Take out sewing kit', 'Insert thread in needle', 'Put thread through buttonhole']","['repeat 6 more times', 'Thread a needle']",repeat 6 more times,0,0, A
4,80.76923076923077,"['Take out sewing kit', 'Insert thread in needle', 'Put thread through buttonhole', 'repeat 6 more times']","['Line the button up in the place where the old one would have been', 'Tie of thread on inside']",Tie of thread on inside,1,0, A
5,88.46153846153845,"['Take out sewing kit', 'Insert thread in needle', 'Put thread through buttonhole', 'repeat 6 more times', 'Tie of thread on inside']","['Clean up.', 'Get needle.']",Clean up.,0,0, A
0,0.0,[],"['Drive to fabric store', 'Pass needle through shirt and button holes']",Drive to fabric store,0,0, A
1,19.230769230769237,['Drive to fabric store'],"['Cross over to perpendicular hole, push needle back through', 'Get thread.']",Get thread.,1,0, A
2,34.61538461538461,"['Drive to fabric store', 'Get thread.']","['Tie the end of the string so it will not unravel', 'Thread the needle']",Thread the needle,1,0, A
3,88.46153846153845,"['Drive to fabric store', 'Get thread.', 'Thread the needle']","['Get button', 'Put away thread and needle']",Put away thread and needle,1,0, A
0,0.0,[],"['Drive to fabric store', 'Thread needle']",Drive to fabric store,0,0, A
1,19.230769230769237,['Drive to fabric store'],"['Choose thread to sew button on with.', 'Sew through holes or shank in button.']",Choose thread to sew button on with.,0,0, A
2,34.61538461538461,"['Drive to fabric store', 'Choose thread to sew button on with.']","['Drive to fabric store', 'Thread the needle']",Thread the needle,1,0, A
3,50.0,"['Drive to fabric store', 'Choose thread to sew button on with.', 'Thread the needle']","['Grab a needle and thread', 'insert needle through cloth']",insert needle through cloth,1,0, A
4,65.38461538461539,"['Drive to fabric store', 'Choose thread to sew button on with.', 'Thread the needle', 'insert needle through cloth']","['find the needle', 'Slide button onto needle and thread.']",Slide button onto needle and thread.,1,0, A
5,76.92307692307693,"['Drive to fabric store', 'Choose thread to sew button on with.', 'Thread the needle', 'insert needle through cloth', 'Slide button onto needle and thread.']","['get thread and needle', 'Keep threading until the button is firmly attached']",Keep threading until the button is firmly attached,1,0, A
0,0.0,[],"['Get button, thread, needle and scissors', 'Sew through holes or shank in button.']","Get button, thread, needle and scissors",0,0, A
1,30.76923076923077,"['Get button, thread, needle and scissors']","['Cross over to perpendicular hole, push needle back through', 'Place the button in the right spot']",Place the button in the right spot,1,0, A
2,42.30769230769231,"['Get button, thread, needle and scissors', 'Place the button in the right spot']","['measure and cut length of thread', 'Get thread.']",measure and cut length of thread,0,0, A
3,46.15384615384615,"['Get button, thread, needle and scissors', 'Place the button in the right spot', 'measure and cut length of thread']","['Find thread color to match button or item requiring the button', 'Pass thread through button holes.']",Pass thread through button holes.,1,0, A
4,88.46153846153845,"['Get button, thread, needle and scissors', 'Place the button in the right spot', 'measure and cut length of thread', 'Pass thread through button holes.']","['Push needle through back of clothes and through hole of button', 'put the supplies away']",put the supplies away,1,0, A
0,0.0,[],"['Drive to fabric store', 'cut the thread when finished']",Drive to fabric store,0,0, A
1,19.230769230769237,['Drive to fabric store'],"['Get thread', 'sew button into fabric making sure stitches are secure']",Get thread,0,0, A
2,26.923076923076923,"['Drive to fabric store', 'Get thread']","['Push needle through hole', 'Get a shirt.']",Get a shirt.,1,0, A
3,34.61538461538461,"['Drive to fabric store', 'Get thread', 'Get a shirt.']","['Thread needle', 'cut the thread when finished']",Thread needle,0,0, A
4,46.15384615384615,"['Drive to fabric store', 'Get thread', 'Get a shirt.', 'Thread needle']","['Hold button in place', 'Stitch the button on']",Stitch the button on,1,0, A
5,53.84615384615385,"['Drive to fabric store', 'Get thread', 'Get a shirt.', 'Thread needle', 'Stitch the button on']","['Crisscross on the button', 'Clean up.']",Crisscross on the button,0,0, A
6,57.692307692307686,"['Drive to fabric store', 'Get thread', 'Get a shirt.', 'Thread needle', 'Stitch the button on', 'Crisscross on the button']","['Get a sewing needle.', ""pass needle and thread back through another of the button's needle holes""]",pass needle and thread back through another of the button's needle holes,1,0, A
7,76.92307692307693,"['Drive to fabric store', 'Get thread', 'Get a shirt.', 'Thread needle', 'Stitch the button on', 'Crisscross on the button', ""pass needle and thread back through another of the button's needle holes""]","['Repeat 4 or 5 times', 'thread the needle']",Repeat 4 or 5 times,0,0, A
8,80.76923076923077,"['Drive to fabric store', 'Get thread', 'Get a shirt.', 'Thread needle', 'Stitch the button on', 'Crisscross on the button', ""pass needle and thread back through another of the button's needle holes"", 'Repeat 4 or 5 times']","['Tie the thread in a knot to secure it', 'Insert needle through first side of button (step 3)']",Tie the thread in a knot to secure it,0,0, A
0,0.0,[],"['Drive to fabric store', 'put needle and thread away']",Drive to fabric store,0,0, A
1,19.230769230769237,['Drive to fabric store'],"['Put the needle and thread away', ""Pull a thread of a matching color through the needle's eye""]",Pull a thread of a matching color through the needle's eye,1,0, A
2,30.76923076923077,"['Drive to fabric store', ""Pull a thread of a matching color through the needle's eye""]","['stitching the button on', 'put button where other button was located']",put button where other button was located,1,0, A
3,46.15384615384615,"['Drive to fabric store', ""Pull a thread of a matching color through the needle's eye"", 'put button where other button was located']","['sew the button on the garment', 'Select thread of correct color']",sew the button on the garment,0,0, A
4,88.46153846153845,"['Drive to fabric store', ""Pull a thread of a matching color through the needle's eye"", 'put button where other button was located', 'sew the button on the garment']","['Find button replacement', 'put items away when done']",put items away when done,1,0, A
0,0.0,[],"['Drive to fabric store', 'Tie the thread in a knot to secure it']",Drive to fabric store,0,0, A
1,19.230769230769237,['Drive to fabric store'],"['Purchase thread', 'Pull thread through and secure button']",Purchase thread,0,0, A
2,23.07692307692308,"['Drive to fabric store', 'Purchase thread']","['Acquire new button', 'Tie another knot at the end of the thread.']",Acquire new button,0,0, A
3,50.0,"['Drive to fabric store', 'Purchase thread', 'Acquire new button']","['Push needle through the button hole into the fabric', 'Pick thread to use']",Push needle through the button hole into the fabric,0,0, A
4,61.53846153846154,"['Drive to fabric store', 'Purchase thread', 'Acquire new button', 'Push needle through the button hole into the fabric']","['Starting from the bottom, poke needle through hole in button', 'Check if the button is tight']","Starting from the bottom, poke needle through hole in button",0,0, A
5,65.38461538461539,"['Drive to fabric store', 'Purchase thread', 'Acquire new button', 'Push needle through the button hole into the fabric', 'Starting from the bottom, poke needle through hole in button']","['pull needle through to knot', 'Get needle']",pull needle through to knot,0,0, A
6,69.23076923076923,"['Drive to fabric store', 'Purchase thread', 'Acquire new button', 'Push needle through the button hole into the fabric', 'Starting from the bottom, poke needle through hole in button', 'pull needle through to knot']","['get sewing kit', 'put needle into adjoining hole']",put needle into adjoining hole,1,0, A
0,0.0,[],"['Drive to fabric store', 'Thread the needle']",Drive to fabric store,0,0, A
1,19.230769230769237,['Drive to fabric store'],"['make sure button is secure', 'Choose thread to sew button on with.']",Choose thread to sew button on with.,1,0, A
2,30.76923076923077,"['Drive to fabric store', 'Choose thread to sew button on with.']","['Put button in proper place', ""Make sure it's secure""]",Put button in proper place,0,0, A
3,50.0,"['Drive to fabric store', 'Choose thread to sew button on with.', 'Put button in proper place']","['Cut loose ends.', 'Insert the needle from the bottom where the button is to be sewn']",Insert the needle from the bottom where the button is to be sewn,1,0, A
4,65.38461538461539,"['Drive to fabric store', 'Choose thread to sew button on with.', 'Put button in proper place', 'Insert the needle from the bottom where the button is to be sewn']","['Thread needle', 'pull needle through to knot']",pull needle through to knot,1,0, A
5,76.92307692307693,"['Drive to fabric store', 'Choose thread to sew button on with.', 'Put button in proper place', 'Insert the needle from the bottom where the button is to be sewn', 'pull needle through to knot']","['Find a thread', 'Repeat step 8 until button is sewn on']",Repeat step 8 until button is sewn on,1,0, A
6,84.61538461538461,"['Drive to fabric store', 'Choose thread to sew button on with.', 'Put button in proper place', 'Insert the needle from the bottom where the button is to be sewn', 'pull needle through to knot', 'Repeat step 8 until button is sewn on']","['cut loose thread', 'Thread needle.']",cut loose thread,0,0, A
0,0.0,[],"['thread the needle', 'Drive to fabric store']",Drive to fabric store,1,0, A
1,19.230769230769237,['Drive to fabric store'],"['Get some thread', 'Put the needle and thread away']",Get some thread,0,0, A
2,30.76923076923077,"['Drive to fabric store', 'Get some thread']","['Put button on shirt.', 'Tie off thread']",Put button on shirt.,0,0, A
3,46.15384615384615,"['Drive to fabric store', 'Get some thread', 'Put button on shirt.']","['Put thread through button', 'find button']",Put thread through button,0,0, A
4,88.46153846153845,"['Drive to fabric store', 'Get some thread', 'Put button on shirt.', 'Put thread through button']","['Select needle', 'put back all the materials']",put back all the materials,1,0, A
5,92.3076923076923,"['Drive to fabric store', 'Get some thread', 'Put button on shirt.', 'Put thread through button', 'put back all the materials']","['Check the button', 'Get sewing kit']",Check the button,0,0, A
0,0.0,[],"['Insert the thread through the button', 'Drive to fabric store']",Drive to fabric store,1,0, A
1,19.230769230769237,['Drive to fabric store'],"['Get thread', 'Cut the thread near the needle to finish']",Get thread,0,0, A
2,23.07692307692308,"['Drive to fabric store', 'Get thread']","['Tie another knot at the end of the thread.', 'Find button that matches others.']",Find button that matches others.,1,0, A
3,34.61538461538461,"['Drive to fabric store', 'Get thread', 'Find button that matches others.']","['Thread needle', 'Tie off the end of the thread']",Thread needle,0,0, A
4,50.0,"['Drive to fabric store', 'Get thread', 'Find button that matches others.', 'Thread needle']","['pull through on the other side', ""Pull a thread of a matching color through the needle's eye""]",pull through on the other side,0,0, A
5,65.38461538461539,"['Drive to fabric store', 'Get thread', 'Find button that matches others.', 'Thread needle', 'pull through on the other side']","['Get the garment', 'Push needle through other hole of button and through clothes']",Push needle through other hole of button and through clothes,1,0, A
6,69.23076923076923,"['Drive to fabric store', 'Get thread', 'Find button that matches others.', 'Thread needle', 'pull through on the other side', 'Push needle through other hole of button and through clothes']","['Get back the needle through the third button hole', 'Get needle.']",Get back the needle through the third button hole,0,0, A
0,0.0,[],"['Get out sewing kit.', 'Cut excess thread']",Get out sewing kit.,0,0, A
1,7.6923076923076925,['Get out sewing kit.'],"['Repeat 5 times with other two button holes', 'Find needle and thread']",Find needle and thread,1,0, A
2,30.76923076923077,"['Get out sewing kit.', 'Find needle and thread']","['Poke needle through opposite hole', 'Place button where you want it to go']",Place button where you want it to go,1,0, A
3,50.0,"['Get out sewing kit.', 'Find needle and thread', 'Place button where you want it to go']","['Get thread and needle', 'push the needle through the fabric']",push the needle through the fabric,1,0, A
4,53.84615384615385,"['Get out sewing kit.', 'Find needle and thread', 'Place button where you want it to go', 'push the needle through the fabric']","['Use the needle to guide the thread', 'get needle']",Use the needle to guide the thread,0,0, A
5,61.53846153846154,"['Get out sewing kit.', 'Find needle and thread', 'Place button where you want it to go', 'push the needle through the fabric', 'Use the needle to guide the thread']","['Pull thread through', 'Get a needle']",Pull thread through,0,0, A
6,65.38461538461539,"['Get out sewing kit.', 'Find needle and thread', 'Place button where you want it to go', 'push the needle through the fabric', 'Use the needle to guide the thread', 'Pull thread through']","['Pull needle out other side.', 'Get a button.']",Pull needle out other side.,0,0, A
7,76.92307692307693,"['Get out sewing kit.', 'Find needle and thread', 'Place button where you want it to go', 'push the needle through the fabric', 'Use the needle to guide the thread', 'Pull thread through', 'Pull needle out other side.']","['Choose a button.', 'Continue to loop the needle and thread through the button holes.']",Continue to loop the needle and thread through the button holes.,1,0, A
0,0.0,[],"['Get sewing kit', 'tie a knot in thread']",Get sewing kit,0,0, A
1,19.230769230769237,['Get sewing kit'],"['Purchase thread', 'Repeat until button is secure']",Purchase thread,0,0, A
2,30.76923076923077,"['Get sewing kit', 'Purchase thread']","['Place button on shirt', 'Put needle and thread back in drawer']",Place button on shirt,0,0, A
3,61.53846153846154,"['Get sewing kit', 'Purchase thread', 'Place button on shirt']","['Take out the needle', 'Pass the needle through one of the button holes']",Pass the needle through one of the button holes,1,0, A
4,76.92307692307693,"['Get sewing kit', 'Purchase thread', 'Place button on shirt', 'Pass the needle through one of the button holes']","['getting out needle', 'Repeat several times until button is secure']",Repeat several times until button is secure,1,0, A
5,80.76923076923077,"['Get sewing kit', 'Purchase thread', 'Place button on shirt', 'Pass the needle through one of the button holes', 'Repeat several times until button is secure']","['Tie off your thread.', 'Find sewing kit.']",Tie off your thread.,0,0, A
0,0.0,[],"['Drive to fabric store', 'tie off thread']",Drive to fabric store,0,0, A
1,19.230769230769237,['Drive to fabric store'],"['Put all the items away', 'Take out right colored thread.']",Take out right colored thread.,1,0, A
2,26.923076923076923,"['Drive to fabric store', 'Take out right colored thread.']","['Put supplies away', 'Pick up shirt missing button.']",Pick up shirt missing button.,1,0, A
3,46.15384615384615,"['Drive to fabric store', 'Take out right colored thread.', 'Pick up shirt missing button.']","['moving the needle in and out of the button holes', 'Get the sewing kit.']",moving the needle in and out of the button holes,0,0, A
4,80.76923076923077,"['Drive to fabric store', 'Take out right colored thread.', 'Pick up shirt missing button.', 'moving the needle in and out of the button holes']","['taking the right button out', 'Tie the end with a knot.']",Tie the end with a knot.,1,0, A
5,88.46153846153845,"['Drive to fabric store', 'Take out right colored thread.', 'Pick up shirt missing button.', 'moving the needle in and out of the button holes', 'Tie the end with a knot.']","['Clean up.', 'Push the needle through the fabric']",Clean up.,0,0, A
0,0.0,[],"['Sew through holes or shank in button.', 'Get scissors, needle, button and thread']","Get scissors, needle, button and thread",1,0, A
1,26.923076923076923,"['Get scissors, needle, button and thread']","['Push through other holes', 'Find shirt']",Find shirt,1,0, A
2,50.0,"['Get scissors, needle, button and thread', 'Find shirt']","['Get a needle and thread.', 'pull through on the other side']",pull through on the other side,1,0, A
3,65.38461538461539,"['Get scissors, needle, button and thread', 'Find shirt', 'pull through on the other side']","['Thread needle.', 'Pull needle out other side.']",Pull needle out other side.,1,0, A
4,69.23076923076923,"['Get scissors, needle, button and thread', 'Find shirt', 'pull through on the other side', 'Pull needle out other side.']","['MAKE SURE BUTTON IS SECURE', 'Push needle under material to next hole']",Push needle under material to next hole,1,0, A
5,73.07692307692307,"['Get scissors, needle, button and thread', 'Find shirt', 'pull through on the other side', 'Pull needle out other side.', 'Push needle under material to next hole']","['Take shirt', 'Push needle down through other button on hole']",Push needle down through other button on hole,1,0, A
6,80.76923076923077,"['Get scissors, needle, button and thread', 'Find shirt', 'pull through on the other side', 'Pull needle out other side.', 'Push needle under material to next hole', 'Push needle down through other button on hole']","['Find a button', 'Tie the end with a knot.']",Tie the end with a knot.,1,0, A
0,0.0,[],"['Get supplies - shirt, new button, thread, needle', 'Tie the end with a knot.']","Get supplies - shirt, new button, thread, needle",0,0, A
1,26.923076923076923,"['Get supplies - shirt, new button, thread, needle']","['Lay down garment', 'Sew button through third hole']",Lay down garment,0,0, A
2,30.76923076923077,"['Get supplies - shirt, new button, thread, needle', 'Lay down garment']","['Pull through other side.', 'Put button on shirt.']",Put button on shirt.,1,0, A
3,42.30769230769231,"['Get supplies - shirt, new button, thread, needle', 'Lay down garment', 'Put button on shirt.']","['Cut about 16 inches worth of thread.', 'cut thread']",Cut about 16 inches worth of thread.,0,0, A
4,61.53846153846154,"['Get supplies - shirt, new button, thread, needle', 'Lay down garment', 'Put button on shirt.', 'Cut about 16 inches worth of thread.']","['Sew button onto fabric through the first hole', 'put back all the materials']",Sew button onto fabric through the first hole,0,0, A
5,65.38461538461539,"['Get supplies - shirt, new button, thread, needle', 'Lay down garment', 'Put button on shirt.', 'Cut about 16 inches worth of thread.', 'Sew button onto fabric through the first hole']","['pull needle through to knot', 'get sewing kit']",pull needle through to knot,0,0, A
6,69.23076923076923,"['Get supplies - shirt, new button, thread, needle', 'Lay down garment', 'Put button on shirt.', 'Cut about 16 inches worth of thread.', 'Sew button onto fabric through the first hole', 'pull needle through to knot']","['slide thread through hole', 'Sew through the diagonal hole of the button and the garment.']",Sew through the diagonal hole of the button and the garment.,1,0, A
0,0.0,[],"['Get out sewing kit.', 'Tie off knot with thread.']",Get out sewing kit.,0,0, A
1,19.230769230769237,['Get out sewing kit.'],"['Put the needle and thread away', 'Find thread that matches button color.']",Find thread that matches button color.,1,0, A
2,26.923076923076923,"['Get out sewing kit.', 'Find thread that matches button color.']","['gather garment for buttoning', 'Cut the thread near the needle to finish']",gather garment for buttoning,0,0, A
3,50.0,"['Get out sewing kit.', 'Find thread that matches button color.', 'gather garment for buttoning']","['Push the needle through the fabric', 'Find a needle']",Push the needle through the fabric,0,0, A
4,80.76923076923077,"['Get out sewing kit.', 'Find thread that matches button color.', 'gather garment for buttoning', 'Push the needle through the fabric']","['Tie the thread round in between the garment and button', 'Find thread that matches']",Tie the thread round in between the garment and button,0,0, A
5,84.61538461538461,"['Get out sewing kit.', 'Find thread that matches button color.', 'gather garment for buttoning', 'Push the needle through the fabric', 'Tie the thread round in between the garment and button']","['find the needle', 'cut thread from button']",cut thread from button,1,0, A
0,0.0,[],"['Sew the button onto the garment by passing the needle through all 4 button holes.', 'get sewing kit']",get sewing kit,1,0, A
1,34.61538461538461,['get sewing kit'],"['thread needle', 'Keep threading until the button is firmly attached']",thread needle,0,0, A
2,42.30769230769231,"['get sewing kit', 'thread needle']","['Cut thread string to how much is needed', 'Sew button through fourth and final hole']",Cut thread string to how much is needed,0,0, A
3,61.53846153846154,"['get sewing kit', 'thread needle', 'Cut thread string to how much is needed']","['locate needle and thread', 'Insert needle through one side of button']",Insert needle through one side of button,1,0, A
4,65.38461538461539,"['get sewing kit', 'thread needle', 'Cut thread string to how much is needed', 'Insert needle through one side of button']","['taking the right button out', 'Then push needle through material']",Then push needle through material,1,0, A
5,69.23076923076923,"['get sewing kit', 'thread needle', 'Cut thread string to how much is needed', 'Insert needle through one side of button', 'Then push needle through material']","['Align button', 'Put needle in other button hole.']",Put needle in other button hole.,1,0, A
6,73.07692307692307,"['get sewing kit', 'thread needle', 'Cut thread string to how much is needed', 'Insert needle through one side of button', 'Then push needle through material', 'Put needle in other button hole.']","['push needle to back of the item', 'Sew the button onto the garment by passing the needle through all 4 button holes.']",push needle to back of the item,0,0, A
7,84.61538461538461,"['get sewing kit', 'thread needle', 'Cut thread string to how much is needed', 'Insert needle through one side of button', 'Then push needle through material', 'Put needle in other button hole.', 'push needle to back of the item']","['cut the thread when finished', 'Thread needle']",cut the thread when finished,0,0, A
8,88.46153846153845,"['get sewing kit', 'thread needle', 'Cut thread string to how much is needed', 'Insert needle through one side of button', 'Then push needle through material', 'Put needle in other button hole.', 'push needle to back of the item', 'cut the thread when finished']","['With other hand, push needle through button hole', 'Put supplies away']",Put supplies away,1,0, A
9,92.3076923076923,"['get sewing kit', 'thread needle', 'Cut thread string to how much is needed', 'Insert needle through one side of button', 'Then push needle through material', 'Put needle in other button hole.', 'push needle to back of the item', 'cut the thread when finished', 'Put supplies away']","['Holding button at appropriate location, press needle through first hole on button.', 'Check new button']",Check new button,1,0, A
0,0.0,[],"['Place button where it belongs on garment', 'Get sewing basket']",Get sewing basket,1,0, A
1,23.07692307692308,['Get sewing basket'],"['Cut off the extra thread', 'Find a button']",Find a button,1,0, A
2,61.53846153846154,"['Get sewing basket', 'Find a button']","['Starting from the bottom, poke needle through hole in button', 'Find shirt']","Starting from the bottom, poke needle through hole in button",0,0, A
3,76.92307692307693,"['Get sewing basket', 'Find a button', 'Starting from the bottom, poke needle through hole in button']","['Tie knot in thread.', 'Repeat several times until button is attached solidly to the fabric.']",Repeat several times until button is attached solidly to the fabric.,1,0, A
4,80.76923076923077,"['Get sewing basket', 'Find a button', 'Starting from the bottom, poke needle through hole in button', 'Repeat several times until button is attached solidly to the fabric.']","['Tie end in a knot', 'find the button']",Tie end in a knot,0,0, A
5,88.46153846153845,"['Get sewing basket', 'Find a button', 'Starting from the bottom, poke needle through hole in button', 'Repeat several times until button is attached solidly to the fabric.', 'Tie end in a knot']","['find needle and thread', 'PUT NEEDLE AND THREAD AWAY']",PUT NEEDLE AND THREAD AWAY,1,0, A
0,0.0,[],"['Insert needle through other side of button on back side', 'Get out sewing kit.']",Get out sewing kit.,1,0, A
1,11.538461538461538,['Get out sewing kit.'],"['Sew needle through other holes in an X formation', 'getting out needle']",getting out needle,1,0, A
2,23.07692307692308,"['Get out sewing kit.', 'getting out needle']","['Tie the thread in a knot to secure it', 'Get proper button']",Get proper button,1,0, A
3,26.923076923076923,"['Get out sewing kit.', 'getting out needle', 'Get proper button']","['Repeat several times until button is secure', 'Get a piece of clothing.']",Get a piece of clothing.,1,0, A
4,50.0,"['Get out sewing kit.', 'getting out needle', 'Get proper button', 'Get a piece of clothing.']","['get needle', 'Poke a hole in the fabric']",Poke a hole in the fabric,1,0, A
5,80.76923076923077,"['Get out sewing kit.', 'getting out needle', 'Get proper button', 'Get a piece of clothing.', 'Poke a hole in the fabric']","['Thread the needle', 'Make knot between thread and clothing.']",Make knot between thread and clothing.,1,0, A
6,84.61538461538461,"['Get out sewing kit.', 'getting out needle', 'Get proper button', 'Get a piece of clothing.', 'Poke a hole in the fabric', 'Make knot between thread and clothing.']","['Snip excess thread off', 'Stick the needle through']",Snip excess thread off,0,0, A
7,88.46153846153845,"['Get out sewing kit.', 'getting out needle', 'Get proper button', 'Get a piece of clothing.', 'Poke a hole in the fabric', 'Make knot between thread and clothing.', 'Snip excess thread off']","['Put needle and thread back in drawer', 'take the button']",Put needle and thread back in drawer,0,0, A
0,0.0,[],"['Drive to fabric store', 'Thread needle.']",Drive to fabric store,0,0, A
1,19.230769230769237,['Drive to fabric store'],"['Select thread', 'Insert the needle back into the garment from the top of the button']",Select thread,0,0, A
2,34.61538461538461,"['Drive to fabric store', 'Select thread']","['Keep threading until the button is firmly attached', 'Thread the needle']",Thread the needle,1,0, A
3,53.84615384615385,"['Drive to fabric store', 'Select thread', 'Thread the needle']","['Crisscross on the button', 'Get item that needs button sewing on']",Crisscross on the button,0,0, A
4,76.92307692307693,"['Drive to fabric store', 'Select thread', 'Thread the needle', 'Crisscross on the button']","['Get a sewing needle.', 'Repeat until button is tight']",Repeat until button is tight,1,0, A
5,80.76923076923077,"['Drive to fabric store', 'Select thread', 'Thread the needle', 'Crisscross on the button', 'Repeat until button is tight']","[""TIE A KNOT IN THE END OF THE THREAD SO THE BUTTON DOESN'T COME OFF"", 'Get a needle and thread']",TIE A KNOT IN THE END OF THE THREAD SO THE BUTTON DOESN'T COME OFF,0,0, A
0,0.0,[],"['Thread the needle', 'Get a thimble']",Get a thimble,1,0, A
1,15.384615384615383,['Get a thimble'],"['Tie knot', 'Find matching thread']",Find matching thread,1,0, A
2,23.07692307692308,"['Get a thimble', 'Find matching thread']","['Purchase buttons', 'Move needle down to hole opposite first hole']",Purchase buttons,0,0, A
3,61.53846153846154,"['Get a thimble', 'Find matching thread', 'Purchase buttons']","['Put needle into one button hole through shirt.', 'Pick up shirt missing button.']",Put needle into one button hole through shirt.,0,0, A
4,80.76923076923077,"['Get a thimble', 'Find matching thread', 'Purchase buttons', 'Put needle into one button hole through shirt.']","['Take button and put it on shirt where you want it', 'Tie off thread']",Tie off thread,1,0, A
5,88.46153846153845,"['Get a thimble', 'Find matching thread', 'Purchase buttons', 'Put needle into one button hole through shirt.', 'Tie off thread']","['Put needle away', 'Get garment which you would like to sew button on to.']",Put needle away,0,0, A
0,0.0,[],"['Get the sewing kit.', 'Tie the thread round in between the garment and button']",Get the sewing kit.,0,0, A
1,34.61538461538461,['Get the sewing kit.'],"['Bring the needle up through another hole on button.', 'Thread the needle']",Thread the needle,1,0, A
2,50.0,"['Get the sewing kit.', 'Thread the needle']","['Continue sewing in an X pattern until the button is secure.', 'push the needle through the fabric']",push the needle through the fabric,1,0, A
3,80.76923076923077,"['Get the sewing kit.', 'Thread the needle', 'push the needle through the fabric']","['Get out sewing kit', 'Tie off the end of the thread']",Tie off the end of the thread,1,0, A
0,0.0,[],"['Tie another knot at the end of the thread.', 'Get out sewing kit']",Get out sewing kit,1,0, A
1,19.230769230769237,['Get out sewing kit'],"['Find thread', 'Sew on']",Find thread,0,0, A
2,30.76923076923077,"['Get out sewing kit', 'Find thread']","['Put all the items away', 'Find the location where button needs to be sewn.']",Find the location where button needs to be sewn.,1,0, A
3,50.0,"['Get out sewing kit', 'Find thread', 'Find the location where button needs to be sewn.']","['put the needle into the fabric', 'Cut off excess thread']",put the needle into the fabric,0,0, A
4,76.92307692307693,"['Get out sewing kit', 'Find thread', 'Find the location where button needs to be sewn.', 'put the needle into the fabric']","['Thread needle', 'Repeat 4 or 5 times']",Repeat 4 or 5 times,1,0, A
5,84.61538461538461,"['Get out sewing kit', 'Find thread', 'Find the location where button needs to be sewn.', 'put the needle into the fabric', 'Repeat 4 or 5 times']","['Starting from the bottom, poke needle through hole in button', 'Cut the thread']",Cut the thread,1,0, A
0,0.0,[],"['Find sewing kit.', 'pull needle through to knot']",Find sewing kit.,0,0, A
1,11.538461538461538,['Find sewing kit.'],"['Get needle', 'Sew button into place']",Get needle,0,0, A
2,34.61538461538461,"['Find sewing kit.', 'Get needle']","['Tie the end of the string', 'Place the thread through the needle']",Place the thread through the needle,1,0, A
3,88.46153846153845,"['Find sewing kit.', 'Get needle', 'Place the thread through the needle']","['Clean up.', 'tie a knot in thread']",Clean up.,0,0, A
4,92.3076923076923,"['Find sewing kit.', 'Get needle', 'Place the thread through the needle', 'Clean up.']","['MAKE SURE BUTTON IS SECURE', 'Push needle through first hole']",MAKE SURE BUTTON IS SECURE,0,0, A
0,0.0,[],"['Place needle through clothing.', 'Get button, thread, needle and scissors']","Get button, thread, needle and scissors",1,0, A
1,7.6923076923076925,"['Get button, thread, needle and scissors']","['Tie knot.', 'Grab a needle and thread']",Grab a needle and thread,1,0, A
2,26.923076923076923,"['Get button, thread, needle and scissors', 'Grab a needle and thread']","['tie a knot at the end of the string', 'Hold shirt with non-dominant hand']",Hold shirt with non-dominant hand,1,0, A
3,30.76923076923077,"['Get button, thread, needle and scissors', 'Grab a needle and thread', 'Hold shirt with non-dominant hand']","['Find sewing kit', 'attach button to shirt']",attach button to shirt,1,0, A
4,50.0,"['Get button, thread, needle and scissors', 'Grab a needle and thread', 'Hold shirt with non-dominant hand', 'attach button to shirt']","['push the needle through the fabric', 'Push needle down through other button on hole']",push the needle through the fabric,0,0, A
5,53.84615384615385,"['Get button, thread, needle and scissors', 'Grab a needle and thread', 'Hold shirt with non-dominant hand', 'attach button to shirt', 'push the needle through the fabric']","['pull the needle through', 'find shirt with missing button']",pull the needle through,0,0, A
6,76.92307692307693,"['Get button, thread, needle and scissors', 'Grab a needle and thread', 'Hold shirt with non-dominant hand', 'attach button to shirt', 'push the needle through the fabric', 'pull the needle through']","['Grab thread and needle', 'Repeat until button is tight']",Repeat until button is tight,1,0, A
7,84.61538461538461,"['Get button, thread, needle and scissors', 'Grab a needle and thread', 'Hold shirt with non-dominant hand', 'attach button to shirt', 'push the needle through the fabric', 'pull the needle through', 'Repeat until button is tight']","['Select thread of correct color', 'cut the thread when finished']",cut the thread when finished,1,0, A
8,88.46153846153845,"['Get button, thread, needle and scissors', 'Grab a needle and thread', 'Hold shirt with non-dominant hand', 'attach button to shirt', 'push the needle through the fabric', 'pull the needle through', 'Repeat until button is tight', 'cut the thread when finished']","['Thread needle', 'Put needle away']",Put needle away,1,0, A
0,0.0,[],"['Repeat 5 times with other two button holes', 'Get out sewing kit.']",Get out sewing kit.,1,0, A
1,23.07692307692308,['Get out sewing kit.'],"['Find a button', 'cut thread']",Find a button,0,0, A
2,50.0,"['Get out sewing kit.', 'Find a button']","['push the needle through the fabric', 'Cut the excess thread']",push the needle through the fabric,0,0, A
3,80.76923076923077,"['Get out sewing kit.', 'Find a button', 'push the needle through the fabric']","['Knot thread', ""Insert the thread into the eye of the needle and tie a knot so it's attached.""]",Knot thread,0,0, A
4,88.46153846153845,"['Get out sewing kit.', 'Find a button', 'push the needle through the fabric', 'Knot thread']","['Take a button', 'Put all the items away']",Put all the items away,1,0, A
5,92.3076923076923,"['Get out sewing kit.', 'Find a button', 'push the needle through the fabric', 'Knot thread', 'Put all the items away']","['Thread the opposite diagonal hole with the needle and tighten the string', 'Check the button']",Check the button,1,0, A
0,0.0,[],"['Cut off end from needle', 'Drive to fabric store']",Drive to fabric store,1,0, A
1,19.230769230769237,['Drive to fabric store'],"[""Pull a thread of a matching color through the needle's eye"", 'Continue until the button is on tight']",Pull a thread of a matching color through the needle's eye,0,0, A
2,26.923076923076923,"['Drive to fabric store', ""Pull a thread of a matching color through the needle's eye""]","['Tie the end of the string', 'Take the cloth to be sewed']",Take the cloth to be sewed,1,0, A
3,46.15384615384615,"['Drive to fabric store', ""Pull a thread of a matching color through the needle's eye"", 'Take the cloth to be sewed']","['Start to sew on button', 'Find a button']",Start to sew on button,0,0, A
4,53.84615384615385,"['Drive to fabric store', ""Pull a thread of a matching color through the needle's eye"", 'Take the cloth to be sewed', 'Start to sew on button']","['gather needle and thread', 'Return the needle through the fabric and through a different button hole']",Return the needle through the fabric and through a different button hole,1,0, A
5,57.692307692307686,"['Drive to fabric store', ""Pull a thread of a matching color through the needle's eye"", 'Take the cloth to be sewed', 'Start to sew on button', 'Return the needle through the fabric and through a different button hole']","[""pass needle and thread back through another of the button's needle holes"", 'pull the thread through the eye of needle']",pass needle and thread back through another of the button's needle holes,0,0, A
0,0.0,[],"['Get sewing kit', 'Put needle into one button hole through shirt.']",Get sewing kit,0,0, A
1,7.6923076923076925,['Get sewing kit'],"['Pass the needle through the second button hole', 'take the needle and matching thread']",take the needle and matching thread,1,0, A
2,11.538461538461538,"['Get sewing kit', 'take the needle and matching thread']","['Find needle', 'Thread the opposite diagonal hole with the needle and tighten the string']",Find needle,0,0, A
3,30.76923076923077,"['Get sewing kit', 'take the needle and matching thread', 'Find needle']","['Then push needle through material', 'Place button where it belongs on garment']",Place button where it belongs on garment,1,0, A
4,61.53846153846154,"['Get sewing kit', 'take the needle and matching thread', 'Find needle', 'Place button where it belongs on garment']","['Push needle through first hole', 'get some thread']",Push needle through first hole,0,0, A
5,80.76923076923077,"['Get sewing kit', 'take the needle and matching thread', 'Find needle', 'Place button where it belongs on garment', 'Push needle through first hole']","[""TIE A KNOT IN THE END OF THE THREAD SO THE BUTTON DOESN'T COME OFF"", 'Get button, thread, needle and scissors']",TIE A KNOT IN THE END OF THE THREAD SO THE BUTTON DOESN'T COME OFF,0,0, A
6,88.46153846153845,"['Get sewing kit', 'take the needle and matching thread', 'Find needle', 'Place button where it belongs on garment', 'Push needle through first hole', ""TIE A KNOT IN THE END OF THE THREAD SO THE BUTTON DOESN'T COME OFF""]","['PUT NEEDLE AND THREAD AWAY', 'Find matching thread']",PUT NEEDLE AND THREAD AWAY,0,0, A
7,92.3076923076923,"['Get sewing kit', 'take the needle and matching thread', 'Find needle', 'Place button where it belongs on garment', 'Push needle through first hole', ""TIE A KNOT IN THE END OF THE THREAD SO THE BUTTON DOESN'T COME OFF"", 'PUT NEEDLE AND THREAD AWAY']","['Check if the button is tight', 'pull needle through to knot']",Check if the button is tight,0,0, A
0,0.0,[],"['Get supplies - shirt, new button, thread, needle', 'when done tie the end properly']","Get supplies - shirt, new button, thread, needle",0,0, A
1,7.6923076923076925,"['Get supplies - shirt, new button, thread, needle']","['Push needle through button hole', 'Get thread and needle']",Get thread and needle,1,0, A
2,11.538461538461538,"['Get supplies - shirt, new button, thread, needle', 'Get thread and needle']","['Get a needle', 'Get back the needle through the fourth button hole']",Get a needle,0,0, A
3,23.07692307692308,"['Get supplies - shirt, new button, thread, needle', 'Get thread and needle', 'Get a needle']","['cut thread so that need will detach', 'Find a spare button that matches the other buttons']",Find a spare button that matches the other buttons,1,0, A
4,26.923076923076923,"['Get supplies - shirt, new button, thread, needle', 'Get thread and needle', 'Get a needle', 'Find a spare button that matches the other buttons']","['Cut excess thread', 'Get the garment']",Get the garment,1,0, A
5,34.61538461538461,"['Get supplies - shirt, new button, thread, needle', 'Get thread and needle', 'Get a needle', 'Find a spare button that matches the other buttons', 'Get the garment']","['Thread needle', 'tie knot on thread']",Thread needle,0,0, A
6,61.53846153846154,"['Get supplies - shirt, new button, thread, needle', 'Get thread and needle', 'Get a needle', 'Find a spare button that matches the other buttons', 'Get the garment', 'Thread needle']","['put sewing kit away', 'Push needle through hole']",Push needle through hole,1,0, A
7,65.38461538461539,"['Get supplies - shirt, new button, thread, needle', 'Get thread and needle', 'Get a needle', 'Find a spare button that matches the other buttons', 'Get the garment', 'Thread needle', 'Push needle through hole']","['Thread needle with matching thread', 'Slide button onto needle and thread.']",Slide button onto needle and thread.,1,0, A
8,76.92307692307693,"['Get supplies - shirt, new button, thread, needle', 'Get thread and needle', 'Get a needle', 'Find a spare button that matches the other buttons', 'Get the garment', 'Thread needle', 'Push needle through hole', 'Slide button onto needle and thread.']","['Thread needle with some thread.', 'stitching the button on']",stitching the button on,1,0, A
0,0.0,[],"['Cut off remaining thread', 'Drive to fabric store']",Drive to fabric store,1,0, A
1,19.230769230769237,['Drive to fabric store'],"['get thread', 'Tie the thread at the bottom of the button']",get thread,0,0, A
2,30.76923076923077,"['Drive to fabric store', 'get thread']","['repeat 6 more times', 'Place button on shirt']",Place button on shirt,1,0, A
3,53.84615384615385,"['Drive to fabric store', 'get thread', 'Place button on shirt']","['Select thread of correct color', 'Pull it back out the other hole']",Pull it back out the other hole,1,0, A
0,0.0,[],"['Get out sewing kit.', 'Sew button.']",Get out sewing kit.,0,0, A
1,11.538461538461538,['Get out sewing kit.'],"['Get a needle', 'take needle bring up through the back of the item']",Get a needle,0,0, A
2,30.76923076923077,"['Get out sewing kit.', 'Get a needle']","['Push through other holes', 'place button where you want it']",place button where you want it,1,0, A
3,46.15384615384615,"['Get out sewing kit.', 'Get a needle', 'place button where you want it']","['Get scissors, needle, button and thread', 'Using threaded needle, sew button on to garment.']","Using threaded needle, sew button on to garment.",1,0, A
4,80.76923076923077,"['Get out sewing kit.', 'Get a needle', 'place button where you want it', 'Using threaded needle, sew button on to garment.']","['Get thread.', 'tie a knot at the end of the string']",tie a knot at the end of the string,1,0, A
5,84.61538461538461,"['Get out sewing kit.', 'Get a needle', 'place button where you want it', 'Using threaded needle, sew button on to garment.', 'tie a knot at the end of the string']","['Find a needle and thread', 'Cut off excess thread']",Cut off excess thread,1,0, A
0,0.0,[],"['Get out sewing kit.', 'knot thread']",Get out sewing kit.,0,0, A
1,11.538461538461538,['Get out sewing kit.'],"['Push needle through the button hole into the fabric', 'Get needle']",Get needle,1,0, A
2,23.07692307692308,"['Get out sewing kit.', 'Get needle']","['Find a button', 'Cut off end from needle']",Find a button,0,0, A
3,26.923076923076923,"['Get out sewing kit.', 'Get needle', 'Find a button']","['Tie the end of the string', 'Place item on flat surface']",Place item on flat surface,1,0, A
4,34.61538461538461,"['Get out sewing kit.', 'Get needle', 'Find a button', 'Place item on flat surface']","['slide thread through hole', 'get thread, needle, button to be sewn']",slide thread through hole,0,0, A
5,50.0,"['Get out sewing kit.', 'Get needle', 'Find a button', 'Place item on flat surface', 'slide thread through hole']","['take the needle and matching thread', 'Put needle and thread through shirt']",Put needle and thread through shirt,1,0, A
6,53.84615384615385,"['Get out sewing kit.', 'Get needle', 'Find a button', 'Place item on flat surface', 'slide thread through hole', 'Put needle and thread through shirt']","['Use the needle to guide the thread', 'Clean up.']",Use the needle to guide the thread,0,0, A
7,76.92307692307693,"['Get out sewing kit.', 'Get needle', 'Find a button', 'Place item on flat surface', 'slide thread through hole', 'Put needle and thread through shirt', 'Use the needle to guide the thread']","['Hold button in place on clothing.', 'Repeat steps 4 through 6 about 30 times']",Repeat steps 4 through 6 about 30 times,1,0, A
8,84.61538461538461,"['Get out sewing kit.', 'Get needle', 'Find a button', 'Place item on flat surface', 'slide thread through hole', 'Put needle and thread through shirt', 'Use the needle to guide the thread', 'Repeat steps 4 through 6 about 30 times']","['Get the item of clothing the button is to go on', 'cut remaining thread away']",cut remaining thread away,1,0, A
9,88.46153846153845,"['Get out sewing kit.', 'Get needle', 'Find a button', 'Place item on flat surface', 'slide thread through hole', 'Put needle and thread through shirt', 'Use the needle to guide the thread', 'Repeat steps 4 through 6 about 30 times', 'cut remaining thread away']","['Clean up.', 'Slide button onto needle and thread.']",Clean up.,0,0, A
0,0.0,[],"['Put thread through buttonhole', 'Get button, thread, needle and scissors']","Get button, thread, needle and scissors",1,0, A
1,7.6923076923076925,"['Get button, thread, needle and scissors']","['Repeat the inserting as above for about 10 times', 'Get needle and thread']",Get needle and thread,1,0, A
2,26.923076923076923,"['Get button, thread, needle and scissors', 'Get needle and thread']","['pull thread forward', 'Take the cloth to be sewed']",Take the cloth to be sewed,1,0, A
3,50.0,"['Get button, thread, needle and scissors', 'Get needle and thread', 'Take the cloth to be sewed']","['put the needle into the fabric', 'Find a needle']",put the needle into the fabric,0,0, A
4,76.92307692307693,"['Get button, thread, needle and scissors', 'Get needle and thread', 'Take the cloth to be sewed', 'put the needle into the fabric']","['Put button on shirt', ""Make 4 x's in button.""]",Make 4 x's in button.,1,0, A
0,0.0,[],"['Get button, thread, needle and scissors', 'Snip excess thread off']","Get button, thread, needle and scissors",0,0, A
1,26.923076923076923,"['Get button, thread, needle and scissors']","['Place item on flat surface', 'repeat until button is secure']",Place item on flat surface,0,0, A
2,30.76923076923077,"['Get button, thread, needle and scissors', 'Place item on flat surface']","['Use scissors to cut thread', 'Place button in desired position']",Place button in desired position,1,0, A
3,42.30769230769231,"['Get button, thread, needle and scissors', 'Place item on flat surface', 'Place button in desired position']","['Cut thread string to how much is needed', 'put items away when done']",Cut thread string to how much is needed,0,0, A
4,61.53846153846154,"['Get button, thread, needle and scissors', 'Place item on flat surface', 'Place button in desired position', 'Cut thread string to how much is needed']","['Holding button at appropriate location, press needle through first hole on button.', 'MAKE SURE BUTTON IS SECURE']","Holding button at appropriate location, press needle through first hole on button.",0,0, A
5,76.92307692307693,"['Get button, thread, needle and scissors', 'Place item on flat surface', 'Place button in desired position', 'Cut thread string to how much is needed', 'Holding button at appropriate location, press needle through first hole on button.']","['Continue crisscrossing thread between holes of button until button is tight.', 'Thread needle']",Continue crisscrossing thread between holes of button until button is tight.,0,0, A
0,0.0,[],"['Get the sewing kit.', 'Tie knot at end of thread.']",Get the sewing kit.,0,0, A
1,23.07692307692308,['Get the sewing kit.'],"['Find a button', 'Put needle away']",Find a button,0,0, A
2,30.76923076923077,"['Get the sewing kit.', 'Find a button']","['Place button on item', ""Make 4 x's in button.""]",Place button on item,0,0, A
3,50.0,"['Get the sewing kit.', 'Find a button', 'Place button on item']","['insert needle through cloth', 'Prepare needle and thread.']",insert needle through cloth,0,0, A
4,76.92307692307693,"['Get the sewing kit.', 'Find a button', 'Place button on item', 'insert needle through cloth']","['Repeat several times, going through a different hole each time.', 'Get the thread']","Repeat several times, going through a different hole each time.",0,0, A
5,84.61538461538461,"['Get the sewing kit.', 'Find a button', 'Place button on item', 'insert needle through cloth', 'Repeat several times, going through a different hole each time.']","['Get thread and needle', 'Ending again in the back of the garment cut off the thread.']",Ending again in the back of the garment cut off the thread.,1,0, A
6,88.46153846153845,"['Get the sewing kit.', 'Find a button', 'Place button on item', 'insert needle through cloth', 'Repeat several times, going through a different hole each time.', 'Ending again in the back of the garment cut off the thread.']","['Get a replacement button.', 'put items away when done']",put items away when done,1,0, A
0,0.0,[],"['tie a knot at the end of the string', 'Grab the fabric and button']",Grab the fabric and button,1,0, A
1,26.923076923076923,['Grab the fabric and button'],"['Place item on flat surface', 'Put all the items away']",Place item on flat surface,0,0, A
2,30.76923076923077,"['Grab the fabric and button', 'Place item on flat surface']","['Place button where desired', 'Push through other holes']",Place button where desired,0,0, A
3,46.15384615384615,"['Grab the fabric and button', 'Place item on flat surface', 'Place button where desired']","['Insert the needle with thread in button hole and shirt', 'get needle']",Insert the needle with thread in button hole and shirt,0,0, A
4,53.84615384615385,"['Grab the fabric and button', 'Place item on flat surface', 'Place button where desired', 'Insert the needle with thread in button hole and shirt']","['Return the needle through the fabric and through a different button hole', 'Get sewing basket']",Return the needle through the fabric and through a different button hole,0,0, A
0,0.0,[],"['Grab the fabric and button', 'put items away when done']",Grab the fabric and button,0,0, A
1,7.6923076923076925,['Grab the fabric and button'],"['Stick the needle through', 'Collect thread and needle.']",Collect thread and needle.,1,0, A
2,23.07692307692308,"['Grab the fabric and button', 'Collect thread and needle.']","['Find a button to sew.', 'use the string to make it stay in place']",Find a button to sew.,0,0, A
3,26.923076923076923,"['Grab the fabric and button', 'Collect thread and needle.', 'Find a button to sew.']","['Hold shirt with non-dominant hand', 'repeat the same way']",Hold shirt with non-dominant hand,0,0, A
4,30.76923076923077,"['Grab the fabric and button', 'Collect thread and needle.', 'Find a button to sew.', 'Hold shirt with non-dominant hand']","['cut the thread', 'place botton where you want it']",place botton where you want it,1,0, A
5,53.84615384615385,"['Grab the fabric and button', 'Collect thread and needle.', 'Find a button to sew.', 'Hold shirt with non-dominant hand', 'place botton where you want it']","['Take out the needle', 'Use the needle to guide the thread']",Use the needle to guide the thread,1,0, A
6,57.692307692307686,"['Grab the fabric and button', 'Collect thread and needle.', 'Find a button to sew.', 'Hold shirt with non-dominant hand', 'place botton where you want it', 'Use the needle to guide the thread']","['Stick the head through the needle eye', 'Place needle through clothing.']",Place needle through clothing.,1,0, A
7,76.92307692307693,"['Grab the fabric and button', 'Collect thread and needle.', 'Find a button to sew.', 'Hold shirt with non-dominant hand', 'place botton where you want it', 'Use the needle to guide the thread', 'Place needle through clothing.']","['thread the needle', 'Repeat 5 times with other two button holes']",Repeat 5 times with other two button holes,1,0, A
8,84.61538461538461,"['Grab the fabric and button', 'Collect thread and needle.', 'Find a button to sew.', 'Hold shirt with non-dominant hand', 'place botton where you want it', 'Use the needle to guide the thread', 'Place needle through clothing.', 'Repeat 5 times with other two button holes']","['Obtain needle and thread', 'Cut off the extra thread']",Cut off the extra thread,1,0, A
9,88.46153846153845,"['Grab the fabric and button', 'Collect thread and needle.', 'Find a button to sew.', 'Hold shirt with non-dominant hand', 'place botton where you want it', 'Use the needle to guide the thread', 'Place needle through clothing.', 'Repeat 5 times with other two button holes', 'Cut off the extra thread']","['locate needle and thread', 'put the supplies away']",put the supplies away,1,0, A
0,0.0,[],"['Put needle and thread through shirt', 'Get your sewing kit']",Get your sewing kit,1,0, A
1,19.230769230769237,['Get your sewing kit'],"['Pull thread through opposite button hole', 'Get thread']",Get thread,1,0, A
2,23.07692307692308,"['Get your sewing kit', 'Get thread']","['Find a button', 'Put the needle thorough the back of the button hole.']",Find a button,0,0, A
3,26.923076923076923,"['Get your sewing kit', 'Get thread', 'Find a button']","['Get out sewing kit.', 'Hold shirt with non-dominant hand']",Hold shirt with non-dominant hand,1,0, A
4,30.76923076923077,"['Get your sewing kit', 'Get thread', 'Find a button', 'Hold shirt with non-dominant hand']","['Position button on shirt', 'stitching the button on']",Position button on shirt,0,0, A
5,46.15384615384615,"['Get your sewing kit', 'Get thread', 'Find a button', 'Hold shirt with non-dominant hand', 'Position button on shirt']","['Take a needle', 'use the string to make it stay in place']",use the string to make it stay in place,1,0, A
6,80.76923076923077,"['Get your sewing kit', 'Get thread', 'Find a button', 'Hold shirt with non-dominant hand', 'Position button on shirt', 'use the string to make it stay in place']","['Tie the thread', 'thread a needle']",Tie the thread,0,0, A
0,0.0,[],"['Drive to fabric store', 'Sew button.']",Drive to fabric store,0,0, A
1,19.230769230769237,['Drive to fabric store'],"['get thread', 'Clean up.']",get thread,0,0, A
2,23.07692307692308,"['Drive to fabric store', 'get thread']","['Check the button', 'find the button']",find the button,1,0, A
3,34.61538461538461,"['Drive to fabric store', 'get thread', 'find the button']","['Cut the thread', 'Thread needle.']",Thread needle.,1,0, A
4,61.53846153846154,"['Drive to fabric store', 'get thread', 'find the button', 'Thread needle.']","['Place item on flat surface', 'Insert needle through one side of button']",Insert needle through one side of button,1,0, A
5,80.76923076923077,"['Drive to fabric store', 'get thread', 'find the button', 'Thread needle.', 'Insert needle through one side of button']","['Tie knot on thread.', 'Find a spare button that matches the other buttons']",Tie knot on thread.,0,0, A
6,88.46153846153845,"['Drive to fabric store', 'get thread', 'find the button', 'Thread needle.', 'Insert needle through one side of button', 'Tie knot on thread.']","['put items away when done', 'attach button to shirt']",put items away when done,0,0, A
7,92.3076923076923,"['Drive to fabric store', 'get thread', 'find the button', 'Thread needle.', 'Insert needle through one side of button', 'Tie knot on thread.', 'put items away when done']","['Find thread that matches', 'Check the button']",Check the button,1,0, A
0,0.0,[],"['Ending again in the back of the garment cut off the thread.', 'Get a thimble']",Get a thimble,1,0, A
1,26.923076923076923,['Get a thimble'],"['Hold shirt with non-dominant hand', 'Tie off the thread']",Hold shirt with non-dominant hand,0,0, A
2,30.76923076923077,"['Get a thimble', 'Hold shirt with non-dominant hand']","[""Make sure it's secure"", 'Put the button in the correct spot.']",Put the button in the correct spot.,1,0, A
3,34.61538461538461,"['Get a thimble', 'Hold shirt with non-dominant hand', 'Put the button in the correct spot.']","['Continue repeating pushing up and pushing thread back down', 'Hook thread through needle']",Hook thread through needle,1,0, A
4,50.0,"['Get a thimble', 'Hold shirt with non-dominant hand', 'Put the button in the correct spot.', 'Hook thread through needle']","['Starting on inside of garment, push through with needle.', 'Put supplies away']","Starting on inside of garment, push through with needle.",0,0, A
5,80.76923076923077,"['Get a thimble', 'Hold shirt with non-dominant hand', 'Put the button in the correct spot.', 'Hook thread through needle', 'Starting on inside of garment, push through with needle.']","['Tie off thread', 'Get the needle']",Tie off thread,0,0, A
6,88.46153846153845,"['Get a thimble', 'Hold shirt with non-dominant hand', 'Put the button in the correct spot.', 'Hook thread through needle', 'Starting on inside of garment, push through with needle.', 'Tie off thread']","['Take out sewing kit', 'put items away when done']",put items away when done,1,0, A
0,0.0,[],"['Repeat for remaining holes', 'Get a thimble']",Get a thimble,1,0, A
1,7.6923076923076925,['Get a thimble'],"['get thread and needle', 'Using threaded needle, sew button on to garment.']",get thread and needle,0,0, A
2,26.923076923076923,"['Get a thimble', 'get thread and needle']","['grab object the button is being sewed', 'Insert needle through first side of button (step 3)']",grab object the button is being sewed,0,0, A
3,34.61538461538461,"['Get a thimble', 'get thread and needle', 'grab object the button is being sewed']","[""pass needle and thread back through another of the button's needle holes"", 'Put one end of thread through the eye of the needle.']",Put one end of thread through the eye of the needle.,1,0, A
4,61.53846153846154,"['Get a thimble', 'get thread and needle', 'grab object the button is being sewed', 'Put one end of thread through the eye of the needle.']","['gather garment for buttoning', 'Push needle through hole']",Push needle through hole,1,0, A
5,80.76923076923077,"['Get a thimble', 'get thread and needle', 'grab object the button is being sewed', 'Put one end of thread through the eye of the needle.', 'Push needle through hole']","['Find some thread', 'Tie another knot at the end of the thread.']",Tie another knot at the end of the thread.,1,0, A
6,88.46153846153845,"['Get a thimble', 'get thread and needle', 'grab object the button is being sewed', 'Put one end of thread through the eye of the needle.', 'Push needle through hole', 'Tie another knot at the end of the thread.']","['Put away thread and needle', 'Find matching button, or old button.']",Put away thread and needle,0,0, A
0,0.0,[],"['Get out sewing kit', 'Push needle through first hole']",Get out sewing kit,0,0, A
1,19.230769230769237,['Get out sewing kit'],"['Put needle and thread through holes', 'getting out thread']",getting out thread,1,0, A
2,34.61538461538461,"['Get out sewing kit', 'getting out thread']","['Grab the fabric and button', 'Thread the needle']",Thread the needle,1,0, A
3,61.53846153846154,"['Get out sewing kit', 'getting out thread', 'Thread the needle']","['Get scissors, needle, button and thread', 'Push needle through first hole']",Push needle through first hole,1,0, A
4,76.92307692307693,"['Get out sewing kit', 'getting out thread', 'Thread the needle', 'Push needle through first hole']","['Find a button', 'Repeat steps 4 through 6 about 30 times']",Repeat steps 4 through 6 about 30 times,1,0, A
0,0.0,[],"['Pull needle and thread', 'Drive to fabric store']",Drive to fabric store,1,0, A
1,19.230769230769237,['Drive to fabric store'],"['Get thread.', 'Cut thread from spindle']",Get thread.,0,0, A
2,34.61538461538461,"['Drive to fabric store', 'Get thread.']","['Insert the thread into the needle hole', 'Cut the thread']",Insert the thread into the needle hole,0,0, A
3,53.84615384615385,"['Drive to fabric store', 'Get thread.', 'Insert the thread into the needle hole']","['Get a thread and a needle', 'Insert the needle into the button hole']",Insert the needle into the button hole,1,0, A
4,57.692307692307686,"['Drive to fabric store', 'Get thread.', 'Insert the thread into the needle hole', 'Insert the needle into the button hole']","['Insert needle through first side of button (step 3)', 'Find button replacement']",Insert needle through first side of button (step 3),0,0, A
0,0.0,[],"['knot thread', 'Get out needle, thread, button, and clothing item.']","Get out needle, thread, button, and clothing item.",1,0, A
1,30.76923076923077,"['Get out needle, thread, button, and clothing item.']","['Place button on fabric and hold with thumb and index finger', 'Hold button in place']",Place button on fabric and hold with thumb and index finger,0,0, A
2,50.0,"['Get out needle, thread, button, and clothing item.', 'Place button on fabric and hold with thumb and index finger']","['pull through on the other side', 'Select needle']",pull through on the other side,0,0, A
3,65.38461538461539,"['Get out needle, thread, button, and clothing item.', 'Place button on fabric and hold with thumb and index finger', 'pull through on the other side']","['Get needle and thread', 'Slide button onto needle and thread.']",Slide button onto needle and thread.,1,0, A
4,69.23076923076923,"['Get out needle, thread, button, and clothing item.', 'Place button on fabric and hold with thumb and index finger', 'pull through on the other side', 'Slide button onto needle and thread.']","['Thread needle.', 'Move needle down to hole opposite first hole']",Move needle down to hole opposite first hole,1,0, A
5,73.07692307692307,"['Get out needle, thread, button, and clothing item.', 'Place button on fabric and hold with thumb and index finger', 'pull through on the other side', 'Slide button onto needle and thread.', 'Move needle down to hole opposite first hole']","['Continue sewing in an X pattern until the button is secure.', 'Get the thread']",Continue sewing in an X pattern until the button is secure.,0,0, A
0,0.0,[],"['Get out needle, thread, button, and clothing item.', 'Tie knot to secure thread and button to clothes']","Get out needle, thread, button, and clothing item.",0,0, A
1,15.384615384615383,"['Get out needle, thread, button, and clothing item.']","['Repeat', 'Find matching thread']",Find matching thread,1,0, A
2,19.230769230769237,"['Get out needle, thread, button, and clothing item.', 'Find matching thread']","['Start to sew the button onto the fabric.', 'Get thread']",Get thread,1,0, A
3,30.76923076923077,"['Get out needle, thread, button, and clothing item.', 'Find matching thread', 'Get thread']","['tug to make sure it is secure', 'Mark on clothing where button is to go']",Mark on clothing where button is to go,1,0, A
4,42.30769230769231,"['Get out needle, thread, button, and clothing item.', 'Find matching thread', 'Get thread', 'Mark on clothing where button is to go']","['pull needle through to knot', 'Cut thread string to how much is needed']",Cut thread string to how much is needed,1,0, A
5,46.15384615384615,"['Get out needle, thread, button, and clothing item.', 'Find matching thread', 'Get thread', 'Mark on clothing where button is to go', 'Cut thread string to how much is needed']","['Use needle and thread to sew button', 'Poke needle through opposite hole']",Use needle and thread to sew button,0,0, A
6,80.76923076923077,"['Get out needle, thread, button, and clothing item.', 'Find matching thread', 'Get thread', 'Mark on clothing where button is to go', 'Cut thread string to how much is needed', 'Use needle and thread to sew button']","['Thread needle', ""Make sure it's secure""]",Make sure it's secure,1,0, A
7,88.46153846153845,"['Get out needle, thread, button, and clothing item.', 'Find matching thread', 'Get thread', 'Mark on clothing where button is to go', 'Cut thread string to how much is needed', 'Use needle and thread to sew button', ""Make sure it's secure""]","['Put all the items away', 'Push needle through other hole of button and through clothes']",Put all the items away,0,0, A
0,0.0,[],"['Thread needle.', 'Get a thimble']",Get a thimble,1,0, A
1,30.76923076923077,['Get a thimble'],"['place button on cloth where it needs to go', 'Pull through']",place button on cloth where it needs to go,0,0, A
2,50.0,"['Get a thimble', 'place button on cloth where it needs to go']","['Choose thread to sew button on with.', 'Push needle through the button holes']",Push needle through the button holes,1,0, A
3,65.38461538461539,"['Get a thimble', 'place button on cloth where it needs to go', 'Push needle through the button holes']","['Get needle and thread', 'Slide button onto needle and thread.']",Slide button onto needle and thread.,1,0, A
4,76.92307692307693,"['Get a thimble', 'place button on cloth where it needs to go', 'Push needle through the button holes', 'Slide button onto needle and thread.']","['Get garment which you would like to sew button on to.', 'Do this through all holes of button']",Do this through all holes of button,1,0, A
5,84.61538461538461,"['Get a thimble', 'place button on cloth where it needs to go', 'Push needle through the button holes', 'Slide button onto needle and thread.', 'Do this through all holes of button']","['Get a needle', 'Cut off the extra thread']",Cut off the extra thread,1,0, A
0,0.0,[],"['Drive to fabric store', 'Sew button']",Drive to fabric store,0,0, A
1,19.230769230769237,['Drive to fabric store'],"['Pull through other end', 'Choose thread to sew button on with.']",Choose thread to sew button on with.,1,0, A
2,34.61538461538461,"['Drive to fabric store', 'Choose thread to sew button on with.']","['tie a knot in the thread', 'Put thread through needle hole']",Put thread through needle hole,1,0, A
3,88.46153846153845,"['Drive to fabric store', 'Choose thread to sew button on with.', 'Put thread through needle hole']","['Insert the needle back into the garment from the top of the button', 'Put all the items away']",Put all the items away,1,0, A
4,92.3076923076923,"['Drive to fabric store', 'Choose thread to sew button on with.', 'Put thread through needle hole', 'Put all the items away']","['Check new button', 'Get needle and thread']",Check new button,0,0, A
0,0.0,[],"['Take out sewing kit.', 'Tie end in a knot']",Take out sewing kit.,0,0, A
1,11.538461538461538,['Take out sewing kit.'],"['Place needle through button eyelets.', 'getting out needle']",getting out needle,1,0, A
2,34.61538461538461,"['Take out sewing kit.', 'getting out needle']","['Insert the thread into the needle hole', ""TIE A KNOT IN THE END OF THE THREAD SO THE BUTTON DOESN'T COME OFF""]",Insert the thread into the needle hole,0,0, A
3,38.46153846153847,"['Take out sewing kit.', 'getting out needle', 'Insert the thread into the needle hole']","['Select needle', 'Tie knot in thread.']",Tie knot in thread.,1,0, A
4,50.0,"['Take out sewing kit.', 'getting out needle', 'Insert the thread into the needle hole', 'Tie knot in thread.']","['Get thread', 'Push needle through back of clothes and through hole of button']",Push needle through back of clothes and through hole of button,1,0, A
5,53.84615384615385,"['Take out sewing kit.', 'getting out needle', 'Insert the thread into the needle hole', 'Tie knot in thread.', 'Push needle through back of clothes and through hole of button']","['Find needle and thread', 'Sew needle through other holes in an X formation']",Sew needle through other holes in an X formation,1,0, A
6,57.692307692307686,"['Take out sewing kit.', 'getting out needle', 'Insert the thread into the needle hole', 'Tie knot in thread.', 'Push needle through back of clothes and through hole of button', 'Sew needle through other holes in an X formation']","['Insert the needle back into the garment from the top of the button', 'Place button on fabric and hold with thumb and index finger']",Insert the needle back into the garment from the top of the button,0,0, A
0,0.0,[],"['Drive to fabric store', 'threading the needle']",Drive to fabric store,0,0, A
1,19.230769230769237,['Drive to fabric store'],"['Tie of thread on inside', 'Find similar color thread to use.']",Find similar color thread to use.,1,0, A
2,30.76923076923077,"['Drive to fabric store', 'Find similar color thread to use.']","['Line the button up in the place where the old one would have been', 'Cut thread.']",Line the button up in the place where the old one would have been,0,0, A
3,61.53846153846154,"['Drive to fabric store', 'Find similar color thread to use.', 'Line the button up in the place where the old one would have been']","['Starting from the bottom, poke needle through hole in button', 'Cut loose ends.']","Starting from the bottom, poke needle through hole in button",0,0, A
4,65.38461538461539,"['Drive to fabric store', 'Find similar color thread to use.', 'Line the button up in the place where the old one would have been', 'Starting from the bottom, poke needle through hole in button']","['Push needle through other hole of button and through clothes', 'Get a button to match']",Push needle through other hole of button and through clothes,0,0, A
5,69.23076923076923,"['Drive to fabric store', 'Find similar color thread to use.', 'Line the button up in the place where the old one would have been', 'Starting from the bottom, poke needle through hole in button', 'Push needle through other hole of button and through clothes']","['put button where other button was located', 'Get back the needle through the third button hole']",Get back the needle through the third button hole,1,0, A
0,0.0,[],"['Drive to fabric store', 'Make a knot']",Drive to fabric store,0,0, A
1,19.230769230769237,['Drive to fabric store'],"['Continue repeating pushing up and pushing thread back down', 'gathering thread']",gathering thread,1,0, A
2,26.923076923076923,"['Drive to fabric store', 'gathering thread']","['Get clothing', 'Put needle and thread back in drawer']",Get clothing,0,0, A
3,50.0,"['Drive to fabric store', 'gathering thread', 'Get clothing']","['find needle and thread', 'put the needle into the fabric']",put the needle into the fabric,1,0, A
4,76.92307692307693,"['Drive to fabric store', 'gathering thread', 'Get clothing', 'put the needle into the fabric']","['Find thread that matches', 'Push through other holes']",Push through other holes,1,0, A
5,84.61538461538461,"['Drive to fabric store', 'gathering thread', 'Get clothing', 'put the needle into the fabric', 'Push through other holes']","['Cut excess thread', 'Thread the needle, double it up and tie a knot at the end']",Cut excess thread,0,0, A
6,88.46153846153845,"['Drive to fabric store', 'gathering thread', 'Get clothing', 'put the needle into the fabric', 'Push through other holes', 'Cut excess thread']","['put needle and thread away', 'Knot the ends of the thread together.']",put needle and thread away,0,0, A
7,92.3076923076923,"['Drive to fabric store', 'gathering thread', 'Get clothing', 'put the needle into the fabric', 'Push through other holes', 'Cut excess thread', 'put needle and thread away']","['MAKE SURE BUTTON IS SECURE', 'Sew on button']",MAKE SURE BUTTON IS SECURE,0,0, A
0,0.0,[],"['Make knot between thread and clothing.', 'Get out sewing kit.']",Get out sewing kit.,1,0, A
1,19.230769230769237,['Get out sewing kit.'],"['Select thread', 'Cut thread']",Select thread,0,0, A
2,34.61538461538461,"['Get out sewing kit.', 'Select thread']","['Put thread end through eye of needle', 'repeat until button is secure']",Put thread end through eye of needle,0,0, A
3,88.46153846153845,"['Get out sewing kit.', 'Select thread', 'Put thread end through eye of needle']","['PUT NEEDLE AND THREAD AWAY', 'Find a needle']",PUT NEEDLE AND THREAD AWAY,0,0, A
4,92.3076923076923,"['Get out sewing kit.', 'Select thread', 'Put thread end through eye of needle', 'PUT NEEDLE AND THREAD AWAY']","['Check if the button is tight', 'Cut a length of thread more than double what you will need']",Check if the button is tight,0,0, A
0,0.0,[],"['Thread needle.', 'Get out needle, thread, button, and clothing item.']","Get out needle, thread, button, and clothing item.",1,0, A
1,15.384615384615383,"['Get out needle, thread, button, and clothing item.']","['sew onto fabric securely', 'Choose thread color']",Choose thread color,1,0, A
2,19.230769230769237,"['Get out needle, thread, button, and clothing item.', 'Choose thread color']","['Take thread from sewing kit', 'pass needle through needle hole in button']",Take thread from sewing kit,0,0, A
3,30.76923076923077,"['Get out needle, thread, button, and clothing item.', 'Choose thread color', 'Take thread from sewing kit']","['tie knot on thread', 'place botton where you want it']",place botton where you want it,1,0, A
4,50.0,"['Get out needle, thread, button, and clothing item.', 'Choose thread color', 'Take thread from sewing kit', 'place botton where you want it']","['Push needle through back of clothes and through hole of button', 'Select thread']",Push needle through back of clothes and through hole of button,0,0, A
5,76.92307692307693,"['Get out needle, thread, button, and clothing item.', 'Choose thread color', 'Take thread from sewing kit', 'place botton where you want it', 'Push needle through back of clothes and through hole of button']","['Do this through all holes of button', 'thread the needle']",Do this through all holes of button,0,0, A
6,80.76923076923077,"['Get out needle, thread, button, and clothing item.', 'Choose thread color', 'Take thread from sewing kit', 'place botton where you want it', 'Push needle through back of clothes and through hole of button', 'Do this through all holes of button']","['Thread needle.', 'Tie another knot at the end of the thread.']",Tie another knot at the end of the thread.,1,0, A
0,0.0,[],"['put items away when done', 'Get supplies - shirt, new button, thread, needle']","Get supplies - shirt, new button, thread, needle",1,0, A
1,26.923076923076923,"['Get supplies - shirt, new button, thread, needle']","['Get clothes', 'Repeat 5 times with other two button holes']",Get clothes,0,0, A
2,30.76923076923077,"['Get supplies - shirt, new button, thread, needle', 'Get clothes']","['Put the button up to the garment', 'Repeat through each button hole']",Put the button up to the garment,0,0, A
3,46.15384615384615,"['Get supplies - shirt, new button, thread, needle', 'Get clothes', 'Put the button up to the garment']","['Purchase thread', 'use the string to make it stay in place']",use the string to make it stay in place,1,0, A
0,0.0,[],"['Drive to fabric store', 'use needle and thread to sew button onto shirt']",Drive to fabric store,0,0, A
1,19.230769230769237,['Drive to fabric store'],"['cut the thread when finished', 'Pull out a length of thread.']",Pull out a length of thread.,1,0, A
2,26.923076923076923,"['Drive to fabric store', 'Pull out a length of thread.']","['Get the garment', 'Push through other holes']",Get the garment,0,0, A
3,46.15384615384615,"['Drive to fabric store', 'Pull out a length of thread.', 'Get the garment']","['Find a button', 'Use needle to go through button holes']",Use needle to go through button holes,1,0, A
4,53.84615384615385,"['Drive to fabric store', 'Pull out a length of thread.', 'Get the garment', 'Use needle to go through button holes']","['Run needle and thread through button hole and fabric hole', 'get thread and needle']",Run needle and thread through button hole and fabric hole,0,0, A
5,57.692307692307686,"['Drive to fabric store', 'Pull out a length of thread.', 'Get the garment', 'Use needle to go through button holes', 'Run needle and thread through button hole and fabric hole']","['Thread the needle', 'Pull til it stops at the knot, push through fabric and another button hole']","Pull til it stops at the knot, push through fabric and another button hole",1,0, A
6,61.53846153846154,"['Drive to fabric store', 'Pull out a length of thread.', 'Get the garment', 'Use needle to go through button holes', 'Run needle and thread through button hole and fabric hole', 'Pull til it stops at the knot, push through fabric and another button hole']","['Clean up.', 'Pull the needle until thread is completely on the other side of shirt']",Pull the needle until thread is completely on the other side of shirt,1,0, A
7,76.92307692307693,"['Drive to fabric store', 'Pull out a length of thread.', 'Get the garment', 'Use needle to go through button holes', 'Run needle and thread through button hole and fabric hole', 'Pull til it stops at the knot, push through fabric and another button hole', 'Pull the needle until thread is completely on the other side of shirt']","['Choose thread color', 'Continue sewing.']",Continue sewing.,1,0, A
0,0.0,[],"['Get sewing basket', ""TIE A KNOT IN THE END OF THE THREAD SO THE BUTTON DOESN'T COME OFF""]",Get sewing basket,0,0, A
1,34.61538461538461,['Get sewing basket'],"['Put thread in it', 'Continue sewing in an X pattern until the button is secure.']",Put thread in it,0,0, A
2,42.30769230769231,"['Get sewing basket', 'Put thread in it']","['Cut away old strings', 'Take needle from sewing kit']",Cut away old strings,0,0, A
3,46.15384615384615,"['Get sewing basket', 'Put thread in it', 'Cut away old strings']","['Get needle', 'Push the needle through one button hole and back out another hole']",Push the needle through one button hole and back out another hole,1,0, A
4,61.53846153846154,"['Get sewing basket', 'Put thread in it', 'Cut away old strings', 'Push the needle through one button hole and back out another hole']","['Thread one hole with the needle', 'Get needle.']",Thread one hole with the needle,0,0, A
5,80.76923076923077,"['Get sewing basket', 'Put thread in it', 'Cut away old strings', 'Push the needle through one button hole and back out another hole', 'Thread one hole with the needle']","['Take button and put it on shirt where you want it', 'Tie knot.']",Tie knot.,1,0, A
0,0.0,[],"['Find sewing kit.', 'Cut excess thread']",Find sewing kit.,0,0, A
1,7.6923076923076925,['Find sewing kit.'],"['Cut off any loose threads with a scissors.', 'locate needle and thread']",locate needle and thread,1,0, A
2,26.923076923076923,"['Find sewing kit.', 'locate needle and thread']","['grab object the button is being sewed', 'Cut the thread near the needle to finish']",grab object the button is being sewed,0,0, A
3,30.76923076923077,"['Find sewing kit.', 'locate needle and thread', 'grab object the button is being sewed']","['Cut off excess thread', 'Place button on fabric and hold with thumb and index finger']",Place button on fabric and hold with thumb and index finger,1,0, A
4,61.53846153846154,"['Find sewing kit.', 'locate needle and thread', 'grab object the button is being sewed', 'Place button on fabric and hold with thumb and index finger']","['Pull the needle until thread is completely on the other side of shirt', 'Purchase thread']",Pull the needle until thread is completely on the other side of shirt,0,0, A
5,80.76923076923077,"['Find sewing kit.', 'locate needle and thread', 'grab object the button is being sewed', 'Place button on fabric and hold with thumb and index finger', 'Pull the needle until thread is completely on the other side of shirt']","['Thread the needle', 'Tie another knot at the end of the thread.']",Tie another knot at the end of the thread.,1,0, A
6,88.46153846153845,"['Find sewing kit.', 'locate needle and thread', 'grab object the button is being sewed', 'Place button on fabric and hold with thumb and index finger', 'Pull the needle until thread is completely on the other side of shirt', 'Tie another knot at the end of the thread.']","['Put away needle and thread', 'Get a needle and thread.']",Put away needle and thread,0,0, A
0,0.0,[],"['make few passes', 'Drive to fabric store']",Drive to fabric store,1,0, A
1,19.230769230769237,['Drive to fabric store'],"['Tie of thread on inside', 'Take thread from sewing kit']",Take thread from sewing kit,1,0, A
2,30.76923076923077,"['Drive to fabric store', 'Take thread from sewing kit']","['Place button where it belongs on garment', 'Tie off thread']",Place button where it belongs on garment,0,0, A
3,42.30769230769231,"['Drive to fabric store', 'Take thread from sewing kit', 'Place button where it belongs on garment']","['Get needle', 'Cut away any loose threads.']",Cut away any loose threads.,1,0, A
4,61.53846153846154,"['Drive to fabric store', 'Take thread from sewing kit', 'Place button where it belongs on garment', 'Cut away any loose threads.']","['Pull thread through', 'put items away when done']",Pull thread through,0,0, A
5,76.92307692307693,"['Drive to fabric store', 'Take thread from sewing kit', 'Place button where it belongs on garment', 'Cut away any loose threads.', 'Pull thread through']","['slide thread through hole', 'Continue until the button is on tight']",Continue until the button is on tight,1,0, A
6,84.61538461538461,"['Drive to fabric store', 'Take thread from sewing kit', 'Place button where it belongs on garment', 'Cut away any loose threads.', 'Pull thread through', 'Continue until the button is on tight']","['Cut off excess thread', 'Thread needle']",Cut off excess thread,0,0, A
7,88.46153846153845,"['Drive to fabric store', 'Take thread from sewing kit', 'Place button where it belongs on garment', 'Cut away any loose threads.', 'Pull thread through', 'Continue until the button is on tight', 'Cut off excess thread']","['Pull through other end', 'put sewing kit away']",put sewing kit away,1,0, A
0,0.0,[],"['Repeat this until the button is secure', 'Get scissors, needle, button and thread']","Get scissors, needle, button and thread",1,0, A
1,15.384615384615383,"['Get scissors, needle, button and thread']","['When done knot end.', 'Select thread of correct color']",Select thread of correct color,1,0, A
2,23.07692307692308,"['Get scissors, needle, button and thread', 'Select thread of correct color']","['Cut off excess thread', 'Take a button']",Take a button,1,0, A
3,30.76923076923077,"['Get scissors, needle, button and thread', 'Select thread of correct color', 'Take a button']","['get sewing kit', 'attach button to shirt']",attach button to shirt,1,0, A
4,34.61538461538461,"['Get scissors, needle, button and thread', 'Select thread of correct color', 'Take a button', 'attach button to shirt']","['Push thread through needle and tie in a knot', ""Make 4 x's in button.""]",Push thread through needle and tie in a knot,0,0, A
5,38.46153846153847,"['Get scissors, needle, button and thread', 'Select thread of correct color', 'Take a button', 'attach button to shirt', 'Push thread through needle and tie in a knot']","['Tie a knot in the end of thread', 'Get the sewing kit.']",Tie a knot in the end of thread,0,0, A
6,46.15384615384615,"['Get scissors, needle, button and thread', 'Select thread of correct color', 'Take a button', 'attach button to shirt', 'Push thread through needle and tie in a knot', 'Tie a knot in the end of thread']","['MAKE SURE BUTTON IS SECURE', 'Push the needle through the garment into the button']",Push the needle through the garment into the button,1,0, A
7,50.0,"['Get scissors, needle, button and thread', 'Select thread of correct color', 'Take a button', 'attach button to shirt', 'Push thread through needle and tie in a knot', 'Tie a knot in the end of thread', 'Push the needle through the garment into the button']","['insert needle through cloth', 'Select thread of correct color']",insert needle through cloth,0,0, A
8,53.84615384615385,"['Get scissors, needle, button and thread', 'Select thread of correct color', 'Take a button', 'attach button to shirt', 'Push thread through needle and tie in a knot', 'Tie a knot in the end of thread', 'Push the needle through the garment into the button', 'insert needle through cloth']","['Find a button.', 'Thread the opposite diagonal hole with the needle and tighten the string']",Thread the opposite diagonal hole with the needle and tighten the string,1,0, A
9,61.53846153846154,"['Get scissors, needle, button and thread', 'Select thread of correct color', 'Take a button', 'attach button to shirt', 'Push thread through needle and tie in a knot', 'Tie a knot in the end of thread', 'Push the needle through the garment into the button', 'insert needle through cloth', 'Thread the opposite diagonal hole with the needle and tighten the string']","['Start sewing going into the back of the garment.', 'Cut away any extra string']",Start sewing going into the back of the garment.,0,0, A
10,65.38461538461539,"['Get scissors, needle, button and thread', 'Select thread of correct color', 'Take a button', 'attach button to shirt', 'Push thread through needle and tie in a knot', 'Tie a knot in the end of thread', 'Push the needle through the garment into the button', 'insert needle through cloth', 'Thread the opposite diagonal hole with the needle and tighten the string', 'Start sewing going into the back of the garment.']","['Push needle through other hole of button and through clothes', 'Thread the needle']",Push needle through other hole of button and through clothes,0,0, A
11,76.92307692307693,"['Get scissors, needle, button and thread', 'Select thread of correct color', 'Take a button', 'attach button to shirt', 'Push thread through needle and tie in a knot', 'Tie a knot in the end of thread', 'Push the needle through the garment into the button', 'insert needle through cloth', 'Thread the opposite diagonal hole with the needle and tighten the string', 'Start sewing going into the back of the garment.', 'Push needle through other hole of button and through clothes']","['Find a suitable button', 'repeat until button is secure']",repeat until button is secure,1,0, A
0,0.0,[],"['Put everything away.', 'Find sewing kit.']",Find sewing kit.,1,0, A
1,7.6923076923076925,['Find sewing kit.'],"['put sewing kit away', 'take the needle and matching thread']",take the needle and matching thread,1,0, A
2,26.923076923076923,"['Find sewing kit.', 'take the needle and matching thread']","['Lay down garment', 'Get sewing kit']",Lay down garment,0,0, A
3,34.61538461538461,"['Find sewing kit.', 'take the needle and matching thread', 'Lay down garment']","['Repeat several times until button is attached solidly to the fabric.', 'Put an end of the thread through the eye of the needle']",Put an end of the thread through the eye of the needle,1,0, A
4,42.30769230769231,"['Find sewing kit.', 'take the needle and matching thread', 'Lay down garment', 'Put an end of the thread through the eye of the needle']","['Cut about 16 inches worth of thread.', 'Continue crisscrossing thread between holes of button until button is tight.']",Cut about 16 inches worth of thread.,0,0, A
5,46.15384615384615,"['Find sewing kit.', 'take the needle and matching thread', 'Lay down garment', 'Put an end of the thread through the eye of the needle', 'Cut about 16 inches worth of thread.']","['Get the sewing kit.', 'Thread button onto clothing']",Thread button onto clothing,1,0, A
6,53.84615384615385,"['Find sewing kit.', 'take the needle and matching thread', 'Lay down garment', 'Put an end of the thread through the eye of the needle', 'Cut about 16 inches worth of thread.', 'Thread button onto clothing']","['Place button close to clothing.', 'Take a needle']",Place button close to clothing.,0,0, A
7,61.53846153846154,"['Find sewing kit.', 'take the needle and matching thread', 'Lay down garment', 'Put an end of the thread through the eye of the needle', 'Cut about 16 inches worth of thread.', 'Thread button onto clothing', 'Place button close to clothing.']","['push the needle through the button', 'Tie knot to secure thread and button to clothes']",push the needle through the button,0,0, A
8,80.76923076923077,"['Find sewing kit.', 'take the needle and matching thread', 'Lay down garment', 'Put an end of the thread through the eye of the needle', 'Cut about 16 inches worth of thread.', 'Thread button onto clothing', 'Place button close to clothing.', 'push the needle through the button']","['Make a knot', 'Get the needle']",Make a knot,0,0, A
9,88.46153846153845,"['Find sewing kit.', 'take the needle and matching thread', 'Lay down garment', 'Put an end of the thread through the eye of the needle', 'Cut about 16 inches worth of thread.', 'Thread button onto clothing', 'Place button close to clothing.', 'push the needle through the button', 'Make a knot']","['Put needle and thread back in drawer', 'Hold button to material.']",Put needle and thread back in drawer,0,0, A
10,92.3076923076923,"['Find sewing kit.', 'take the needle and matching thread', 'Lay down garment', 'Put an end of the thread through the eye of the needle', 'Cut about 16 inches worth of thread.', 'Thread button onto clothing', 'Place button close to clothing.', 'push the needle through the button', 'Make a knot', 'Put needle and thread back in drawer']","['Check new button', 'Grab the fabric and button']",Check new button,0,0, A
0,0.0,[],"['Remove the old button', 'Get sewing basket']",Get sewing basket,1,0, A
1,23.07692307692308,['Get sewing basket'],"['Get button', 'Tie off knot with thread.']",Get button,0,0, A
2,26.923076923076923,"['Get sewing basket', 'Get button']","['Get garment which you would like to sew button on to.', 'Do this through all holes of button']",Get garment which you would like to sew button on to.,0,0, A
3,30.76923076923077,"['Get sewing basket', 'Get button', 'Get garment which you would like to sew button on to.']","['Place button on fabric', 'Tie the thread']",Place button on fabric,0,0, A
4,61.53846153846154,"['Get sewing basket', 'Get button', 'Get garment which you would like to sew button on to.', 'Place button on fabric']","['GET SOME NEEDLE AND THREAD', 'Push needle through hole']",Push needle through hole,1,0, A
5,65.38461538461539,"['Get sewing basket', 'Get button', 'Get garment which you would like to sew button on to.', 'Place button on fabric', 'Push needle through hole']","['Sew button through second hole', 'Place the button on the cloth']",Sew button through second hole,0,0, A
6,69.23076923076923,"['Get sewing basket', 'Get button', 'Get garment which you would like to sew button on to.', 'Place button on fabric', 'Push needle through hole', 'Sew button through second hole']","['Sew through the diagonal hole of the button and the garment.', 'Thread needle.']",Sew through the diagonal hole of the button and the garment.,0,0, A
7,73.07692307692307,"['Get sewing basket', 'Get button', 'Get garment which you would like to sew button on to.', 'Place button on fabric', 'Push needle through hole', 'Sew button through second hole', 'Sew through the diagonal hole of the button and the garment.']","['Get back the needle through the fourth button hole', 'Remove the old button']",Get back the needle through the fourth button hole,0,0, A
8,76.92307692307693,"['Get sewing basket', 'Get button', 'Get garment which you would like to sew button on to.', 'Place button on fabric', 'Push needle through hole', 'Sew button through second hole', 'Sew through the diagonal hole of the button and the garment.', 'Get back the needle through the fourth button hole']","['Repeat procedure until button is secure', 'thread the needle']",Repeat procedure until button is secure,0,0, A
9,80.76923076923077,"['Get sewing basket', 'Get button', 'Get garment which you would like to sew button on to.', 'Place button on fabric', 'Push needle through hole', 'Sew button through second hole', 'Sew through the diagonal hole of the button and the garment.', 'Get back the needle through the fourth button hole', 'Repeat procedure until button is secure']","['Make knot between thread and clothing.', 'Align button']",Make knot between thread and clothing.,0,0, A
10,88.46153846153845,"['Get sewing basket', 'Get button', 'Get garment which you would like to sew button on to.', 'Place button on fabric', 'Push needle through hole', 'Sew button through second hole', 'Sew through the diagonal hole of the button and the garment.', 'Get back the needle through the fourth button hole', 'Repeat procedure until button is secure', 'Make knot between thread and clothing.']","['Put everything away.', 'Gather supplies']",Put everything away.,0,0, A
11,92.3076923076923,"['Get sewing basket', 'Get button', 'Get garment which you would like to sew button on to.', 'Place button on fabric', 'Push needle through hole', 'Sew button through second hole', 'Sew through the diagonal hole of the button and the garment.', 'Get back the needle through the fourth button hole', 'Repeat procedure until button is secure', 'Make knot between thread and clothing.', 'Put everything away.']","['Check the button', 'moving the needle in and out of the button holes']",Check the button,0,0, A
0,0.0,[],"['Find sewing kit.', 'Tie knot.']",Find sewing kit.,0,0, A
1,34.61538461538461,['Find sewing kit.'],"['put thread through needle', 'get thread, needle, button to be sewn']",put thread through needle,0,0, A
2,46.15384615384615,"['Find sewing kit.', 'put thread through needle']","['Start sewing', 'getting out thread']",Start sewing,0,0, A
3,80.76923076923077,"['Find sewing kit.', 'put thread through needle', 'Start sewing']","['Drive to fabric store', 'tie knot on thread']",tie knot on thread,1,0, A
0,0.0,[],"['Insert the thread into the needle hole', 'get thread, needle, button to be sewn']","get thread, needle, button to be sewn",1,0, A
1,7.6923076923076925,"['get thread, needle, button to be sewn']","['Repeat several times until button is attached solidly to the fabric.', 'take the needle and matching thread']",take the needle and matching thread,1,0, A
2,23.07692307692308,"['get thread, needle, button to be sewn', 'take the needle and matching thread']","['Cut off remaining thread', 'Find a button.']",Find a button.,1,0, A
3,61.53846153846154,"['get thread, needle, button to be sewn', 'take the needle and matching thread', 'Find a button.']","['take needle bring up through the back of the item', 'Cut thread from spindle']",take needle bring up through the back of the item,0,0, A
4,76.92307692307693,"['get thread, needle, button to be sewn', 'take the needle and matching thread', 'Find a button.', 'take needle bring up through the back of the item']","['Thread the needle', 'Repeat step 8 until button is sewn on']",Repeat step 8 until button is sewn on,1,0, A
5,80.76923076923077,"['get thread, needle, button to be sewn', 'take the needle and matching thread', 'Find a button.', 'take needle bring up through the back of the item', 'Repeat step 8 until button is sewn on']","['Thread a needle with thread that matches shirt that needs a new button.', 'Tie off finishing knot']",Tie off finishing knot,1,0, A
6,88.46153846153845,"['get thread, needle, button to be sewn', 'take the needle and matching thread', 'Find a button.', 'take needle bring up through the back of the item', 'Repeat step 8 until button is sewn on', 'Tie off finishing knot']","['Find a suitable button', 'put back all the materials']",put back all the materials,1,0, A
0,0.0,[],"['Take out the needle', 'Take out sewing kit']",Take out sewing kit,1,0, A
1,7.6923076923076925,['Take out sewing kit'],"['Sew button onto garment.', 'Prepare needle and thread.']",Prepare needle and thread.,1,0, A
2,19.230769230769237,"['Take out sewing kit', 'Prepare needle and thread.']","['PUT NEEDLE AND THREAD AWAY', 'get some thread']",get some thread,1,0, A
3,26.923076923076923,"['Take out sewing kit', 'Prepare needle and thread.', 'get some thread']","['Grab the garment that you would like to sew the button to.', 'When button is securely in place tie knot in thread at back of garment']",Grab the garment that you would like to sew the button to.,0,0, A
4,50.0,"['Take out sewing kit', 'Prepare needle and thread.', 'get some thread', 'Grab the garment that you would like to sew the button to.']","['Put thread through needle.', 'Get needle and thread']",Put thread through needle.,0,0, A
5,61.53846153846154,"['Take out sewing kit', 'Prepare needle and thread.', 'get some thread', 'Grab the garment that you would like to sew the button to.', 'Put thread through needle.']","['Put needle into one button hole through shirt.', 'Take out sewing kit']",Put needle into one button hole through shirt.,0,0, A
6,80.76923076923077,"['Take out sewing kit', 'Prepare needle and thread.', 'get some thread', 'Grab the garment that you would like to sew the button to.', 'Put thread through needle.', 'Put needle into one button hole through shirt.']","['Tie off your thread.', 'Thread needle']",Tie off your thread.,0,0, A
0,0.0,[],"['Put the button up to the garment', 'Get out sewing kit']",Get out sewing kit,1,0, A
1,19.230769230769237,['Get out sewing kit'],"['put back all the materials', 'Select thread']",Select thread,1,0, A
2,26.923076923076923,"['Get out sewing kit', 'Select thread']","['Repeat this until the button is secure', 'Get a piece of clothing.']",Get a piece of clothing.,1,0, A
3,46.15384615384615,"['Get out sewing kit', 'Select thread', 'Get a piece of clothing.']","['Start sewing', 'Gather supplies']",Start sewing,0,0, A
4,50.0,"['Get out sewing kit', 'Select thread', 'Get a piece of clothing.', 'Start sewing']","['Put needle through button and shirt', 'Get needle.']",Put needle through button and shirt,0,0, A
5,65.38461538461539,"['Get out sewing kit', 'Select thread', 'Get a piece of clothing.', 'Start sewing', 'Put needle through button and shirt']","['Get sewing kit', 'pull needle through to knot']",pull needle through to knot,1,0, A
6,69.23076923076923,"['Get out sewing kit', 'Select thread', 'Get a piece of clothing.', 'Start sewing', 'Put needle through button and shirt', 'pull needle through to knot']","['Thread the needle', 'Push needle under material to next hole']",Push needle under material to next hole,1,0, A
7,73.07692307692307,"['Get out sewing kit', 'Select thread', 'Get a piece of clothing.', 'Start sewing', 'Put needle through button and shirt', 'pull needle through to knot', 'Push needle under material to next hole']","['Get back the needle through the fourth button hole', 'Align the button on the correct place on the cloth']",Get back the needle through the fourth button hole,0,0, A
8,84.61538461538461,"['Get out sewing kit', 'Select thread', 'Get a piece of clothing.', 'Start sewing', 'Put needle through button and shirt', 'pull needle through to knot', 'Push needle under material to next hole', 'Get back the needle through the fourth button hole']","['Gather supplies', 'Cut thread']",Cut thread,1,0, A
9,88.46153846153845,"['Get out sewing kit', 'Select thread', 'Get a piece of clothing.', 'Start sewing', 'Put needle through button and shirt', 'pull needle through to knot', 'Push needle under material to next hole', 'Get back the needle through the fourth button hole', 'Cut thread']","['put items away when done', 'Find thread and needle.']",put items away when done,0,0, A
10,92.3076923076923,"['Get out sewing kit', 'Select thread', 'Get a piece of clothing.', 'Start sewing', 'Put needle through button and shirt', 'pull needle through to knot', 'Push needle under material to next hole', 'Get back the needle through the fourth button hole', 'Cut thread', 'put items away when done']","['Sew button through second hole', 'Check if the button is tight']",Check if the button is tight,1,0, A
0,0.0,[],"['With other hand, push needle through button hole', 'Get scissors, needle, button and thread']","Get scissors, needle, button and thread",1,0, A
1,26.923076923076923,"['Get scissors, needle, button and thread']","['take the cloth to be sewed', 'repeat steps 4-5 until button is secured to shirt']",take the cloth to be sewed,0,0, A
2,30.76923076923077,"['Get scissors, needle, button and thread', 'take the cloth to be sewed']","['place button on cloth where it needs to go', 'Cross over to perpendicular hole, push needle back through']",place button on cloth where it needs to go,0,0, A
3,53.84615384615385,"['Get scissors, needle, button and thread', 'take the cloth to be sewed', 'place button on cloth where it needs to go']","['Sew needle through other holes in an X formation', 'Get the needle']",Sew needle through other holes in an X formation,0,0, A
4,80.76923076923077,"['Get scissors, needle, button and thread', 'take the cloth to be sewed', 'place button on cloth where it needs to go', 'Sew needle through other holes in an X formation']","['Tie knot on thread.', 'pull the thread through the eye of needle']",Tie knot on thread.,0,0, A
5,88.46153846153845,"['Get scissors, needle, button and thread', 'take the cloth to be sewed', 'place button on cloth where it needs to go', 'Sew needle through other holes in an X formation', 'Tie knot on thread.']","['put needle and thread away', 'grab a needle and string']",put needle and thread away,0,0, A
0,0.0,[],"['Drive to fabric store', 'stitching the button on']",Drive to fabric store,0,0, A
1,19.230769230769237,['Drive to fabric store'],"['Put thread through buttonhole', 'Select thread']",Select thread,1,0, A
2,30.76923076923077,"['Drive to fabric store', 'Select thread']","['line new button up with corresponding button hole', 'repeat steps 4-5 until button is secured to shirt']",line new button up with corresponding button hole,0,0, A
3,34.61538461538461,"['Drive to fabric store', 'Select thread', 'line new button up with corresponding button hole']","['Move needle down to hole opposite first hole', 'Thread a needle.']",Thread a needle.,1,0, A
4,50.0,"['Drive to fabric store', 'Select thread', 'line new button up with corresponding button hole', 'Thread a needle.']","['Find thread that matches', 'Stick the needle through']",Stick the needle through,1,0, A
5,61.53846153846154,"['Drive to fabric store', 'Select thread', 'line new button up with corresponding button hole', 'Thread a needle.', 'Stick the needle through']","['take needle bring up through the back of the item', 'Find some thread']",take needle bring up through the back of the item,0,0, A
6,76.92307692307693,"['Drive to fabric store', 'Select thread', 'line new button up with corresponding button hole', 'Thread a needle.', 'Stick the needle through', 'take needle bring up through the back of the item']","[""Repeat until it's stable"", 'Place button on clothing']",Repeat until it's stable,0,0, A
0,0.0,[],"['Get button, thread, needle and scissors', 'Tie off thread']","Get button, thread, needle and scissors",0,0, A
1,15.384615384615383,"['Get button, thread, needle and scissors']","['Find right color string', 'Sew the button in place with the needle and thread']",Find right color string,0,0, A
2,30.76923076923077,"['Get button, thread, needle and scissors', 'Find right color string']","['Cut off remaining thread', 'Put button on shirt']",Put button on shirt,1,0, A
3,61.53846153846154,"['Get button, thread, needle and scissors', 'Find right color string', 'Put button on shirt']","['cut thread so that need will detach', 'Thread one hole with the needle']",Thread one hole with the needle,1,0, A
4,65.38461538461539,"['Get button, thread, needle and scissors', 'Find right color string', 'Put button on shirt', 'Thread one hole with the needle']","['Thread the needle', 'pull needle through to knot']",pull needle through to knot,1,0, A
5,69.23076923076923,"['Get button, thread, needle and scissors', 'Find right color string', 'Put button on shirt', 'Thread one hole with the needle', 'pull needle through to knot']","['put needle into adjoining hole', 'Thread needle']",put needle into adjoining hole,0,0, A
0,0.0,[],"['repeat the same way', 'Get sewing basket']",Get sewing basket,1,0, A
1,7.6923076923076925,['Get sewing basket'],"['Obtain needle and thread', 'Sew button.']",Obtain needle and thread,0,0, A
2,34.61538461538461,"['Get sewing basket', 'Obtain needle and thread']","['Continue until the button is securely on the clothing', 'Thread the needle.']",Thread the needle.,1,0, A
3,50.0,"['Get sewing basket', 'Obtain needle and thread', 'Thread the needle.']","['Get the thread', 'push needle through button and shirt']",push needle through button and shirt,1,0, A
4,61.53846153846154,"['Get sewing basket', 'Obtain needle and thread', 'Thread the needle.', 'push needle through button and shirt']","['Thread one hole with the needle', 'Clean up.']",Thread one hole with the needle,0,0, A
5,65.38461538461539,"['Get sewing basket', 'Obtain needle and thread', 'Thread the needle.', 'push needle through button and shirt', 'Thread one hole with the needle']","['gather button', 'Then push needle through material']",Then push needle through material,1,0, A
6,69.23076923076923,"['Get sewing basket', 'Obtain needle and thread', 'Thread the needle.', 'push needle through button and shirt', 'Thread one hole with the needle', 'Then push needle through material']","['put needle into adjoining hole', 'Get a needle.']",put needle into adjoining hole,0,0, A
0,0.0,[],"['Drive to fabric store', 'Pass the needle through the second button hole']",Drive to fabric store,0,0, A
1,19.230769230769237,['Drive to fabric store'],"['Pull out a length of thread.', 'cut thread so that need will detach']",Pull out a length of thread.,0,0, A
2,34.61538461538461,"['Drive to fabric store', 'Pull out a length of thread.']","['Sew button through second hole', 'Put thread in needle']",Put thread in needle,1,0, A
3,50.0,"['Drive to fabric store', 'Pull out a length of thread.', 'Put thread in needle']","['Push needle through button and fabric.', 'Cut the excess thread']",Push needle through button and fabric.,0,0, A
4,53.84615384615385,"['Drive to fabric store', 'Pull out a length of thread.', 'Put thread in needle', 'Push needle through button and fabric.']","['Get a needle and thread', 'pull thread forward']",pull thread forward,1,0, A
5,84.61538461538461,"['Drive to fabric store', 'Pull out a length of thread.', 'Put thread in needle', 'Push needle through button and fabric.', 'pull thread forward']","['Cut off excess thread', 'Find thread']",Cut off excess thread,0,0, A
0,0.0,[],"['Find sewing kit.', 'taking the right button out']",Find sewing kit.,0,0, A
1,34.61538461538461,['Find sewing kit.'],"['Thread the needle', 'Hold button in place']",Thread the needle,0,0, A
2,61.53846153846154,"['Find sewing kit.', 'Thread the needle']","['Put needle into one button hole through shirt.', 'Put supplies away']",Put needle into one button hole through shirt.,0,0, A
3,65.38461538461539,"['Find sewing kit.', 'Thread the needle', 'Put needle into one button hole through shirt.']","['Find thread that matches', 'Pull needle and thread']",Pull needle and thread,1,0, A
4,69.23076923076923,"['Find sewing kit.', 'Thread the needle', 'Put needle into one button hole through shirt.', 'Pull needle and thread']","['thread the needle', 'Get back the needle through the third button hole']",Get back the needle through the third button hole,1,0, A
5,73.07692307692307,"['Find sewing kit.', 'Thread the needle', 'Put needle into one button hole through shirt.', 'Pull needle and thread', 'Get back the needle through the third button hole']","['Sew button through fourth and final hole', 'Gather supplies']",Sew button through fourth and final hole,0,0, A
0,0.0,[],"['Drive to fabric store', 'Find the location where button needs to be sewn.']",Drive to fabric store,0,0, A
1,19.230769230769237,['Drive to fabric store'],"['pass needle through needle hole in button', 'Get thread']",Get thread,1,0, A
2,34.61538461538461,"['Drive to fabric store', 'Get thread']","['Thread the needle', 'Tie a knot.']",Thread the needle,0,0, A
3,61.53846153846154,"['Drive to fabric store', 'Get thread', 'Thread the needle']","['Pull the needle until thread is completely on the other side of shirt', 'GET SOME NEEDLE AND THREAD']",Pull the needle until thread is completely on the other side of shirt,0,0, A
4,80.76923076923077,"['Drive to fabric store', 'Get thread', 'Thread the needle', 'Pull the needle until thread is completely on the other side of shirt']","['Purchase buttons', 'Tie the thread in a knot to secure it']",Tie the thread in a knot to secure it,1,0, A
5,84.61538461538461,"['Drive to fabric store', 'Get thread', 'Thread the needle', 'Pull the needle until thread is completely on the other side of shirt', 'Tie the thread in a knot to secure it']","['Tie knot to secure thread and button to clothes', 'Thread the needle']",Tie knot to secure thread and button to clothes,0,0, A
0,0.0,[],"['Place button where you want it to go', 'Drive to fabric store']",Drive to fabric store,1,0, A
1,19.230769230769237,['Drive to fabric store'],"['Put needle and thread through holes', 'Get thread']",Get thread,1,0, A
2,30.76923076923077,"['Drive to fabric store', 'Get thread']","['knot thread', 'Align the button on the correct place on the cloth']",Align the button on the correct place on the cloth,1,0, A
3,61.53846153846154,"['Drive to fabric store', 'Get thread', 'Align the button on the correct place on the cloth']","['Cut thread close to knot.', 'Push needle through hole']",Push needle through hole,1,0, A
4,76.92307692307693,"['Drive to fabric store', 'Get thread', 'Align the button on the correct place on the cloth', 'Push needle through hole']","['Put thread in needle', 'repeat until button is secure']",repeat until button is secure,1,0, A
0,0.0,[],"['Take out sewing kit.', 'Tie knot in thread']",Take out sewing kit.,0,0, A
1,19.230769230769237,['Take out sewing kit.'],"['Thread one hole with the needle', 'Get the thread']",Get the thread,1,0, A
2,23.07692307692308,"['Take out sewing kit.', 'Get the thread']","['get a new button', 'knot thread']",get a new button,0,0, A
3,61.53846153846154,"['Take out sewing kit.', 'Get the thread', 'get a new button']","['Find thread', 'push the needle through the button']",push the needle through the button,1,0, A
4,76.92307692307693,"['Take out sewing kit.', 'Get the thread', 'get a new button', 'push the needle through the button']","['repeat 5-8 several times until button is secure', 'find needle and thread']",repeat 5-8 several times until button is secure,0,0, A
5,84.61538461538461,"['Take out sewing kit.', 'Get the thread', 'get a new button', 'push the needle through the button', 'repeat 5-8 several times until button is secure']","['Cut thread', 'Get the piece of apparel that needs to sew the button on.']",Cut thread,0,0, A
6,88.46153846153845,"['Take out sewing kit.', 'Get the thread', 'get a new button', 'push the needle through the button', 'repeat 5-8 several times until button is secure', 'Cut thread']","['Find right color string', 'Put away thread and needle']",Put away thread and needle,1,0, A
7,92.3076923076923,"['Take out sewing kit.', 'Get the thread', 'get a new button', 'push the needle through the button', 'repeat 5-8 several times until button is secure', 'Cut thread', 'Put away thread and needle']","['Select needle', 'Check new button']",Check new button,1,0, A
0,0.0,[],"['pull thread forward', 'Drive to fabric store']",Drive to fabric store,1,0, A
1,19.230769230769237,['Drive to fabric store'],"['Push the needle through the garment into the button', 'get thread']",get thread,1,0, A
2,26.923076923076923,"['Drive to fabric store', 'get thread']","['Get garment which you would like to sew button on to.', 'Make knot between thread and clothing.']",Get garment which you would like to sew button on to.,0,0, A
3,50.0,"['Drive to fabric store', 'get thread', 'Get garment which you would like to sew button on to.']","['push needle through button and shirt', 'Take thread from sewing kit']",push needle through button and shirt,0,0, A
4,61.53846153846154,"['Drive to fabric store', 'get thread', 'Get garment which you would like to sew button on to.', 'push needle through button and shirt']","['Insert needle through one side of button', 'put the supplies away']",Insert needle through one side of button,0,0, A
5,80.76923076923077,"['Drive to fabric store', 'get thread', 'Get garment which you would like to sew button on to.', 'push needle through button and shirt', 'Insert needle through one side of button']","['Tie end in a knot', 'Find matching button, or old button.']",Tie end in a knot,0,0, A
6,84.61538461538461,"['Drive to fabric store', 'get thread', 'Get garment which you would like to sew button on to.', 'push needle through button and shirt', 'Insert needle through one side of button', 'Tie end in a knot']","['Thread a needle', 'cut the thread']",cut the thread,1,0, A
7,88.46153846153845,"['Drive to fabric store', 'get thread', 'Get garment which you would like to sew button on to.', 'push needle through button and shirt', 'Insert needle through one side of button', 'Tie end in a knot', 'cut the thread']","['Get a thimble', 'Clean up.']",Clean up.,1,0, A
0,0.0,[],"['Check the button', 'Drive to fabric store']",Drive to fabric store,1,0, A
1,19.230769230769237,['Drive to fabric store'],"['when done tie the end properly', ""Pull a thread of a matching color through the needle's eye""]",Pull a thread of a matching color through the needle's eye,1,0, A
2,34.61538461538461,"['Drive to fabric store', ""Pull a thread of a matching color through the needle's eye""]","['thread the needle', 'Continue until the button is on tight']",thread the needle,0,0, A
3,88.46153846153845,"['Drive to fabric store', ""Pull a thread of a matching color through the needle's eye"", 'thread the needle']","['put sewing kit away', 'Get out needle, thread, button, and clothing item.']",put sewing kit away,0,0, A
0,0.0,[],"['Get out needle, thread, button, and clothing item.', 'Thread sewing needle with chosen thread.']","Get out needle, thread, button, and clothing item.",0,0, A
1,7.6923076923076925,"['Get out needle, thread, button, and clothing item.']","['Get a needle and thread.', 'Start to sew on button']",Get a needle and thread.,0,0, A
2,26.923076923076923,"['Get out needle, thread, button, and clothing item.', 'Get a needle and thread.']","['Find sewing kit.', 'grab object the button is being sewed']",grab object the button is being sewed,1,0, A
3,34.61538461538461,"['Get out needle, thread, button, and clothing item.', 'Get a needle and thread.', 'grab object the button is being sewed']","['Tie knot to secure thread and button to clothes', 'Thread needle.']",Thread needle.,1,0, A
4,53.84615384615385,"['Get out needle, thread, button, and clothing item.', 'Get a needle and thread.', 'grab object the button is being sewed', 'Thread needle.']","['Run needle and thread through button hole and fabric hole', 'Get out sewing kit.']",Run needle and thread through button hole and fabric hole,0,0, A
5,80.76923076923077,"['Get out needle, thread, button, and clothing item.', 'Get a needle and thread.', 'grab object the button is being sewed', 'Thread needle.', 'Run needle and thread through button hole and fabric hole']","['Tie the end with a knot.', 'Gather supplies']",Tie the end with a knot.,0,0, A
6,84.61538461538461,"['Get out needle, thread, button, and clothing item.', 'Get a needle and thread.', 'grab object the button is being sewed', 'Thread needle.', 'Run needle and thread through button hole and fabric hole', 'Tie the end with a knot.']","['Cut thread', 'push the needle through the button']",Cut thread,0,0, A
7,88.46153846153845,"['Get out needle, thread, button, and clothing item.', 'Get a needle and thread.', 'grab object the button is being sewed', 'Thread needle.', 'Run needle and thread through button hole and fabric hole', 'Tie the end with a knot.', 'Cut thread']","['Put everything away.', 'locate needle and thread']",Put everything away.,0,0, A
8,92.3076923076923,"['Get out needle, thread, button, and clothing item.', 'Get a needle and thread.', 'grab object the button is being sewed', 'Thread needle.', 'Run needle and thread through button hole and fabric hole', 'Tie the end with a knot.', 'Cut thread', 'Put everything away.']","['thread needle', 'Check if the button is tight']",Check if the button is tight,1,0, A
0,0.0,[],"['Drive to fabric store', 'Sew the button on the cloth using the needle']",Drive to fabric store,0,0, A
1,19.230769230769237,['Drive to fabric store'],"['get thread', 'Push the needle through the fabric']",get thread,0,0, A
2,30.76923076923077,"['Drive to fabric store', 'get thread']","['Place button onto item of clothing', 'tie off the thread']",Place button onto item of clothing,0,0, A
3,34.61538461538461,"['Drive to fabric store', 'get thread', 'Place button onto item of clothing']","['Get supplies - shirt, new button, thread, needle', 'Thread a needle']",Thread a needle,1,0, A
4,42.30769230769231,"['Drive to fabric store', 'get thread', 'Place button onto item of clothing', 'Thread a needle']","['Cut about 16 inches worth of thread.', 'Cut off remaining thread']",Cut about 16 inches worth of thread.,0,0, A
5,61.53846153846154,"['Drive to fabric store', 'get thread', 'Place button onto item of clothing', 'Thread a needle', 'Cut about 16 inches worth of thread.']","['Cut off any excess thread.', 'Pull thread through']",Pull thread through,1,0, A
6,80.76923076923077,"['Drive to fabric store', 'get thread', 'Place button onto item of clothing', 'Thread a needle', 'Cut about 16 inches worth of thread.', 'Pull thread through']","['Tie off finishing knot', 'Obtain needle and thread']",Tie off finishing knot,0,0, A
7,84.61538461538461,"['Drive to fabric store', 'get thread', 'Place button onto item of clothing', 'Thread a needle', 'Cut about 16 inches worth of thread.', 'Pull thread through', 'Tie off finishing knot']","['Use scissors to cut thread', 'Get needle and thread']",Use scissors to cut thread,0,0, A
0,0.0,[],"['Crisscross on the button', 'Drive to fabric store']",Drive to fabric store,1,0, A
1,19.230769230769237,['Drive to fabric store'],"['Get thread', 'cut the thread']",Get thread,0,0, A
2,23.07692307692308,"['Drive to fabric store', 'Get thread']","['Pass the needle through the second button hole', 'Find a matching button']",Find a matching button,1,0, A
3,26.923076923076923,"['Drive to fabric store', 'Get thread', 'Find a matching button']","['grab object the button is being sewed', 'put the supplies away']",grab object the button is being sewed,0,0, A
4,34.61538461538461,"['Drive to fabric store', 'Get thread', 'Find a matching button', 'grab object the button is being sewed']","['break the thread', 'Put thread through needle hole']",Put thread through needle hole,1,0, A
5,88.46153846153845,"['Drive to fabric store', 'Get thread', 'Find a matching button', 'grab object the button is being sewed', 'Put thread through needle hole']","['put sewing kit away', 'Find a spare button that matches the other buttons']",put sewing kit away,0,0, A
0,0.0,[],"['pull through on the other side', 'Get your sewing kit']",Get your sewing kit,1,0, A
1,23.07692307692308,['Get your sewing kit'],"['Get extra button', 'Cut the thread']",Get extra button,0,0, A
2,61.53846153846154,"['Get your sewing kit', 'Get extra button']","['get some thread', 'Push needle through first hole']",Push needle through first hole,1,0, A
3,80.76923076923077,"['Get your sewing kit', 'Get extra button', 'Push needle through first hole']","['Get a needle and thread', 'when done tie the end properly']",when done tie the end properly,1,0, A
4,84.61538461538461,"['Get your sewing kit', 'Get extra button', 'Push needle through first hole', 'when done tie the end properly']","['cut the thread when finished', 'Get sewing kit']",cut the thread when finished,0,0, A
0,0.0,[],"[""Insert the thread into the eye of the needle and tie a knot so it's attached."", 'Drive to fabric store']",Drive to fabric store,1,0, A
1,19.230769230769237,['Drive to fabric store'],"['Get the thread', 'tie off the thread']",Get the thread,0,0, A
2,23.07692307692308,"['Drive to fabric store', 'Get the thread']","['Cut off excess thread', 'Find a button']",Find a button,1,0, A
3,61.53846153846154,"['Drive to fabric store', 'Get the thread', 'Find a button']","['Push needle through first hole', 'Cut the thread near the needle to finish']",Push needle through first hole,0,0, A
4,76.92307692307693,"['Drive to fabric store', 'Get the thread', 'Find a button', 'Push needle through first hole']","['Choose thread color', 'Continue crisscrossing thread between holes of button until button is tight.']",Continue crisscrossing thread between holes of button until button is tight.,1,0, A
0,0.0,[],"['Find sewing kit.', 'pull the needle through']",Find sewing kit.,0,0, A
1,23.07692307692308,['Find sewing kit.'],"['Wrap the thread', 'Take button.']",Take button.,1,0, A
2,50.0,"['Find sewing kit.', 'Take button.']","['Cut the needle off of the thread.', 'Insert the thread through the button']",Insert the thread through the button,1,0, A
3,65.38461538461539,"['Find sewing kit.', 'Take button.', 'Insert the thread through the button']","['Bring the needle up through another hole on button.', 'Take a needle']",Bring the needle up through another hole on button.,0,0, A
4,76.92307692307693,"['Find sewing kit.', 'Take button.', 'Insert the thread through the button', 'Bring the needle up through another hole on button.']","['Align the button on the correct place on the cloth', 'repeat']",repeat,1,0, A
5,84.61538461538461,"['Find sewing kit.', 'Take button.', 'Insert the thread through the button', 'Bring the needle up through another hole on button.', 'repeat']","['Cut off excess thread', 'Get thread.']",Cut off excess thread,0,0, A
6,88.46153846153845,"['Find sewing kit.', 'Take button.', 'Insert the thread through the button', 'Bring the needle up through another hole on button.', 'repeat', 'Cut off excess thread']","['Put everything away.', 'Cut away any loose threads.']",Put everything away.,0,0, A
0,0.0,[],"['Stick the head through the needle eye', 'Get button, thread, needle and scissors']","Get button, thread, needle and scissors",1,0, A
1,7.6923076923076925,"['Get button, thread, needle and scissors']","['Cut away old strings', 'Find a needle and thread']",Find a needle and thread,1,0, A
2,11.538461538461538,"['Get button, thread, needle and scissors', 'Find a needle and thread']","['Get needle.', 'Push needle through the button hole into the fabric']",Get needle.,0,0, A
3,15.384615384615383,"['Get button, thread, needle and scissors', 'Find a needle and thread', 'Get needle.']","['Check new button', 'Select thread of correct color']",Select thread of correct color,1,0, A
4,30.76923076923077,"['Get button, thread, needle and scissors', 'Find a needle and thread', 'Get needle.', 'Select thread of correct color']","['Align button', 'make sure button is secure']",Align button,0,0, A
5,50.0,"['Get button, thread, needle and scissors', 'Find a needle and thread', 'Get needle.', 'Select thread of correct color', 'Align button']","['Get out needle', 'put the needle into the fabric']",put the needle into the fabric,1,0, A
6,76.92307692307693,"['Get button, thread, needle and scissors', 'Find a needle and thread', 'Get needle.', 'Select thread of correct color', 'Align button', 'put the needle into the fabric']","['Continue to loop the needle and thread through the button holes.', 'Tie knot with thread']",Continue to loop the needle and thread through the button holes.,0,0, A
7,80.76923076923077,"['Get button, thread, needle and scissors', 'Find a needle and thread', 'Get needle.', 'Select thread of correct color', 'Align button', 'put the needle into the fabric', 'Continue to loop the needle and thread through the button holes.']","['Tie off thread', 'grab a needle and string']",Tie off thread,0,0, A
8,88.46153846153845,"['Get button, thread, needle and scissors', 'Find a needle and thread', 'Get needle.', 'Select thread of correct color', 'Align button', 'put the needle into the fabric', 'Continue to loop the needle and thread through the button holes.', 'Tie off thread']","['Acquire new button', 'Clean up.']",Clean up.,1,0, A
9,92.3076923076923,"['Get button, thread, needle and scissors', 'Find a needle and thread', 'Get needle.', 'Select thread of correct color', 'Align button', 'put the needle into the fabric', 'Continue to loop the needle and thread through the button holes.', 'Tie off thread', 'Clean up.']","['threading a needle with thread', 'MAKE SURE BUTTON IS SECURE']",MAKE SURE BUTTON IS SECURE,1,0, A
0,0.0,[],"['Cut off excess thread', 'Drive to fabric store']",Drive to fabric store,1,0, A
1,19.230769230769237,['Drive to fabric store'],"['Select thread', 'push needle to back of the item']",Select thread,0,0, A
2,26.923076923076923,"['Drive to fabric store', 'Select thread']","['get item to be sewn', 'Tie off the end of the thread']",get item to be sewn,0,0, A
3,30.76923076923077,"['Drive to fabric store', 'Select thread', 'get item to be sewn']","['Place button on desired spot on shirt.', 'Tie off the thread']",Place button on desired spot on shirt.,0,0, A
4,53.84615384615385,"['Drive to fabric store', 'Select thread', 'get item to be sewn', 'Place button on desired spot on shirt.']","['Thread the opposite diagonal hole with the needle and tighten the string', 'Drive to fabric store']",Thread the opposite diagonal hole with the needle and tighten the string,0,0, A
0,0.0,[],"['Tie knot at end of thread.', 'Get out sewing kit']",Get out sewing kit,1,0, A
1,23.07692307692308,['Get out sewing kit'],"['Grab button', 'Cross over to perpendicular hole, push needle back through']",Grab button,0,0, A
2,34.61538461538461,"['Get out sewing kit', 'Grab button']","['Cut excess thread', 'Place the thread through the needle']",Place the thread through the needle,1,0, A
3,61.53846153846154,"['Get out sewing kit', 'Grab button', 'Place the thread through the needle']","['Get the needle', 'push the needle through the button']",push the needle through the button,1,0, A
4,80.76923076923077,"['Get out sewing kit', 'Grab button', 'Place the thread through the needle', 'push the needle through the button']","['Tie thread at end', 'Get a needle.']",Tie thread at end,0,0, A
5,88.46153846153845,"['Get out sewing kit', 'Grab button', 'Place the thread through the needle', 'push the needle through the button', 'Tie thread at end']","['Get thread.', 'put items away when done']",put items away when done,1,0, A
6,92.3076923076923,"['Get out sewing kit', 'Grab button', 'Place the thread through the needle', 'push the needle through the button', 'Tie thread at end', 'put items away when done']","['Check if the button is tight', 'Insert the needle into the button hole']",Check if the button is tight,0,0, A
0,0.0,[],"['repeat 5-8 several times until button is secure', 'Find sewing kit.']",Find sewing kit.,1,0, A
1,19.230769230769237,['Find sewing kit.'],"['Get some thread.', 'Get back the needle through the third button hole']",Get some thread.,0,0, A
2,30.76923076923077,"['Find sewing kit.', 'Get some thread.']","['Line the button up in the place where the old one would have been', 'repeat 5-8 several times until button is secure']",Line the button up in the place where the old one would have been,0,0, A
3,50.0,"['Find sewing kit.', 'Get some thread.', 'Line the button up in the place where the old one would have been']","['cut the thread', 'Put needle through one hole']",Put needle through one hole,1,0, A
4,61.53846153846154,"['Find sewing kit.', 'Get some thread.', 'Line the button up in the place where the old one would have been', 'Put needle through one hole']","['Insert needle through one side of button', 'Cut loose ends']",Insert needle through one side of button,0,0, A
5,80.76923076923077,"['Find sewing kit.', 'Get some thread.', 'Line the button up in the place where the old one would have been', 'Put needle through one hole', 'Insert needle through one side of button']","['grab a needle', 'Tie the end of the string']",Tie the end of the string,1,0, A
6,84.61538461538461,"['Find sewing kit.', 'Get some thread.', 'Line the button up in the place where the old one would have been', 'Put needle through one hole', 'Insert needle through one side of button', 'Tie the end of the string']","['Get clothing', 'Cut off remaining thread']",Cut off remaining thread,1,0, A
7,88.46153846153845,"['Find sewing kit.', 'Get some thread.', 'Line the button up in the place where the old one would have been', 'Put needle through one hole', 'Insert needle through one side of button', 'Tie the end of the string', 'Cut off remaining thread']","['Get thread and needle', 'put items away when done']",put items away when done,1,0, A
8,92.3076923076923,"['Find sewing kit.', 'Get some thread.', 'Line the button up in the place where the old one would have been', 'Put needle through one hole', 'Insert needle through one side of button', 'Tie the end of the string', 'Cut off remaining thread', 'put items away when done']","['Check new button', 'Put thread through a needle.']",Check new button,0,0, A
0,0.0,[],"['Repeat until button is tight', 'Drive to fabric store']",Drive to fabric store,1,0, A
1,19.230769230769237,['Drive to fabric store'],"['Pull through', 'Find thread']",Find thread,1,0, A
2,23.07692307692308,"['Drive to fabric store', 'Find thread']","['Find a button that matches the others on your garment', 'Cut off any loose threads with a scissors.']",Find a button that matches the others on your garment,0,0, A
3,61.53846153846154,"['Drive to fabric store', 'Find thread', 'Find a button that matches the others on your garment']","['Use scissors to cut thread', 'Starting from the bottom, poke needle through hole in button']","Starting from the bottom, poke needle through hole in button",1,0, A
4,80.76923076923077,"['Drive to fabric store', 'Find thread', 'Find a button that matches the others on your garment', 'Starting from the bottom, poke needle through hole in button']","['Tie the thread in a knot to secure it', 'Get a sewing needle.']",Tie the thread in a knot to secure it,0,0, A
5,84.61538461538461,"['Drive to fabric store', 'Find thread', 'Find a button that matches the others on your garment', 'Starting from the bottom, poke needle through hole in button', 'Tie the thread in a knot to secure it']","['Find a needle', 'Cut away any extra string']",Cut away any extra string,1,0, A
6,88.46153846153845,"['Drive to fabric store', 'Find thread', 'Find a button that matches the others on your garment', 'Starting from the bottom, poke needle through hole in button', 'Tie the thread in a knot to secure it', 'Cut away any extra string']","['Take a needle and required thread', 'put items away when done']",put items away when done,1,0, A
7,92.3076923076923,"['Drive to fabric store', 'Find thread', 'Find a button that matches the others on your garment', 'Starting from the bottom, poke needle through hole in button', 'Tie the thread in a knot to secure it', 'Cut away any extra string', 'put items away when done']","['Get the proper colored thread', 'Check the button']",Check the button,1,0, A
0,0.0,[],"['Place button on item', 'Find sewing kit.']",Find sewing kit.,1,0, A
1,19.230769230769237,['Find sewing kit.'],"['Purchase thread', 'Repeat for remaining holes']",Purchase thread,0,0, A
2,34.61538461538461,"['Find sewing kit.', 'Purchase thread']","['Continue sewing.', 'Put one end of thread through the eye of the needle.']",Put one end of thread through the eye of the needle.,1,0, A
3,38.46153846153847,"['Find sewing kit.', 'Purchase thread', 'Put one end of thread through the eye of the needle.']","['Tie the thread round in between the garment and button', 'Tie a knot a the end of the thread']",Tie a knot a the end of the thread,1,0, A
4,61.53846153846154,"['Find sewing kit.', 'Purchase thread', 'Put one end of thread through the eye of the needle.', 'Tie a knot a the end of the thread']","['Holding button at appropriate location, press needle through first hole on button.', 'grab a needle']","Holding button at appropriate location, press needle through first hole on button.",0,0, A
5,76.92307692307693,"['Find sewing kit.', 'Purchase thread', 'Put one end of thread through the eye of the needle.', 'Tie a knot a the end of the thread', 'Holding button at appropriate location, press needle through first hole on button.']","['Get thread', 'Repeat steps 4 through 6 about 30 times']",Repeat steps 4 through 6 about 30 times,1,0, A
6,84.61538461538461,"['Find sewing kit.', 'Purchase thread', 'Put one end of thread through the eye of the needle.', 'Tie a knot a the end of the thread', 'Holding button at appropriate location, press needle through first hole on button.', 'Repeat steps 4 through 6 about 30 times']","['Cut loose ends', 'Pull thread through']",Cut loose ends,0,0, A
7,88.46153846153845,"['Find sewing kit.', 'Purchase thread', 'Put one end of thread through the eye of the needle.', 'Tie a knot a the end of the thread', 'Holding button at appropriate location, press needle through first hole on button.', 'Repeat steps 4 through 6 about 30 times', 'Cut loose ends']","['Put needle into one button hole through shirt.', 'Put away thread and needle']",Put away thread and needle,1,0, A
0,0.0,[],"['Get supplies - shirt, new button, thread, needle', 'Pull til it stops at the knot, push through fabric and another button hole']","Get supplies - shirt, new button, thread, needle",0,0, A
1,15.384615384615383,"['Get supplies - shirt, new button, thread, needle']","['Select thread of correct color', 'Tie off the thread on the underside of the garment']",Select thread of correct color,0,0, A
2,30.76923076923077,"['Get supplies - shirt, new button, thread, needle', 'Select thread of correct color']","['Repeat for all holes to reinforce', 'Place button where you want it to go']",Place button where you want it to go,1,0, A
3,61.53846153846154,"['Get supplies - shirt, new button, thread, needle', 'Select thread of correct color', 'Place button where you want it to go']","['Cut off excess thread', 'take needle bring up through the back of the item']",take needle bring up through the back of the item,1,0, A
4,65.38461538461539,"['Get supplies - shirt, new button, thread, needle', 'Select thread of correct color', 'Place button where you want it to go', 'take needle bring up through the back of the item']","['Cross over to perpendicular hole, push needle back through', 'find button']","Cross over to perpendicular hole, push needle back through",0,0, A
5,76.92307692307693,"['Get supplies - shirt, new button, thread, needle', 'Select thread of correct color', 'Place button where you want it to go', 'take needle bring up through the back of the item', 'Cross over to perpendicular hole, push needle back through']","['stitching the button on', 'take the cloth to be sewed']",stitching the button on,0,0, A
0,0.0,[],"['Get sewing kit', 'carefully cut off old button if exists']",Get sewing kit,0,0, A
1,34.61538461538461,['Get sewing kit'],"['Push needle under material to next hole', 'Thread needle.']",Thread needle.,1,0, A
2,38.46153846153847,"['Get sewing kit', 'Thread needle.']","['Cut loose ends', 'Tie thread to needle']",Tie thread to needle,1,0, A
3,42.30769230769231,"['Get sewing kit', 'Thread needle.', 'Tie thread to needle']","['grab a needle', 'Cut excess thread']",Cut excess thread,1,0, A
4,46.15384615384615,"['Get sewing kit', 'Thread needle.', 'Tie thread to needle', 'Cut excess thread']","['Find thread that matches', 'Put thread through button']",Put thread through button,1,0, A
5,88.46153846153845,"['Get sewing kit', 'Thread needle.', 'Tie thread to needle', 'Cut excess thread', 'Put thread through button']","['place the button', 'Put away needle and thread']",Put away needle and thread,1,0, A
6,92.3076923076923,"['Get sewing kit', 'Thread needle.', 'Tie thread to needle', 'Cut excess thread', 'Put thread through button', 'Put away needle and thread']","['Check the button', 'Push needle through the button hole into the fabric']",Check the button,0,0, A
0,0.0,[],"['Get sewing basket', 'Start to sew.']",Get sewing basket,0,0, A
1,34.61538461538461,['Get sewing basket'],"['Get scissors, needle, button and thread', 'Thread the needle']",Thread the needle,1,0, A
2,38.46153846153847,"['Get sewing basket', 'Thread the needle']","['Tie knot in end of thread', 'Repeat several times until button is secure']",Tie knot in end of thread,0,0, A
3,61.53846153846154,"['Get sewing basket', 'Thread the needle', 'Tie knot in end of thread']","['Pull the needle until thread is completely on the other side of shirt', 'Get some thread.']",Pull the needle until thread is completely on the other side of shirt,0,0, A
4,65.38461538461539,"['Get sewing basket', 'Thread the needle', 'Tie knot in end of thread', 'Pull the needle until thread is completely on the other side of shirt']","['Find a piece of clothing.', 'Slide button onto needle and thread.']",Slide button onto needle and thread.,1,0, A
5,76.92307692307693,"['Get sewing basket', 'Thread the needle', 'Tie knot in end of thread', 'Pull the needle until thread is completely on the other side of shirt', 'Slide button onto needle and thread.']","['slide thread through hole', 'Repeat until sewed on.']",Repeat until sewed on.,1,0, A
0,0.0,[],"['cut the thread when finished', 'Drive to fabric store']",Drive to fabric store,1,0, A
1,19.230769230769237,['Drive to fabric store'],"['Get thread', 'make sure button is secure']",Get thread,0,0, A
2,23.07692307692308,"['Drive to fabric store', 'Get thread']","['Find a spare button that matches the other buttons', 'Repeat until sewed on.']",Find a spare button that matches the other buttons,0,0, A
3,38.46153846153847,"['Drive to fabric store', 'Get thread', 'Find a spare button that matches the other buttons']","['Get sewing kit', 'Knot the ends of the thread together.']",Knot the ends of the thread together.,1,0, A
4,50.0,"['Drive to fabric store', 'Get thread', 'Find a spare button that matches the other buttons', 'Knot the ends of the thread together.']","['Put the thread through the button and start threading', 'Get the needle']",Put the thread through the button and start threading,0,0, A
5,61.53846153846154,"['Drive to fabric store', 'Get thread', 'Find a spare button that matches the other buttons', 'Knot the ends of the thread together.', 'Put the thread through the button and start threading']","['take the cloth to be sewed', 'push the needle through the button']",push the needle through the button,1,0, A
6,80.76923076923077,"['Drive to fabric store', 'Get thread', 'Find a spare button that matches the other buttons', 'Knot the ends of the thread together.', 'Put the thread through the button and start threading', 'push the needle through the button']","['knot thread', 'Insert thread in needle']",knot thread,0,0, A
0,0.0,[],"['Drive to fabric store', 'Crisscross on the button']",Drive to fabric store,0,0, A
1,19.230769230769237,['Drive to fabric store'],"['use the string to make it stay in place', 'Select thread']",Select thread,1,0, A
2,26.923076923076923,"['Drive to fabric store', 'Select thread']","['get item to be sewn', 'Tie off thread']",get item to be sewn,0,0, A
3,46.15384615384615,"['Drive to fabric store', 'Select thread', 'get item to be sewn']","['Insert the needle with thread in button hole and shirt', 'Push needle under material to next hole']",Insert the needle with thread in button hole and shirt,0,0, A
4,61.53846153846154,"['Drive to fabric store', 'Select thread', 'get item to be sewn', 'Insert the needle with thread in button hole and shirt']","['Get thread and needle', 'Pull thread through']",Pull thread through,1,0, A
5,76.92307692307693,"['Drive to fabric store', 'Select thread', 'get item to be sewn', 'Insert the needle with thread in button hole and shirt', 'Pull thread through']","['Keep sewing until the button is secure.', 'Tie knot with thread']",Keep sewing until the button is secure.,0,0, A
0,0.0,[],"['Drive to fabric store', 'thread needle with thread']",Drive to fabric store,0,0, A
1,19.230769230769237,['Drive to fabric store'],"['insert needle through cloth', 'Get thread.']",Get thread.,1,0, A
2,34.61538461538461,"['Drive to fabric store', 'Get thread.']","['Ending again in the back of the garment cut off the thread.', 'threading the needle']",threading the needle,1,0, A
3,46.15384615384615,"['Drive to fabric store', 'Get thread.', 'threading the needle']","['get button', 'Sow the thread through the button holes quite a few times']",Sow the thread through the button holes quite a few times,1,0, A
4,53.84615384615385,"['Drive to fabric store', 'Get thread.', 'threading the needle', 'Sow the thread through the button holes quite a few times']","['Sew needle through other holes in an X formation', 'Get out sewing kit.']",Sew needle through other holes in an X formation,0,0, A
5,80.76923076923077,"['Drive to fabric store', 'Get thread.', 'threading the needle', 'Sow the thread through the button holes quite a few times', 'Sew needle through other holes in an X formation']","['Lay down garment', 'Tie ends.']",Tie ends.,1,0, A
6,84.61538461538461,"['Drive to fabric store', 'Get thread.', 'threading the needle', 'Sow the thread through the button holes quite a few times', 'Sew needle through other holes in an X formation', 'Tie ends.']","['cut the thread', 'Pull til it stops at the knot, push through fabric and another button hole']",cut the thread,0,0, A
0,0.0,[],"['put thread through needle', 'Get a thimble']",Get a thimble,1,0, A
1,30.76923076923077,['Get a thimble'],"['Place button on shirt', 'Repeat several times until button is secure']",Place button on shirt,0,0, A
2,34.61538461538461,"['Get a thimble', 'Place button on shirt']","['put needle into adjoining hole', 'thread the needle']",thread the needle,1,0, A
3,50.0,"['Get a thimble', 'Place button on shirt', 'thread the needle']","['Stick the needle through', 'Cut excess thread']",Stick the needle through,0,0, A
4,61.53846153846154,"['Get a thimble', 'Place button on shirt', 'thread the needle', 'Stick the needle through']","['Insert needle through one side of button', 'Get needle']",Insert needle through one side of button,0,0, A
5,65.38461538461539,"['Get a thimble', 'Place button on shirt', 'thread the needle', 'Stick the needle through', 'Insert needle through one side of button']","['Cross over to perpendicular hole, push needle back through', 'Thread needle.']","Cross over to perpendicular hole, push needle back through",0,0, A
6,76.92307692307693,"['Get a thimble', 'Place button on shirt', 'thread the needle', 'Stick the needle through', 'Insert needle through one side of button', 'Cross over to perpendicular hole, push needle back through']","['Get thread.', 'repeat 6 more times']",repeat 6 more times,1,0, A
7,80.76923076923077,"['Get a thimble', 'Place button on shirt', 'thread the needle', 'Stick the needle through', 'Insert needle through one side of button', 'Cross over to perpendicular hole, push needle back through', 'repeat 6 more times']","['When button is securely in place tie knot in thread at back of garment', 'Get a needle']",When button is securely in place tie knot in thread at back of garment,0,0, A
8,84.61538461538461,"['Get a thimble', 'Place button on shirt', 'thread the needle', 'Stick the needle through', 'Insert needle through one side of button', 'Cross over to perpendicular hole, push needle back through', 'repeat 6 more times', 'When button is securely in place tie knot in thread at back of garment']","['Place item on flat surface', 'Cut the thread.']",Cut the thread.,1,0, A
0,0.0,[],"['Drive to fabric store', 'Take out the needle']",Drive to fabric store,0,0, A
1,19.230769230769237,['Drive to fabric store'],"['Tie knot on thread.', ""Pull a thread of a matching color through the needle's eye""]",Pull a thread of a matching color through the needle's eye,1,0, A
2,26.923076923076923,"['Drive to fabric store', ""Pull a thread of a matching color through the needle's eye""]","['Push through other holes', 'find shirt with missing button']",find shirt with missing button,1,0, A
3,30.76923076923077,"['Drive to fabric store', ""Pull a thread of a matching color through the needle's eye"", 'find shirt with missing button']","['tie thread at the end', 'place the button']",place the button,1,0, A
4,42.30769230769231,"['Drive to fabric store', ""Pull a thread of a matching color through the needle's eye"", 'find shirt with missing button', 'place the button']","['Cut away old strings', 'Tie off the thread on the underside of the garment']",Cut away old strings,0,0, A
5,46.15384615384615,"['Drive to fabric store', ""Pull a thread of a matching color through the needle's eye"", 'find shirt with missing button', 'place the button', 'Cut away old strings']","['Get needle', 'put the needle in and out through the holes']",put the needle in and out through the holes,1,0, A
0,0.0,[],"['Get sewing basket', 'Tie knot at end of thread.']",Get sewing basket,0,0, A
1,34.61538461538461,['Get sewing basket'],"['When done knot end.', 'tie the thread to the sewing needle']",tie the thread to the sewing needle,1,0, A
2,50.0,"['Get sewing basket', 'tie the thread to the sewing needle']","['insert needle through cloth', 'Find thread color to match button or item requiring the button']",insert needle through cloth,0,0, A
3,53.84615384615385,"['Get sewing basket', 'tie the thread to the sewing needle', 'insert needle through cloth']","['Find thread that matches', 'Place button close to clothing.']",Place button close to clothing.,1,0, A
4,84.61538461538461,"['Get sewing basket', 'tie the thread to the sewing needle', 'insert needle through cloth', 'Place button close to clothing.']","['Cut the needle off of the thread.', 'Get needle']",Cut the needle off of the thread.,0,0, A
0,0.0,[],"['place the button', 'Get out sewing kit.']",Get out sewing kit.,1,0, A
1,23.07692307692308,['Get out sewing kit.'],"['Find a button.', 'Push the needle through the garment into the button']",Find a button.,0,0, A
2,26.923076923076923,"['Get out sewing kit.', 'Find a button.']","['Make knot between thread and clothing.', 'Get the garment']",Get the garment,1,0, A
3,46.15384615384615,"['Get out sewing kit.', 'Find a button.', 'Get the garment']","['Acquire new button', 'Insert the needle with thread in button hole and shirt']",Insert the needle with thread in button hole and shirt,1,0, A
4,50.0,"['Get out sewing kit.', 'Find a button.', 'Get the garment', 'Insert the needle with thread in button hole and shirt']","['push needle through button and shirt', 'Get a sewing needle.']",push needle through button and shirt,0,0, A
5,61.53846153846154,"['Get out sewing kit.', 'Find a button.', 'Get the garment', 'Insert the needle with thread in button hole and shirt', 'push needle through button and shirt']","['Holding button at appropriate location, press needle through first hole on button.', 'Get out needle, thread, button, and clothing item.']","Holding button at appropriate location, press needle through first hole on button.",0,0, A
6,80.76923076923077,"['Get out sewing kit.', 'Find a button.', 'Get the garment', 'Insert the needle with thread in button hole and shirt', 'push needle through button and shirt', 'Holding button at appropriate location, press needle through first hole on button.']","['Thread the needle and tie a knot at end of thread.', 'Tie a knot.']",Tie a knot.,1,0, A
7,84.61538461538461,"['Get out sewing kit.', 'Find a button.', 'Get the garment', 'Insert the needle with thread in button hole and shirt', 'push needle through button and shirt', 'Holding button at appropriate location, press needle through first hole on button.', 'Tie a knot.']","['Thread the needle', 'cut remaining thread away']",cut remaining thread away,1,0, A
0,0.0,[],"['Get out needle, thread, button, and clothing item.', 'Cut about 16 inches worth of thread.']","Get out needle, thread, button, and clothing item.",0,0, A
1,15.384615384615383,"['Get out needle, thread, button, and clothing item.']","['Find matching thread', 'tie a knot in the thread']",Find matching thread,0,0, A
2,30.76923076923077,"['Get out needle, thread, button, and clothing item.', 'Find matching thread']","['Find the location where button needs to be sewn.', 'Tie off thread']",Find the location where button needs to be sewn.,0,0, A
3,34.61538461538461,"['Get out needle, thread, button, and clothing item.', 'Find matching thread', 'Find the location where button needs to be sewn.']","['Cut loose ends.', 'Thread a needle']",Thread a needle,1,0, A
4,88.46153846153845,"['Get out needle, thread, button, and clothing item.', 'Find matching thread', 'Find the location where button needs to be sewn.', 'Thread a needle']","['Look through sewing kit for a button that matches clothing.', 'PUT NEEDLE AND THREAD AWAY']",PUT NEEDLE AND THREAD AWAY,1,0, A
0,0.0,[],"['get thread, needle, button to be sewn', 'Insert needle through one side of button']","get thread, needle, button to be sewn",0,0, A
1,26.923076923076923,"['get thread, needle, button to be sewn']","['Lay down garment', 'Insert needle through other side of button on back side']",Lay down garment,0,0, A
2,34.61538461538461,"['get thread, needle, button to be sewn', 'Lay down garment']","['Pull til it stops at the knot, push through fabric and another button hole', 'put thread in needle']",put thread in needle,1,0, A
3,88.46153846153845,"['get thread, needle, button to be sewn', 'Lay down garment', 'put thread in needle']","['put needle and thread away', 'get a new button']",put needle and thread away,0,0, A
4,92.3076923076923,"['get thread, needle, button to be sewn', 'Lay down garment', 'put thread in needle', 'put needle and thread away']","['Check the button', 'Sew thread on needle through hole of button.']",Check the button,0,0, A
0,0.0,[],"['Get sewing kit', 'Sew needle through other holes in an X formation']",Get sewing kit,0,0, A
1,11.538461538461538,['Get sewing kit'],"['Tie the thread in a knot to secure it', 'Find needle']",Find needle,1,0, A
2,30.76923076923077,"['Get sewing kit', 'Find needle']","['Line the button up in the place where the old one would have been', 'Make a knot']",Line the button up in the place where the old one would have been,0,0, A
3,50.0,"['Get sewing kit', 'Find needle', 'Line the button up in the place where the old one would have been']","['Push needle through the button hole into the fabric', 'Cut off excess thread']",Push needle through the button hole into the fabric,0,0, A
4,65.38461538461539,"['Get sewing kit', 'Find needle', 'Line the button up in the place where the old one would have been', 'Push needle through the button hole into the fabric']","['Purchase thread', 'Put the needle thorough the back of the button hole.']",Put the needle thorough the back of the button hole.,1,0, A
5,76.92307692307693,"['Get sewing kit', 'Find needle', 'Line the button up in the place where the old one would have been', 'Push needle through the button hole into the fabric', 'Put the needle thorough the back of the button hole.']","['repeat 5-8 several times until button is secure', 'Knot the end to make it stay']",repeat 5-8 several times until button is secure,0,0, A
6,80.76923076923077,"['Get sewing kit', 'Find needle', 'Line the button up in the place where the old one would have been', 'Push needle through the button hole into the fabric', 'Put the needle thorough the back of the button hole.', 'repeat 5-8 several times until button is secure']","['Knot thread', 'Get out thread']",Knot thread,0,0, A
7,88.46153846153845,"['Get sewing kit', 'Find needle', 'Line the button up in the place where the old one would have been', 'Push needle through the button hole into the fabric', 'Put the needle thorough the back of the button hole.', 'repeat 5-8 several times until button is secure', 'Knot thread']","['Sew needle through other holes in an X formation', 'Put needle and thread back in drawer']",Put needle and thread back in drawer,1,0, A
0,0.0,[],"['use the string to make it stay in place', 'Drive to fabric store']",Drive to fabric store,1,0, A
1,19.230769230769237,['Drive to fabric store'],"[""Pull a thread of a matching color through the needle's eye"", 'Tie off finishing knot']",Pull a thread of a matching color through the needle's eye,0,0, A
2,23.07692307692308,"['Drive to fabric store', ""Pull a thread of a matching color through the needle's eye""]","['make sure button is secure', 'Find a button']",Find a button,1,0, A
3,61.53846153846154,"['Drive to fabric store', ""Pull a thread of a matching color through the needle's eye"", 'Find a button']","['Find sewing kit.', 'Pull thread through']",Pull thread through,1,0, A
4,76.92307692307693,"['Drive to fabric store', ""Pull a thread of a matching color through the needle's eye"", 'Find a button', 'Pull thread through']","['repeat steps 4-5 until button is secured to shirt', 'Tie a knot at the end of thread']",repeat steps 4-5 until button is secured to shirt,0,0, A
5,84.61538461538461,"['Drive to fabric store', ""Pull a thread of a matching color through the needle's eye"", 'Find a button', 'Pull thread through', 'repeat steps 4-5 until button is secured to shirt']","['Place the button in the right spot', 'Cut.']",Cut.,1,0, A
6,88.46153846153845,"['Drive to fabric store', ""Pull a thread of a matching color through the needle's eye"", 'Find a button', 'Pull thread through', 'repeat steps 4-5 until button is secured to shirt', 'Cut.']","['Place the button in the right spot', 'put the supplies away']",put the supplies away,1,0, A
7,92.3076923076923,"['Drive to fabric store', ""Pull a thread of a matching color through the needle's eye"", 'Find a button', 'Pull thread through', 'repeat steps 4-5 until button is secured to shirt', 'Cut.', 'put the supplies away']","['Sew the button in place with the needle and thread', 'MAKE SURE BUTTON IS SECURE']",MAKE SURE BUTTON IS SECURE,1,0, A
0,0.0,[],"['Get out sewing kit.', 'Pull til it stops at the knot, push through fabric and another button hole']",Get out sewing kit.,0,0, A
1,19.230769230769237,['Get out sewing kit.'],"['Tie the thread round in between the garment and button', 'get thread']",get thread,1,0, A
2,30.76923076923077,"['Get out sewing kit.', 'get thread']","['line it up with the hole', 'Get sewing kit']",line it up with the hole,0,0, A
3,50.0,"['Get out sewing kit.', 'get thread', 'line it up with the hole']","['Check the button', 'Starting on inside of garment, push through with needle.']","Starting on inside of garment, push through with needle.",1,0, A
4,65.38461538461539,"['Get out sewing kit.', 'get thread', 'line it up with the hole', 'Starting on inside of garment, push through with needle.']","['Put the needle thorough the back of the button hole.', 'thread the needle']",Put the needle thorough the back of the button hole.,0,0, A
5,69.23076923076923,"['Get out sewing kit.', 'get thread', 'line it up with the hole', 'Starting on inside of garment, push through with needle.', 'Put the needle thorough the back of the button hole.']","['Place button in desired position', 'Get back the needle through the third button hole']",Get back the needle through the third button hole,1,0, A
0,0.0,[],"['Drive to fabric store', 'Pull thread through']",Drive to fabric store,0,0, A
1,19.230769230769237,['Drive to fabric store'],"['Push needle under material to next hole', 'Get the proper colored thread']",Get the proper colored thread,1,0, A
2,34.61538461538461,"['Drive to fabric store', 'Get the proper colored thread']","['Sew through the diagonal hole of the button and the garment.', 'thread needle']",thread needle,1,0, A
3,53.84615384615385,"['Drive to fabric store', 'Get the proper colored thread', 'thread needle']","['Insert the needle into the button hole', 'Grab button']",Insert the needle into the button hole,0,0, A
4,80.76923076923077,"['Drive to fabric store', 'Get the proper colored thread', 'thread needle', 'Insert the needle into the button hole']","['tie a knot at the end of the string', 'Get the button.']",tie a knot at the end of the string,0,0, A
5,88.46153846153845,"['Drive to fabric store', 'Get the proper colored thread', 'thread needle', 'Insert the needle into the button hole', 'tie a knot at the end of the string']","['Get needle and thread', 'Put needle and thread back in drawer']",Put needle and thread back in drawer,1,0, A
6,92.3076923076923,"['Drive to fabric store', 'Get the proper colored thread', 'thread needle', 'Insert the needle into the button hole', 'tie a knot at the end of the string', 'Put needle and thread back in drawer']","['Check if the button is tight', 'Get scissors, needle, button and thread']",Check if the button is tight,0,0, A
0,0.0,[],"['Get out needle, thread, button, and clothing item.', 'Thread needle.']","Get out needle, thread, button, and clothing item.",0,0, A
1,26.923076923076923,"['Get out needle, thread, button, and clothing item.']","['Get item that needs button sewing on', 'cut thread so that need will detach']",Get item that needs button sewing on,0,0, A
2,50.0,"['Get out needle, thread, button, and clothing item.', 'Get item that needs button sewing on']","['Insert the needle from the bottom where the button is to be sewn', 'MAKE SURE BUTTON IS SECURE']",Insert the needle from the bottom where the button is to be sewn,0,0, A
3,65.38461538461539,"['Get out needle, thread, button, and clothing item.', 'Get item that needs button sewing on', 'Insert the needle from the bottom where the button is to be sewn']","['Slide button onto needle and thread.', 'Get button']",Slide button onto needle and thread.,0,0, A
4,76.92307692307693,"['Get out needle, thread, button, and clothing item.', 'Get item that needs button sewing on', 'Insert the needle from the bottom where the button is to be sewn', 'Slide button onto needle and thread.']","['Repeat until sewed on.', 'Put the button up to the garment']",Repeat until sewed on.,0,0, A
5,84.61538461538461,"['Get out needle, thread, button, and clothing item.', 'Get item that needs button sewing on', 'Insert the needle from the bottom where the button is to be sewn', 'Slide button onto needle and thread.', 'Repeat until sewed on.']","['Find a needle and thread', 'Cut thread']",Cut thread,1,0, A
0,0.0,[],"['Find sewing kit.', 'With needle and thread push needle through cloth and through button hole']",Find sewing kit.,0,0, A
1,23.07692307692308,['Find sewing kit.'],"['Repeat for all holes to reinforce', 'Look through sewing kit for a button that matches clothing.']",Look through sewing kit for a button that matches clothing.,1,0, A
2,38.46153846153847,"['Find sewing kit.', 'Look through sewing kit for a button that matches clothing.']","['Tie ends.', 'Tie a knot a the end of the thread']",Tie a knot a the end of the thread,1,0, A
3,50.0,"['Find sewing kit.', 'Look through sewing kit for a button that matches clothing.', 'Tie a knot a the end of the thread']","['Find thread that matches', 'Push the needle through the fabric']",Push the needle through the fabric,1,0, A
4,61.53846153846154,"['Find sewing kit.', 'Look through sewing kit for a button that matches clothing.', 'Tie a knot a the end of the thread', 'Push the needle through the fabric']","['take needle bring up through the back of the item', 'Get out needle']",take needle bring up through the back of the item,0,0, A
5,80.76923076923077,"['Find sewing kit.', 'Look through sewing kit for a button that matches clothing.', 'Tie a knot a the end of the thread', 'Push the needle through the fabric', 'take needle bring up through the back of the item']","['Get out needle', 'Tie off thread']",Tie off thread,1,0, A
6,84.61538461538461,"['Find sewing kit.', 'Look through sewing kit for a button that matches clothing.', 'Tie a knot a the end of the thread', 'Push the needle through the fabric', 'take needle bring up through the back of the item', 'Tie off thread']","['Cut excess thread', 'Pick up shirt missing button.']",Cut excess thread,0,0, A
7,88.46153846153845,"['Find sewing kit.', 'Look through sewing kit for a button that matches clothing.', 'Tie a knot a the end of the thread', 'Push the needle through the fabric', 'take needle bring up through the back of the item', 'Tie off thread', 'Cut excess thread']","['PUT NEEDLE AND THREAD AWAY', 'Insert the needle back into the garment from the top of the button']",PUT NEEDLE AND THREAD AWAY,0,0, A
0,0.0,[],"['Pull the needle through a hole in the button, then back into the fabric', 'Get out sewing kit']",Get out sewing kit,1,0, A
1,19.230769230769237,['Get out sewing kit'],"['Continue sewing.', 'Pull out a length of thread.']",Pull out a length of thread.,1,0, A
2,26.923076923076923,"['Get out sewing kit', 'Pull out a length of thread.']","['Take shirt', 'Pull thread through and secure button']",Take shirt,0,0, A
3,34.61538461538461,"['Get out sewing kit', 'Pull out a length of thread.', 'Take shirt']","['Thread the needle', 'when done tie the end properly']",Thread the needle,0,0, A
4,42.30769230769231,"['Get out sewing kit', 'Pull out a length of thread.', 'Take shirt', 'Thread the needle']","['Keep sewing until the button is secure.', 'Cut away any loose threads.']",Cut away any loose threads.,1,0, A
5,46.15384615384615,"['Get out sewing kit', 'Pull out a length of thread.', 'Take shirt', 'Thread the needle', 'Cut away any loose threads.']","['Get a replacement button.', 'Stick needle through hole and secure with thread']",Stick needle through hole and secure with thread,1,0, A
6,50.0,"['Get out sewing kit', 'Pull out a length of thread.', 'Take shirt', 'Thread the needle', 'Cut away any loose threads.', 'Stick needle through hole and secure with thread']","['Get thread.', 'push needle through button and shirt']",push needle through button and shirt,1,0, A
7,61.53846153846154,"['Get out sewing kit', 'Pull out a length of thread.', 'Take shirt', 'Thread the needle', 'Cut away any loose threads.', 'Stick needle through hole and secure with thread', 'push needle through button and shirt']","['Get thread', 'Push needle through hole']",Push needle through hole,1,0, A
8,65.38461538461539,"['Get out sewing kit', 'Pull out a length of thread.', 'Take shirt', 'Thread the needle', 'Cut away any loose threads.', 'Stick needle through hole and secure with thread', 'push needle through button and shirt', 'Push needle through hole']","['Place button on fabric', 'Bring the needle up through another hole on button.']",Bring the needle up through another hole on button.,1,0, A
9,69.23076923076923,"['Get out sewing kit', 'Pull out a length of thread.', 'Take shirt', 'Thread the needle', 'Cut away any loose threads.', 'Stick needle through hole and secure with thread', 'push needle through button and shirt', 'Push needle through hole', 'Bring the needle up through another hole on button.']","['Put needle in other button hole.', 'Thread needle.']",Put needle in other button hole.,0,0, A
10,73.07692307692307,"['Get out sewing kit', 'Pull out a length of thread.', 'Take shirt', 'Thread the needle', 'Cut away any loose threads.', 'Stick needle through hole and secure with thread', 'push needle through button and shirt', 'Push needle through hole', 'Bring the needle up through another hole on button.', 'Put needle in other button hole.']","['Get back the needle through the fourth button hole', 'Get sewing basket']",Get back the needle through the fourth button hole,0,0, A
11,84.61538461538461,"['Get out sewing kit', 'Pull out a length of thread.', 'Take shirt', 'Thread the needle', 'Cut away any loose threads.', 'Stick needle through hole and secure with thread', 'push needle through button and shirt', 'Push needle through hole', 'Bring the needle up through another hole on button.', 'Put needle in other button hole.', 'Get back the needle through the fourth button hole']","['Cut thread', 'getting out thread']",Cut thread,0,0, A
0,0.0,[],"['Drive to fabric store', 'Position button in correct place.']",Drive to fabric store,0,0, A
1,19.230769230769237,['Drive to fabric store'],"['Cross over to perpendicular hole, push needle back through', 'Get out thread']",Get out thread,1,0, A
2,23.07692307692308,"['Drive to fabric store', 'Get out thread']","['Find a suitable button', 'Sew button onto item']",Find a suitable button,0,0, A
3,26.923076923076923,"['Drive to fabric store', 'Get out thread', 'Find a suitable button']","['Repeat 4 or 5 times', 'Hold shirt with non-dominant hand']",Hold shirt with non-dominant hand,1,0, A
4,30.76923076923077,"['Drive to fabric store', 'Get out thread', 'Find a suitable button', 'Hold shirt with non-dominant hand']","[""TIE A KNOT IN THE END OF THE THREAD SO THE BUTTON DOESN'T COME OFF"", 'Put the button in the correct spot.']",Put the button in the correct spot.,1,0, A
5,53.84615384615385,"['Drive to fabric store', 'Get out thread', 'Find a suitable button', 'Hold shirt with non-dominant hand', 'Put the button in the correct spot.']","['Use the needle to guide the thread', 'Clean up.']",Use the needle to guide the thread,0,0, A
6,80.76923076923077,"['Drive to fabric store', 'Get out thread', 'Find a suitable button', 'Hold shirt with non-dominant hand', 'Put the button in the correct spot.', 'Use the needle to guide the thread']","['Get item that needs a button', ""Make sure it's secure""]",Make sure it's secure,1,0, A
7,84.61538461538461,"['Drive to fabric store', 'Get out thread', 'Find a suitable button', 'Hold shirt with non-dominant hand', 'Put the button in the correct spot.', 'Use the needle to guide the thread', ""Make sure it's secure""]","['Cut thread', 'Purchase thread']",Cut thread,0,0, A
0,0.0,[],"['Cut length of thread', 'Drive to fabric store']",Drive to fabric store,1,0, A
1,19.230769230769237,['Drive to fabric store'],"['Thread one hole with the needle', 'Get thread']",Get thread,1,0, A
2,34.61538461538461,"['Drive to fabric store', 'Get thread']","['Put thread in needle', 'put needle into adjoining hole']",Put thread in needle,0,0, A
3,61.53846153846154,"['Drive to fabric store', 'Get thread', 'Put thread in needle']","['put the supplies away', 'Pull the needle until thread is completely on the other side of shirt']",Pull the needle until thread is completely on the other side of shirt,1,0, A
4,80.76923076923077,"['Drive to fabric store', 'Get thread', 'Put thread in needle', 'Pull the needle until thread is completely on the other side of shirt']","['Tie a knot at the end of thread', 'Tie thread at end']",Tie thread at end,1,0, A
0,0.0,[],"['Push needle down through other button on hole', 'Get out sewing kit.']",Get out sewing kit.,1,0, A
1,11.538461538461538,['Get out sewing kit.'],"['Get a needle', 'Sew button.']",Get a needle,0,0, A
2,23.07692307692308,"['Get out sewing kit.', 'Get a needle']","['Get a button to match', 'Cut thread']",Get a button to match,0,0, A
3,34.61538461538461,"['Get out sewing kit.', 'Get a needle', 'Get a button to match']","['Push needle under material to next hole', 'Put thread in needle']",Put thread in needle,1,0, A
4,53.84615384615385,"['Get out sewing kit.', 'Get a needle', 'Get a button to match', 'Put thread in needle']","['Pull thread through and secure button', 'Find shirt']",Pull thread through and secure button,0,0, A
5,84.61538461538461,"['Get out sewing kit.', 'Get a needle', 'Get a button to match', 'Put thread in needle', 'Pull thread through and secure button']","['Cut off the extra thread', 'take the cloth to be sewed']",Cut off the extra thread,0,0, A
6,88.46153846153845,"['Get out sewing kit.', 'Get a needle', 'Get a button to match', 'Put thread in needle', 'Pull thread through and secure button', 'Cut off the extra thread']","['Clean up.', 'Use the needle to guide the thread']",Clean up.,0,0, A
0,0.0,[],"['make few passes', 'Get a thimble']",Get a thimble,1,0, A
1,26.923076923076923,['Get a thimble'],"['Lay down garment', 'Cut thread']",Lay down garment,0,0, A
2,30.76923076923077,"['Get a thimble', 'Lay down garment']","[""pass needle and thread back through another of the button's needle holes"", 'Place button where it is to be sewed']",Place button where it is to be sewed,1,0, A
3,42.30769230769231,"['Get a thimble', 'Lay down garment', 'Place button where it is to be sewed']","['Cut thread string to how much is needed', 'Tie ends.']",Cut thread string to how much is needed,0,0, A
4,46.15384615384615,"['Get a thimble', 'Lay down garment', 'Place button where it is to be sewed', 'Cut thread string to how much is needed']","['Find a button to sew.', 'Sew button onto item']",Sew button onto item,1,0, A
5,80.76923076923077,"['Get a thimble', 'Lay down garment', 'Place button where it is to be sewed', 'Cut thread string to how much is needed', 'Sew button onto item']","['locate needle and thread', ""Make sure it's secure""]",Make sure it's secure,1,0, A
6,84.61538461538461,"['Get a thimble', 'Lay down garment', 'Place button where it is to be sewed', 'Cut thread string to how much is needed', 'Sew button onto item', ""Make sure it's secure""]","['Thread needle', 'Cut thread']",Cut thread,1,0, A
0,0.0,[],"['Thread the needle', 'Drive to fabric store']",Drive to fabric store,1,0, A
1,19.230769230769237,['Drive to fabric store'],"['Sew button into place', 'Pull out a length of thread.']",Pull out a length of thread.,1,0, A
2,30.76923076923077,"['Drive to fabric store', 'Pull out a length of thread.']","['Put button in proper place', ""Make sure it's secure""]",Put button in proper place,0,0, A
3,42.30769230769231,"['Drive to fabric store', 'Pull out a length of thread.', 'Put button in proper place']","['measure and cut length of thread', 'Put away needle and thread']",measure and cut length of thread,0,0, A
4,61.53846153846154,"['Drive to fabric store', 'Pull out a length of thread.', 'Put button in proper place', 'measure and cut length of thread']","['get sewing kit', 'Push needle through hole']",Push needle through hole,1,0, A
5,76.92307692307693,"['Drive to fabric store', 'Pull out a length of thread.', 'Put button in proper place', 'measure and cut length of thread', 'Push needle through hole']","['Repeat several times, going through a different hole each time.', 'thread needle']","Repeat several times, going through a different hole each time.",0,0, A
6,84.61538461538461,"['Drive to fabric store', 'Pull out a length of thread.', 'Put button in proper place', 'measure and cut length of thread', 'Push needle through hole', 'Repeat several times, going through a different hole each time.']","['Cut the excess thread', 'Tie knot at end of thread.']",Cut the excess thread,0,0, A
7,88.46153846153845,"['Drive to fabric store', 'Pull out a length of thread.', 'Put button in proper place', 'measure and cut length of thread', 'Push needle through hole', 'Repeat several times, going through a different hole each time.', 'Cut the excess thread']","['Put everything away.', 'measure and cut length of thread']",Put everything away.,0,0, A
8,92.3076923076923,"['Drive to fabric store', 'Pull out a length of thread.', 'Put button in proper place', 'measure and cut length of thread', 'Push needle through hole', 'Repeat several times, going through a different hole each time.', 'Cut the excess thread', 'Put everything away.']","['Check new button', 'Position needle with thread']",Check new button,0,0, A
0,0.0,[],"['Push the needle through the garment into the button', 'Drive to fabric store']",Drive to fabric store,1,0, A
1,19.230769230769237,['Drive to fabric store'],"['Slide button onto needle and thread.', 'Get the proper colored thread']",Get the proper colored thread,1,0, A
2,26.923076923076923,"['Drive to fabric store', 'Get the proper colored thread']","['Get your sewing kit', 'find shirt with missing button']",find shirt with missing button,1,0, A
3,30.76923076923077,"['Drive to fabric store', 'Get the proper colored thread', 'find shirt with missing button']","['Hold button to material.', 'Tie off finishing knot']",Hold button to material.,0,0, A
4,61.53846153846154,"['Drive to fabric store', 'Get the proper colored thread', 'find shirt with missing button', 'Hold button to material.']","['Get needle', 'Pass the needle through one of the button holes']",Pass the needle through one of the button holes,1,0, A
5,80.76923076923077,"['Drive to fabric store', 'Get the proper colored thread', 'find shirt with missing button', 'Hold button to material.', 'Pass the needle through one of the button holes']","['When done knot end.', 'Cut away any loose threads.']",When done knot end.,0,0, A
6,84.61538461538461,"['Drive to fabric store', 'Get the proper colored thread', 'find shirt with missing button', 'Hold button to material.', 'Pass the needle through one of the button holes', 'When done knot end.']","['Cut off remaining thread', 'Grab thread and needle']",Cut off remaining thread,0,0, A
0,0.0,[],"['Drive to fabric store', 'Sew button through second hole']",Drive to fabric store,0,0, A
1,19.230769230769237,['Drive to fabric store'],"['Thread the opposite diagonal hole with the needle and tighten the string', 'gathering thread']",gathering thread,1,0, A
2,23.07692307692308,"['Drive to fabric store', 'gathering thread']","['Find matching button, or old button.', 'cut thread from button']","Find matching button, or old button.",0,0, A
3,26.923076923076923,"['Drive to fabric store', 'gathering thread', 'Find matching button, or old button.']","['Push needle through the button holes', 'Remove the old button']",Remove the old button,1,0, A
4,30.76923076923077,"['Drive to fabric store', 'gathering thread', 'Find matching button, or old button.', 'Remove the old button']","['Tie off your thread.', 'Position button in correct place.']",Position button in correct place.,1,0, A
5,53.84615384615385,"['Drive to fabric store', 'gathering thread', 'Find matching button, or old button.', 'Remove the old button', 'Position button in correct place.']","['Find needle and thread', 'Pull thread through opposite button hole']",Pull thread through opposite button hole,1,0, A
0,0.0,[],"['Drive to fabric store', 'thread needle']",Drive to fabric store,0,0, A
1,19.230769230769237,['Drive to fabric store'],"['Pull the needle through a hole in the button, then back into the fabric', 'Take thread from sewing kit']",Take thread from sewing kit,1,0, A
2,26.923076923076923,"['Drive to fabric store', 'Take thread from sewing kit']","['Secure the button with a knot', 'Get garment which you would like to sew button on to.']",Get garment which you would like to sew button on to.,1,0, A
3,30.76923076923077,"['Drive to fabric store', 'Take thread from sewing kit', 'Get garment which you would like to sew button on to.']","['Find placement for new button.', 'Put the needle thorough the back of the button hole.']",Find placement for new button.,0,0, A
4,53.84615384615385,"['Drive to fabric store', 'Take thread from sewing kit', 'Get garment which you would like to sew button on to.', 'Find placement for new button.']","['Use the needle to guide the thread', 'Get a needle']",Use the needle to guide the thread,0,0, A
5,80.76923076923077,"['Drive to fabric store', 'Take thread from sewing kit', 'Get garment which you would like to sew button on to.', 'Find placement for new button.', 'Use the needle to guide the thread']","['tie knot on thread', 'Get garment which you would like to sew button on to.']",tie knot on thread,0,0, A
0,0.0,[],"['Drive to fabric store', 'push the needle through the fabric']",Drive to fabric store,0,0, A
1,19.230769230769237,['Drive to fabric store'],"['Cut the thread', 'gathering thread']",gathering thread,1,0, A
2,34.61538461538461,"['Drive to fabric store', 'gathering thread']","['Put thread in needle', 'cut thread from button']",Put thread in needle,0,0, A
3,53.84615384615385,"['Drive to fabric store', 'gathering thread', 'Put thread in needle']","['Get a needle', 'Thread the opposite diagonal hole with the needle and tighten the string']",Thread the opposite diagonal hole with the needle and tighten the string,1,0, A
4,84.61538461538461,"['Drive to fabric store', 'gathering thread', 'Put thread in needle', 'Thread the opposite diagonal hole with the needle and tighten the string']","['Get a needle', 'Cut the needle off of the thread.']",Cut the needle off of the thread.,1,0, A
5,88.46153846153845,"['Drive to fabric store', 'gathering thread', 'Put thread in needle', 'Thread the opposite diagonal hole with the needle and tighten the string', 'Cut the needle off of the thread.']","['Get garment which you would like to sew button on to.', 'Put the needle and thread away']",Put the needle and thread away,1,0, A
0,0.0,[],"['Put away thread and needle', 'Get out sewing kit']",Get out sewing kit,1,0, A
1,19.230769230769237,['Get out sewing kit'],"['Tie the thread at the bottom of the button', 'gathering thread']",gathering thread,1,0, A
2,30.76923076923077,"['Get out sewing kit', 'gathering thread']","['Find placement for new button.', 'Take out the needle']",Find placement for new button.,0,0, A
3,53.84615384615385,"['Get out sewing kit', 'gathering thread', 'Find placement for new button.']","['Get needle', 'Place needle through button eyelets.']",Place needle through button eyelets.,1,0, A
4,57.692307692307686,"['Get out sewing kit', 'gathering thread', 'Find placement for new button.', 'Place needle through button eyelets.']","['Select thread', 'Insert needle through first side of button (step 3)']",Insert needle through first side of button (step 3),1,0, A
0,0.0,[],"['Pass needle through shirt and button holes', 'Grab the fabric and button']",Grab the fabric and button,1,0, A
1,7.6923076923076925,['Grab the fabric and button'],"['cut thread', 'take the needle and matching thread']",take the needle and matching thread,1,0, A
2,26.923076923076923,"['Grab the fabric and button', 'take the needle and matching thread']","['Find shirt', 'Repeat for all holes to reinforce']",Find shirt,0,0, A
3,46.15384615384615,"['Grab the fabric and button', 'take the needle and matching thread', 'Find shirt']","['Sew button onto garment.', 'Find a button that matches']",Sew button onto garment.,0,0, A
4,53.84615384615385,"['Grab the fabric and button', 'take the needle and matching thread', 'Find shirt', 'Sew button onto garment.']","['Pull thread through and secure button', 'Select thread']",Pull thread through and secure button,0,0, A
5,80.76923076923077,"['Grab the fabric and button', 'take the needle and matching thread', 'Find shirt', 'Sew button onto garment.', 'Pull thread through and secure button']","[""TIE A KNOT IN THE END OF THE THREAD SO THE BUTTON DOESN'T COME OFF"", 'Find an extra button']",TIE A KNOT IN THE END OF THE THREAD SO THE BUTTON DOESN'T COME OFF,0,0, A
6,84.61538461538461,"['Grab the fabric and button', 'take the needle and matching thread', 'Find shirt', 'Sew button onto garment.', 'Pull thread through and secure button', ""TIE A KNOT IN THE END OF THE THREAD SO THE BUTTON DOESN'T COME OFF""]","['Cut away any extra string', 'Pick up shirt missing button.']",Cut away any extra string,0,0, A
7,88.46153846153845,"['Grab the fabric and button', 'take the needle and matching thread', 'Find shirt', 'Sew button onto garment.', 'Pull thread through and secure button', ""TIE A KNOT IN THE END OF THE THREAD SO THE BUTTON DOESN'T COME OFF"", 'Cut away any extra string']","['Put needle and thread back in drawer', 'Pull through other end']",Put needle and thread back in drawer,0,0, A
8,92.3076923076923,"['Grab the fabric and button', 'take the needle and matching thread', 'Find shirt', 'Sew button onto garment.', 'Pull thread through and secure button', ""TIE A KNOT IN THE END OF THE THREAD SO THE BUTTON DOESN'T COME OFF"", 'Cut away any extra string', 'Put needle and thread back in drawer']","['Push needle through hole', 'Check the button']",Check the button,1,0, A
0,0.0,[],"['Make a knot', 'Get your sewing kit']",Get your sewing kit,1,0, A
1,23.07692307692308,['Get your sewing kit'],"['Find a button that matches the others on your garment', 'Sew thread on needle through hole of button.']",Find a button that matches the others on your garment,0,0, A
2,38.46153846153847,"['Get your sewing kit', 'Find a button that matches the others on your garment']","['Repeat 4 or 5 times', 'Knot the end to make it stay']",Knot the end to make it stay,1,0, A
3,46.15384615384615,"['Get your sewing kit', 'Find a button that matches the others on your garment', 'Knot the end to make it stay']","['Gather supplies', 'Move needle in and out of button holes to secure to shirt.']",Move needle in and out of button holes to secure to shirt.,1,0, A
4,88.46153846153845,"['Get your sewing kit', 'Find a button that matches the others on your garment', 'Knot the end to make it stay', 'Move needle in and out of button holes to secure to shirt.']","['Put needle away', 'Insert needle through one side of button']",Put needle away,0,0, A
5,92.3076923076923,"['Get your sewing kit', 'Find a button that matches the others on your garment', 'Knot the end to make it stay', 'Move needle in and out of button holes to secure to shirt.', 'Put needle away']","['Check if the button is tight', 'Get sewing kit']",Check if the button is tight,0,0, A
0,0.0,[],"['Drive to fabric store', 'Find a piece of clothing.']",Drive to fabric store,0,0, A
1,19.230769230769237,['Drive to fabric store'],"['Get the thread', 'Tie the thread']",Get the thread,0,0, A
2,34.61538461538461,"['Drive to fabric store', 'Get the thread']","['Repeat to make loop and knot it.', 'Put one end of thread through the eye of the needle.']",Put one end of thread through the eye of the needle.,1,0, A
3,38.46153846153847,"['Drive to fabric store', 'Get the thread', 'Put one end of thread through the eye of the needle.']","['Tie knot in end of thread', 'Get out sewing kit.']",Tie knot in end of thread,0,0, A
4,46.15384615384615,"['Drive to fabric store', 'Get the thread', 'Put one end of thread through the eye of the needle.', 'Tie knot in end of thread']","['Get thread', 'Sew the button on the cloth using the needle']",Sew the button on the cloth using the needle,1,0, A
5,61.53846153846154,"['Drive to fabric store', 'Get the thread', 'Put one end of thread through the eye of the needle.', 'Tie knot in end of thread', 'Sew the button on the cloth using the needle']","['Put needle into one button hole through shirt.', 'Get the garment']",Put needle into one button hole through shirt.,0,0, A
6,76.92307692307693,"['Drive to fabric store', 'Get the thread', 'Put one end of thread through the eye of the needle.', 'Tie knot in end of thread', 'Sew the button on the cloth using the needle', 'Put needle into one button hole through shirt.']","['gathering thread', 'repeat 6 more times']",repeat 6 more times,1,0, A
7,84.61538461538461,"['Drive to fabric store', 'Get the thread', 'Put one end of thread through the eye of the needle.', 'Tie knot in end of thread', 'Sew the button on the cloth using the needle', 'Put needle into one button hole through shirt.', 'repeat 6 more times']","['Hold shirt with non-dominant hand', 'Cut off any loose threads with a scissors.']",Cut off any loose threads with a scissors.,1,0, A
8,88.46153846153845,"['Drive to fabric store', 'Get the thread', 'Put one end of thread through the eye of the needle.', 'Tie knot in end of thread', 'Sew the button on the cloth using the needle', 'Put needle into one button hole through shirt.', 'repeat 6 more times', 'Cut off any loose threads with a scissors.']","['Put away needle and thread', 'Sew needle through other holes in an X formation']",Put away needle and thread,0,0, A
0,0.0,[],"['pull the thread through the eye of needle', 'Get supplies - shirt, new button, thread, needle']","Get supplies - shirt, new button, thread, needle",1,0, A
1,30.76923076923077,"['Get supplies - shirt, new button, thread, needle']","['Place button where desired', 'cut thread']",Place button where desired,0,0, A
2,34.61538461538461,"['Get supplies - shirt, new button, thread, needle', 'Place button where desired']","['Thread needle with matching thread', 'Cut off end from needle']",Thread needle with matching thread,0,0, A
3,50.0,"['Get supplies - shirt, new button, thread, needle', 'Place button where desired', 'Thread needle with matching thread']","['Put thread through needle.', 'Get out thread']",Put thread through needle.,0,0, A
4,53.84615384615385,"['Get supplies - shirt, new button, thread, needle', 'Place button where desired', 'Thread needle with matching thread', 'Put thread through needle.']","['Pull it back out the other hole', 'Get thread and needle']",Pull it back out the other hole,0,0, A
0,0.0,[],"['Get sewing kit', 'put the supplies away']",Get sewing kit,0,0, A
1,23.07692307692308,['Get sewing kit'],"['Find a button', 'Start sewing']",Find a button,0,0, A
2,26.923076923076923,"['Get sewing kit', 'Find a button']","['Do this through all holes of button', 'Lay down garment']",Lay down garment,1,0, A
3,30.76923076923077,"['Get sewing kit', 'Find a button', 'Lay down garment']","['Cut the thread', 'Hold button in place on clothing.']",Hold button in place on clothing.,1,0, A
4,46.15384615384615,"['Get sewing kit', 'Find a button', 'Lay down garment', 'Hold button in place on clothing.']","['Get the sewing kit.', 'moving the needle in and out of the fabric']",moving the needle in and out of the fabric,1,0, A
5,80.76923076923077,"['Get sewing kit', 'Find a button', 'Lay down garment', 'Hold button in place on clothing.', 'moving the needle in and out of the fabric']","['Make a knot', 'Place button on item']",Make a knot,0,0, A
6,84.61538461538461,"['Get sewing kit', 'Find a button', 'Lay down garment', 'Hold button in place on clothing.', 'moving the needle in and out of the fabric', 'Make a knot']","['thread the needle', 'Cut thread']",Cut thread,1,0, A
7,88.46153846153845,"['Get sewing kit', 'Find a button', 'Lay down garment', 'Hold button in place on clothing.', 'moving the needle in and out of the fabric', 'Make a knot', 'Cut thread']","['Insert the needle from the bottom where the button is to be sewn', 'Take out the needle']",Take out the needle,1,0, A
8,92.3076923076923,"['Get sewing kit', 'Find a button', 'Lay down garment', 'Hold button in place on clothing.', 'moving the needle in and out of the fabric', 'Make a knot', 'Cut thread', 'Take out the needle']","['Select thread', 'MAKE SURE BUTTON IS SECURE']",MAKE SURE BUTTON IS SECURE,1,0, A
0,0.0,[],"['Get supplies - shirt, new button, thread, needle', 'Wrap the thread']","Get supplies - shirt, new button, thread, needle",0,0, A
1,15.384615384615383,"['Get supplies - shirt, new button, thread, needle']","['Repeat 4 or 5 times', 'Find matching thread']",Find matching thread,1,0, A
2,30.76923076923077,"['Get supplies - shirt, new button, thread, needle', 'Find matching thread']","['Place button on clothing', 'Cut off excess thread']",Place button on clothing,0,0, A
3,53.84615384615385,"['Get supplies - shirt, new button, thread, needle', 'Find matching thread', 'Place button on clothing']","['pull thread forward', 'Find a suitable button']",pull thread forward,0,0, A
4,76.92307692307693,"['Get supplies - shirt, new button, thread, needle', 'Find matching thread', 'Place button on clothing', 'pull thread forward']","['get some thread', 'stitching the button on']",stitching the button on,1,0, A
5,80.76923076923077,"['Get supplies - shirt, new button, thread, needle', 'Find matching thread', 'Place button on clothing', 'pull thread forward', 'stitching the button on']","['Tie the thread at the bottom of the button', 'Take a button']",Tie the thread at the bottom of the button,0,0, A
6,88.46153846153845,"['Get supplies - shirt, new button, thread, needle', 'Find matching thread', 'Place button on clothing', 'pull thread forward', 'stitching the button on', 'Tie the thread at the bottom of the button']","['Take out the needle', 'Find sewing kit.']",Take out the needle,0,0, A
0,0.0,[],"['Get a thimble', 'Starting on inside of garment, push through with needle.']",Get a thimble,0,0, A
1,26.923076923076923,['Get a thimble'],"['Repeat this until the button is secure', 'grab object the button is being sewed']",grab object the button is being sewed,1,0, A
2,34.61538461538461,"['Get a thimble', 'grab object the button is being sewed']","[""pass needle and thread back through another of the button's needle holes"", 'Thread needle.']",Thread needle.,1,0, A
3,42.30769230769231,"['Get a thimble', 'grab object the button is being sewed', 'Thread needle.']","['Cut away old strings', 'Push through other holes']",Cut away old strings,0,0, A
4,46.15384615384615,"['Get a thimble', 'grab object the button is being sewed', 'Thread needle.', 'Cut away old strings']","['Find thread that matches', 'Put thread through button']",Put thread through button,1,0, A
5,84.61538461538461,"['Get a thimble', 'grab object the button is being sewed', 'Thread needle.', 'Cut away old strings', 'Put thread through button']","['Cut off remaining thread', 'Get thread.']",Cut off remaining thread,0,0, A
0,0.0,[],"['Get sewing basket', 'Pull needle out other side.']",Get sewing basket,0,0, A
1,11.538461538461538,['Get sewing basket'],"['Select needle', 'Sew the button through the button holes onto the shirt']",Select needle,0,0, A
2,34.61538461538461,"['Get sewing basket', 'Select needle']","['Thread the needle', 'cut the thread']",Thread the needle,0,0, A
3,42.30769230769231,"['Get sewing basket', 'Select needle', 'Thread the needle']","['Find right color string', 'Cut thread string to how much is needed']",Cut thread string to how much is needed,1,0, A
4,61.53846153846154,"['Get sewing basket', 'Select needle', 'Thread the needle', 'Cut thread string to how much is needed']","['Push needle through first hole', 'take the needle and matching thread']",Push needle through first hole,0,0, A
5,76.92307692307693,"['Get sewing basket', 'Select needle', 'Thread the needle', 'Cut thread string to how much is needed', 'Push needle through first hole']","['Get the button', 'repeat steps 4-5 until button is secured to shirt']",repeat steps 4-5 until button is secured to shirt,1,0, A
6,84.61538461538461,"['Get sewing basket', 'Select needle', 'Thread the needle', 'Cut thread string to how much is needed', 'Push needle through first hole', 'repeat steps 4-5 until button is secured to shirt']","['Cut off the extra thread', 'Put button on shirt']",Cut off the extra thread,0,0, A
7,88.46153846153845,"['Get sewing basket', 'Select needle', 'Thread the needle', 'Cut thread string to how much is needed', 'Push needle through first hole', 'repeat steps 4-5 until button is secured to shirt', 'Cut off the extra thread']","['Put supplies away', 'Put the thread through the button and start threading']",Put supplies away,0,0, A
8,92.3076923076923,"['Get sewing basket', 'Select needle', 'Thread the needle', 'Cut thread string to how much is needed', 'Push needle through first hole', 'repeat steps 4-5 until button is secured to shirt', 'Cut off the extra thread', 'Put supplies away']","['Thread needle', 'MAKE SURE BUTTON IS SECURE']",MAKE SURE BUTTON IS SECURE,1,0, A
0,0.0,[],"['Thread the needle', 'Drive to fabric store']",Drive to fabric store,1,0, A
1,19.230769230769237,['Drive to fabric store'],"['Poke needle through opposite hole', 'Get thread.']",Get thread.,1,0, A
2,34.61538461538461,"['Drive to fabric store', 'Get thread.']","['Thread needle.', 'Cut the thread near the needle to finish']",Thread needle.,0,0, A
3,42.30769230769231,"['Drive to fabric store', 'Get thread.', 'Thread needle.']","['Repeat to make loop and knot it.', 'Cut thread string to how much is needed']",Cut thread string to how much is needed,1,0, A
4,61.53846153846154,"['Drive to fabric store', 'Get thread.', 'Thread needle.', 'Cut thread string to how much is needed']","['Get needle.', 'Holding button at appropriate location, press needle through first hole on button.']","Holding button at appropriate location, press needle through first hole on button.",1,0, A
5,80.76923076923077,"['Drive to fabric store', 'Get thread.', 'Thread needle.', 'Cut thread string to how much is needed', 'Holding button at appropriate location, press needle through first hole on button.']","['knot thread', 'Find a button.']",knot thread,0,0, A
6,84.61538461538461,"['Drive to fabric store', 'Get thread.', 'Thread needle.', 'Cut thread string to how much is needed', 'Holding button at appropriate location, press needle through first hole on button.', 'knot thread']","['Get a needle', 'Cut excess thread']",Cut excess thread,1,0, A
0,0.0,[],"['put the needle into the fabric', 'Grab the fabric and button']",Grab the fabric and button,1,0, A
1,26.923076923076923,['Grab the fabric and button'],"['Hold shirt with non-dominant hand', 'Repeat this until the button is secure']",Hold shirt with non-dominant hand,0,0, A
2,30.76923076923077,"['Grab the fabric and button', 'Hold shirt with non-dominant hand']","['Repeat for remaining holes', 'line new button up with corresponding button hole']",line new button up with corresponding button hole,1,0, A
3,34.61538461538461,"['Grab the fabric and button', 'Hold shirt with non-dominant hand', 'line new button up with corresponding button hole']","['Thread needle.', 'Tie the end with a knot.']",Thread needle.,0,0, A
4,42.30769230769231,"['Grab the fabric and button', 'Hold shirt with non-dominant hand', 'line new button up with corresponding button hole', 'Thread needle.']","['Cut length of thread', 'Put away needle and thread']",Cut length of thread,0,0, A
5,61.53846153846154,"['Grab the fabric and button', 'Hold shirt with non-dominant hand', 'line new button up with corresponding button hole', 'Thread needle.', 'Cut length of thread']","['Put needle and thread back in drawer', 'Insert needle through one side of button']",Insert needle through one side of button,1,0, A
6,80.76923076923077,"['Grab the fabric and button', 'Hold shirt with non-dominant hand', 'line new button up with corresponding button hole', 'Thread needle.', 'Cut length of thread', 'Insert needle through one side of button']","['Select thread', 'Tie off the end of the thread']",Tie off the end of the thread,1,0, A
7,88.46153846153845,"['Grab the fabric and button', 'Hold shirt with non-dominant hand', 'line new button up with corresponding button hole', 'Thread needle.', 'Cut length of thread', 'Insert needle through one side of button', 'Tie off the end of the thread']","['Put needle and thread back in drawer', 'Take out sewing kit']",Put needle and thread back in drawer,0,0, A
8,92.3076923076923,"['Grab the fabric and button', 'Hold shirt with non-dominant hand', 'line new button up with corresponding button hole', 'Thread needle.', 'Cut length of thread', 'Insert needle through one side of button', 'Tie off the end of the thread', 'Put needle and thread back in drawer']","['Place the button on the cloth', 'MAKE SURE BUTTON IS SECURE']",MAKE SURE BUTTON IS SECURE,1,0, A
0,0.0,[],"['Drive to fabric store', 'Pull needle and thread']",Drive to fabric store,0,0, A
1,19.230769230769237,['Drive to fabric store'],"['Repeat steps 4 through 6 about 30 times', 'Get out thread']",Get out thread,1,0, A
2,23.07692307692308,"['Drive to fabric store', 'Get out thread']","['Cut off excess thread', 'Find a matching button']",Find a matching button,1,0, A
3,26.923076923076923,"['Drive to fabric store', 'Get out thread', 'Find a matching button']","['Get clothing', 'Cut the thread near the needle to finish']",Get clothing,0,0, A
4,34.61538461538461,"['Drive to fabric store', 'Get out thread', 'Find a matching button', 'Get clothing']","['Thread the needle', 'get thread, needle, button to be sewn']",Thread the needle,0,0, A
5,42.30769230769231,"['Drive to fabric store', 'Get out thread', 'Find a matching button', 'Get clothing', 'Thread the needle']","['Tie the thread round in between the garment and button', 'Cut away old strings']",Cut away old strings,1,0, A
6,46.15384615384615,"['Drive to fabric store', 'Get out thread', 'Find a matching button', 'Get clothing', 'Thread the needle', 'Cut away old strings']","['Get your button', 'Sew on']",Sew on,1,0, A
7,76.92307692307693,"['Drive to fabric store', 'Get out thread', 'Find a matching button', 'Get clothing', 'Thread the needle', 'Cut away old strings', 'Sew on']","['Get clothes', 'Repeat step 8 until button is sewn on']",Repeat step 8 until button is sewn on,1,0, A
8,84.61538461538461,"['Drive to fabric store', 'Get out thread', 'Find a matching button', 'Get clothing', 'Thread the needle', 'Cut away old strings', 'Sew on', 'Repeat step 8 until button is sewn on']","['cut thread so that need will detach', 'thread needle']",cut thread so that need will detach,0,0, A
0,0.0,[],"['Insert the needle with thread in button hole and shirt', 'Get a thimble']",Get a thimble,1,0, A
1,26.923076923076923,['Get a thimble'],"['Place item on flat surface', 'Holding button at appropriate location, press needle through first hole on button.']",Place item on flat surface,0,0, A
2,30.76923076923077,"['Get a thimble', 'Place item on flat surface']","['Put the button in the correct spot.', 'cut the thread when finished']",Put the button in the correct spot.,0,0, A
3,61.53846153846154,"['Get a thimble', 'Place item on flat surface', 'Put the button in the correct spot.']","['grab object the button is being sewed', 'Put needle into one button hole through shirt.']",Put needle into one button hole through shirt.,1,0, A
4,80.76923076923077,"['Get a thimble', 'Place item on flat surface', 'Put the button in the correct spot.', 'Put needle into one button hole through shirt.']","['Make a knot at end', 'Tie the end with a knot.']",Tie the end with a knot.,1,0, A
0,0.0,[],"['thread the needle', 'Get a thimble']",Get a thimble,1,0, A
1,30.76923076923077,['Get a thimble'],"['Pull til it stops at the knot, push through fabric and another button hole', 'Position button on shirt']",Position button on shirt,1,0, A
2,50.0,"['Get a thimble', 'Position button on shirt']","['Starting on inside of garment, push through with needle.', 'Get out needle, thread, button, and clothing item.']","Starting on inside of garment, push through with needle.",0,0, A
3,61.53846153846154,"['Get a thimble', 'Position button on shirt', 'Starting on inside of garment, push through with needle.']","['Get thread', 'Start sewing going into the back of the garment.']",Start sewing going into the back of the garment.,1,0, A
4,80.76923076923077,"['Get a thimble', 'Position button on shirt', 'Starting on inside of garment, push through with needle.', 'Start sewing going into the back of the garment.']","['Tie off thread', 'Grab thread and needle']",Tie off thread,0,0, A
0,0.0,[],"['Cut excess thread', 'Find sewing kit']",Find sewing kit,1,0, A
1,23.07692307692308,['Find sewing kit'],"['Pass needle through shirt and button holes', 'Find an extra button']",Find an extra button,1,0, A
2,26.923076923076923,"['Find sewing kit', 'Find an extra button']","['Cut loose ends.', 'Lay down garment']",Lay down garment,1,0, A
3,34.61538461538461,"['Find sewing kit', 'Find an extra button', 'Lay down garment']","['tie thread at the end', ""Insert the thread into the eye of the needle and tie a knot so it's attached.""]",Insert the thread into the eye of the needle and tie a knot so it's attached.,1,0, A
4,53.84615384615385,"['Find sewing kit', 'Find an extra button', 'Lay down garment', ""Insert the thread into the eye of the needle and tie a knot so it's attached.""]","['Thread the opposite diagonal hole with the needle and tighten the string', 'Put the needle and thread away']",Thread the opposite diagonal hole with the needle and tighten the string,0,0, A
5,61.53846153846154,"['Find sewing kit', 'Find an extra button', 'Lay down garment', ""Insert the thread into the eye of the needle and tie a knot so it's attached."", 'Thread the opposite diagonal hole with the needle and tighten the string']","['Use scissors to cut thread', 'Start sewing going into the back of the garment.']",Start sewing going into the back of the garment.,1,0, A
6,76.92307692307693,"['Find sewing kit', 'Find an extra button', 'Lay down garment', ""Insert the thread into the eye of the needle and tie a knot so it's attached."", 'Thread the opposite diagonal hole with the needle and tighten the string', 'Start sewing going into the back of the garment.']","['Get a sewing needle.', 'Do this several times until the button is secure']",Do this several times until the button is secure,1,0, A
7,80.76923076923077,"['Find sewing kit', 'Find an extra button', 'Lay down garment', ""Insert the thread into the eye of the needle and tie a knot so it's attached."", 'Thread the opposite diagonal hole with the needle and tighten the string', 'Start sewing going into the back of the garment.', 'Do this several times until the button is secure']","['Thread the needle', 'tie a knot at the end of the string']",tie a knot at the end of the string,1,0, A
8,88.46153846153845,"['Find sewing kit', 'Find an extra button', 'Lay down garment', ""Insert the thread into the eye of the needle and tie a knot so it's attached."", 'Thread the opposite diagonal hole with the needle and tighten the string', 'Start sewing going into the back of the garment.', 'Do this several times until the button is secure', 'tie a knot at the end of the string']","['Place button where it is to be sewed', 'put needle and thread away']",put needle and thread away,1,0, A
9,92.3076923076923,"['Find sewing kit', 'Find an extra button', 'Lay down garment', ""Insert the thread into the eye of the needle and tie a knot so it's attached."", 'Thread the opposite diagonal hole with the needle and tighten the string', 'Start sewing going into the back of the garment.', 'Do this several times until the button is secure', 'tie a knot at the end of the string', 'put needle and thread away']","['MAKE SURE BUTTON IS SECURE', 'Get needle']",MAKE SURE BUTTON IS SECURE,0,0, A
0,0.0,[],"['Drive to fabric store', 'line new button up with corresponding button hole']",Drive to fabric store,0,0, A
1,19.230769230769237,['Drive to fabric store'],"['Get thread', 'Hold button in place']",Get thread,0,0, A
2,34.61538461538461,"['Drive to fabric store', 'Get thread']","['Repeat several times until button is secure', 'Thread the needle']",Thread the needle,1,0, A
3,50.0,"['Drive to fabric store', 'Get thread', 'Thread the needle']","['Grab thread and needle', 'Put needle through one hole']",Put needle through one hole,1,0, A
4,65.38461538461539,"['Drive to fabric store', 'Get thread', 'Thread the needle', 'Put needle through one hole']","['place the button', 'Sew button through second hole']",Sew button through second hole,1,0, A
5,76.92307692307693,"['Drive to fabric store', 'Get thread', 'Thread the needle', 'Put needle through one hole', 'Sew button through second hole']","['Get out thread', 'Keep threading until the button is firmly attached']",Keep threading until the button is firmly attached,1,0, A
0,0.0,[],"['Tie thread to needle', 'Get out sewing kit.']",Get out sewing kit.,1,0, A
1,7.6923076923076925,['Get out sewing kit.'],"['Tie thread at end', 'Take a needle and required thread']",Take a needle and required thread,1,0, A
2,26.923076923076923,"['Get out sewing kit.', 'Take a needle and required thread']","['Get clothes', 'Put needle in other button hole.']",Get clothes,0,0, A
3,46.15384615384615,"['Get out sewing kit.', 'Take a needle and required thread', 'Get clothes']","['Find replacement button.', 'sew button into fabric making sure stitches are secure']",sew button into fabric making sure stitches are secure,1,0, A
4,80.76923076923077,"['Get out sewing kit.', 'Take a needle and required thread', 'Get clothes', 'sew button into fabric making sure stitches are secure']","['knot thread', 'when done tie the end properly']",when done tie the end properly,1,0, A
5,88.46153846153845,"['Get out sewing kit.', 'Take a needle and required thread', 'Get clothes', 'sew button into fabric making sure stitches are secure', 'when done tie the end properly']","['Clean up.', 'Poke a hole in the fabric']",Clean up.,0,0, A
6,92.3076923076923,"['Get out sewing kit.', 'Take a needle and required thread', 'Get clothes', 'sew button into fabric making sure stitches are secure', 'when done tie the end properly', 'Clean up.']","['ATTACH BUTTON USING NEEDLE AND THREAD', 'Check new button']",Check new button,1,0, A
0,0.0,[],"['Drive to fabric store', 'place button on cloth where it needs to go']",Drive to fabric store,0,0, A
1,19.230769230769237,['Drive to fabric store'],"['Select thread', 'knot thread']",Select thread,0,0, A
2,23.07692307692308,"['Drive to fabric store', 'Select thread']","['Push through other holes', 'Choose a button.']",Choose a button.,1,0, A
3,26.923076923076923,"['Drive to fabric store', 'Select thread', 'Choose a button.']","['Pull through other end', 'Take shirt']",Take shirt,1,0, A
4,34.61538461538461,"['Drive to fabric store', 'Select thread', 'Choose a button.', 'Take shirt']","['Grab the fabric and button', 'thread needle']",thread needle,1,0, A
5,46.15384615384615,"['Drive to fabric store', 'Select thread', 'Choose a button.', 'Take shirt', 'thread needle']","['locate needle and thread', 'use needle and thread to sew button onto shirt']",use needle and thread to sew button onto shirt,1,0, A
6,50.0,"['Drive to fabric store', 'Select thread', 'Choose a button.', 'Take shirt', 'thread needle', 'use needle and thread to sew button onto shirt']","['Put needle through button and shirt', 'Cut off excess thread']",Put needle through button and shirt,0,0, A
7,53.84615384615385,"['Drive to fabric store', 'Select thread', 'Choose a button.', 'Take shirt', 'thread needle', 'use needle and thread to sew button onto shirt', 'Put needle through button and shirt']","['repeat the same way', 'Find a spare button that matches the other buttons']",repeat the same way,0,0, A
8,80.76923076923077,"['Drive to fabric store', 'Select thread', 'Choose a button.', 'Take shirt', 'thread needle', 'use needle and thread to sew button onto shirt', 'Put needle through button and shirt', 'repeat the same way']","['Get thread', 'Tie end in a knot']",Tie end in a knot,1,0, A
9,88.46153846153845,"['Drive to fabric store', 'Select thread', 'Choose a button.', 'Take shirt', 'thread needle', 'use needle and thread to sew button onto shirt', 'Put needle through button and shirt', 'repeat the same way', 'Tie end in a knot']","['push the needle through the button', 'Put the needle and thread away']",Put the needle and thread away,1,0, A
10,92.3076923076923,"['Drive to fabric store', 'Select thread', 'Choose a button.', 'Take shirt', 'thread needle', 'use needle and thread to sew button onto shirt', 'Put needle through button and shirt', 'repeat the same way', 'Tie end in a knot', 'Put the needle and thread away']","['Tie knot at end of thread.', 'Check the button']",Check the button,1,0, A
0,0.0,[],"['Get out sewing kit.', 'Make knot between thread and clothing.']",Get out sewing kit.,0,0, A
1,7.6923076923076925,['Get out sewing kit.'],"['repeat', 'Get thread and needle']",Get thread and needle,1,0, A
2,34.61538461538461,"['Get out sewing kit.', 'Get thread and needle']","['put needle into adjoining hole', 'Put thread through a needle.']",Put thread through a needle.,1,0, A
3,46.15384615384615,"['Get out sewing kit.', 'Get thread and needle', 'Put thread through a needle.']","['Pull out a length of thread.', 'Push needle through fabric and button hole']",Push needle through fabric and button hole,1,0, A
4,76.92307692307693,"['Get out sewing kit.', 'Get thread and needle', 'Put thread through a needle.', 'Push needle through fabric and button hole']","['Get out sewing kit.', 'Repeat until button is tight']",Repeat until button is tight,1,0, A
5,84.61538461538461,"['Get out sewing kit.', 'Get thread and needle', 'Put thread through a needle.', 'Push needle through fabric and button hole', 'Repeat until button is tight']","['Align button', 'cut remaining thread away']",cut remaining thread away,1,0, A
6,88.46153846153845,"['Get out sewing kit.', 'Get thread and needle', 'Put thread through a needle.', 'Push needle through fabric and button hole', 'Repeat until button is tight', 'cut remaining thread away']","['Clean up.', 'Purchase buttons']",Clean up.,0,0, A
0,0.0,[],"['Place button on shirt', 'Get sewing basket']",Get sewing basket,1,0, A
1,7.6923076923076925,['Get sewing basket'],"['Tie of thread on inside', 'Get a thread and a needle']",Get a thread and a needle,1,0, A
2,26.923076923076923,"['Get sewing basket', 'Get a thread and a needle']","[""Repeat until it's stable"", 'Get the item of clothing the button is to go on']",Get the item of clothing the button is to go on,1,0, A
3,34.61538461538461,"['Get sewing basket', 'Get a thread and a needle', 'Get the item of clothing the button is to go on']","['Tie knot on thread.', 'Thread the needle']",Thread the needle,1,0, A
4,38.46153846153847,"['Get sewing basket', 'Get a thread and a needle', 'Get the item of clothing the button is to go on', 'Thread the needle']","['Repeat procedure until button is secure', 'Tie thread to needle']",Tie thread to needle,1,0, A
5,46.15384615384615,"['Get sewing basket', 'Get a thread and a needle', 'Get the item of clothing the button is to go on', 'Thread the needle', 'Tie thread to needle']","['Get thread and needle', 'Use the needle to go through the button holes and the fabric']",Use the needle to go through the button holes and the fabric,1,0, A
6,80.76923076923077,"['Get sewing basket', 'Get a thread and a needle', 'Get the item of clothing the button is to go on', 'Thread the needle', 'Tie thread to needle', 'Use the needle to go through the button holes and the fabric']","['Tie off thread', 'Thread needle']",Tie off thread,0,0, A
7,84.61538461538461,"['Get sewing basket', 'Get a thread and a needle', 'Get the item of clothing the button is to go on', 'Thread the needle', 'Tie thread to needle', 'Use the needle to go through the button holes and the fabric', 'Tie off thread']","['Cut thread', 'Find sewing kit.']",Cut thread,0,0, A
0,0.0,[],"['Get the sewing kit.', 'Find the location where button needs to be sewn.']",Get the sewing kit.,0,0, A
1,19.230769230769237,['Get the sewing kit.'],"['Get thread.', 'MAKE SURE BUTTON IS SECURE']",Get thread.,0,0, A
2,34.61538461538461,"['Get the sewing kit.', 'Get thread.']","['Put thread in it', 'tie a knot at the end of the string']",Put thread in it,0,0, A
3,50.0,"['Get the sewing kit.', 'Get thread.', 'Put thread in it']","['Take out right colored thread.', 'put the needle into the fabric']",put the needle into the fabric,1,0, A
4,53.84615384615385,"['Get the sewing kit.', 'Get thread.', 'Put thread in it', 'put the needle into the fabric']","['Put the needle and thread away', 'Return the needle through the fabric and through a different button hole']",Return the needle through the fabric and through a different button hole,1,0, A
5,57.692307692307686,"['Get the sewing kit.', 'Get thread.', 'Put thread in it', 'put the needle into the fabric', 'Return the needle through the fabric and through a different button hole']","['Thread needle', 'Place needle through clothing.']",Place needle through clothing.,1,0, A
6,61.53846153846154,"['Get the sewing kit.', 'Get thread.', 'Put thread in it', 'put the needle into the fabric', 'Return the needle through the fabric and through a different button hole', 'Place needle through clothing.']","['Pass the needle through one of the button holes', 'Get out thread']",Pass the needle through one of the button holes,0,0, A
7,65.38461538461539,"['Get the sewing kit.', 'Get thread.', 'Put thread in it', 'put the needle into the fabric', 'Return the needle through the fabric and through a different button hole', 'Place needle through clothing.', 'Pass the needle through one of the button holes']","['getting out thread', 'Sew button through second hole']",Sew button through second hole,1,0, A
8,69.23076923076923,"['Get the sewing kit.', 'Get thread.', 'Put thread in it', 'put the needle into the fabric', 'Return the needle through the fabric and through a different button hole', 'Place needle through clothing.', 'Pass the needle through one of the button holes', 'Sew button through second hole']","['Poke needle through opposite hole', 'Drive to fabric store']",Poke needle through opposite hole,0,0, A
0,0.0,[],"['Pull the needle through a hole in the button, then back into the fabric', 'Drive to fabric store']",Drive to fabric store,1,0, A
1,19.230769230769237,['Drive to fabric store'],"['Find a thread', 'Tie off knot with thread.']",Find a thread,0,0, A
2,30.76923076923077,"['Drive to fabric store', 'Find a thread']","['Push through other holes', 'Mark on clothing where button is to go']",Mark on clothing where button is to go,1,0, A
3,53.84615384615385,"['Drive to fabric store', 'Find a thread', 'Mark on clothing where button is to go']","['Get a needle', 'Pull the needle through a hole in the button, then back into the fabric']","Pull the needle through a hole in the button, then back into the fabric",1,0, A
0,0.0,[],"['Get button, thread, needle and scissors', 'tug to make sure it is secure']","Get button, thread, needle and scissors",0,0, A
1,26.923076923076923,"['Get button, thread, needle and scissors']","['grab object the button is being sewed', 'Make a knot']",grab object the button is being sewed,0,0, A
2,30.76923076923077,"['Get button, thread, needle and scissors', 'grab object the button is being sewed']","['Hold button to material.', 'Put needle away']",Hold button to material.,0,0, A
3,50.0,"['Get button, thread, needle and scissors', 'grab object the button is being sewed', 'Hold button to material.']","['Push the needle through the fabric', 'Get sewing basket']",Push the needle through the fabric,0,0, A
4,80.76923076923077,"['Get button, thread, needle and scissors', 'grab object the button is being sewed', 'Hold button to material.', 'Push the needle through the fabric']","['Tie another knot at the end of the thread.', 'Thread needle']",Tie another knot at the end of the thread.,0,0, A
5,84.61538461538461,"['Get button, thread, needle and scissors', 'grab object the button is being sewed', 'Hold button to material.', 'Push the needle through the fabric', 'Tie another knot at the end of the thread.']","['Tie a knot in the thread', 'Use scissors to cut thread']",Use scissors to cut thread,1,0, A
6,88.46153846153845,"['Get button, thread, needle and scissors', 'grab object the button is being sewed', 'Hold button to material.', 'Push the needle through the fabric', 'Tie another knot at the end of the thread.', 'Use scissors to cut thread']","['put sewing kit away', 'Get a sewing needle.']",put sewing kit away,0,0, A
0,0.0,[],"['Pull through other end', 'Get button, thread, needle and scissors']","Get button, thread, needle and scissors",1,0, A
1,26.923076923076923,"['Get button, thread, needle and scissors']","['Get the garment', 'Tie the thread round in between the garment and button']",Get the garment,0,0, A
2,46.15384615384615,"['Get button, thread, needle and scissors', 'Get the garment']","['Use the needle to sew the broken button', 'Find needle and thread']",Use the needle to sew the broken button,0,0, A
3,76.92307692307693,"['Get button, thread, needle and scissors', 'Get the garment', 'Use the needle to sew the broken button']","['repeat steps 4-5 until button is secured to shirt', 'Obtain needle and thread']",repeat steps 4-5 until button is secured to shirt,0,0, A
4,80.76923076923077,"['Get button, thread, needle and scissors', 'Get the garment', 'Use the needle to sew the broken button', 'repeat steps 4-5 until button is secured to shirt']","['get thread', 'Tie knot in thread']",Tie knot in thread,1,0, A
5,84.61538461538461,"['Get button, thread, needle and scissors', 'Get the garment', 'Use the needle to sew the broken button', 'repeat steps 4-5 until button is secured to shirt', 'Tie knot in thread']","['Put one end of thread through the eye of the needle.', 'Cut loose ends']",Cut loose ends,1,0, A
6,88.46153846153845,"['Get button, thread, needle and scissors', 'Get the garment', 'Use the needle to sew the broken button', 'repeat steps 4-5 until button is secured to shirt', 'Tie knot in thread', 'Cut loose ends']","['put needle and thread away', 'get thread, needle, button to be sewn']",put needle and thread away,0,0, A
7,92.3076923076923,"['Get button, thread, needle and scissors', 'Get the garment', 'Use the needle to sew the broken button', 'repeat steps 4-5 until button is secured to shirt', 'Tie knot in thread', 'Cut loose ends', 'put needle and thread away']","['Get needle and thread', 'Check new button']",Check new button,1,0, A
0,0.0,[],"['Drive to fabric store', 'tug to make sure it is secure']",Drive to fabric store,0,0, A
1,19.230769230769237,['Drive to fabric store'],"['Tie off the end of the thread', 'Select thread']",Select thread,1,0, A
2,23.07692307692308,"['Drive to fabric store', 'Select thread']","['find a button', 'tie knot on thread']",find a button,0,0, A
3,26.923076923076923,"['Drive to fabric store', 'Select thread', 'find a button']","['Hold button in place', 'Get the garment']",Get the garment,1,0, A
4,46.15384615384615,"['Drive to fabric store', 'Select thread', 'find a button', 'Get the garment']","['Use the needle to sew the broken button', 'Get a needle and thread.']",Use the needle to sew the broken button,0,0, A
0,0.0,[],"['Cut about 16 inches worth of thread.', 'Get your sewing kit']",Get your sewing kit,1,0, A
1,11.538461538461538,['Get your sewing kit'],"['Sew button onto item', 'find the needle']",find the needle,1,0, A
2,15.384615384615383,"['Get your sewing kit', 'find the needle']","['Push the needle through the fabric', 'Find right color string']",Find right color string,1,0, A
3,30.76923076923077,"['Get your sewing kit', 'find the needle', 'Find right color string']","['Position button in correct place.', 'When done knot end.']",Position button in correct place.,0,0, A
4,46.15384615384615,"['Get your sewing kit', 'find the needle', 'Find right color string', 'Position button in correct place.']","['Sew button into place', 'Check the button']",Sew button into place,0,0, A
5,76.92307692307693,"['Get your sewing kit', 'find the needle', 'Find right color string', 'Position button in correct place.', 'Sew button into place']","['repeat until button is secure', 'find a button']",repeat until button is secure,0,0, A
0,0.0,[],"['Place button on fabric', 'Get out sewing kit.']",Get out sewing kit.,1,0, A
1,34.61538461538461,['Get out sewing kit.'],"['Continue crisscrossing thread between holes of button until button is tight.', 'thread needle with thread']",thread needle with thread,1,0, A
2,42.30769230769231,"['Get out sewing kit.', 'thread needle with thread']","['Cut about 16 inches worth of thread.', 'Thread needle']",Cut about 16 inches worth of thread.,0,0, A
3,61.53846153846154,"['Get out sewing kit.', 'thread needle with thread', 'Cut about 16 inches worth of thread.']","['Get the sewing kit.', 'Put needle into one button hole through shirt.']",Put needle into one button hole through shirt.,1,0, A
4,76.92307692307693,"['Get out sewing kit.', 'thread needle with thread', 'Cut about 16 inches worth of thread.', 'Put needle into one button hole through shirt.']","['Repeat this until the button is secure', 'Thread needle']",Repeat this until the button is secure,0,0, A
5,80.76923076923077,"['Get out sewing kit.', 'thread needle with thread', 'Cut about 16 inches worth of thread.', 'Put needle into one button hole through shirt.', 'Repeat this until the button is secure']","['Get sewing basket', 'tie a knot at the end of the string']",tie a knot at the end of the string,1,0, A
6,84.61538461538461,"['Get out sewing kit.', 'thread needle with thread', 'Cut about 16 inches worth of thread.', 'Put needle into one button hole through shirt.', 'Repeat this until the button is secure', 'tie a knot at the end of the string']","['Find a piece of clothing.', 'Cut the thread near the needle to finish']",Cut the thread near the needle to finish,1,0, A
7,88.46153846153845,"['Get out sewing kit.', 'thread needle with thread', 'Cut about 16 inches worth of thread.', 'Put needle into one button hole through shirt.', 'Repeat this until the button is secure', 'tie a knot at the end of the string', 'Cut the thread near the needle to finish']","['put the supplies away', 'Knot the end to make it stay']",put the supplies away,0,0, A
8,92.3076923076923,"['Get out sewing kit.', 'thread needle with thread', 'Cut about 16 inches worth of thread.', 'Put needle into one button hole through shirt.', 'Repeat this until the button is secure', 'tie a knot at the end of the string', 'Cut the thread near the needle to finish', 'put the supplies away']","['Pass the needle through the second button hole', 'Check new button']",Check new button,1,0, A
0,0.0,[],"['Thread the needle', 'Drive to fabric store']",Drive to fabric store,1,0, A
1,19.230769230769237,['Drive to fabric store'],"['Get thread', 'With other hand, push needle through button hole']",Get thread,0,0, A
2,23.07692307692308,"['Drive to fabric store', 'Get thread']","['Tie knot.', 'Get extra button']",Get extra button,1,0, A
3,34.61538461538461,"['Drive to fabric store', 'Get thread', 'Get extra button']","['Thread the needle', 'knot thread']",Thread the needle,0,0, A
4,88.46153846153845,"['Drive to fabric store', 'Get thread', 'Get extra button', 'Thread the needle']","['put back all the materials', 'Get needle and thread']",put back all the materials,0,0, A
5,92.3076923076923,"['Drive to fabric store', 'Get thread', 'Get extra button', 'Thread the needle', 'put back all the materials']","['Push needle through back of clothes and through hole of button', 'MAKE SURE BUTTON IS SECURE']",MAKE SURE BUTTON IS SECURE,1,0, A
0,0.0,[],"['Get garment which you would like to sew button on to.', 'Take out sewing kit.']",Take out sewing kit.,1,0, A
1,11.538461538461538,['Take out sewing kit.'],"['Sew the button through the button holes onto the shirt', 'find the needle']",find the needle,1,0, A
2,34.61538461538461,"['Take out sewing kit.', 'find the needle']","['Put thread end through eye of needle', 'Pull needle and thread']",Put thread end through eye of needle,0,0, A
3,88.46153846153845,"['Take out sewing kit.', 'find the needle', 'Put thread end through eye of needle']","['Grab thread and needle', 'Put all the items away']",Put all the items away,1,0, A
0,0.0,[],"['Gather supplies', 'Thread needle']",Gather supplies,0,0, A
1,7.6923076923076925,['Gather supplies'],"['Cut thread.', 'GET SOME NEEDLE AND THREAD']",GET SOME NEEDLE AND THREAD,1,0, A
2,30.76923076923077,"['Gather supplies', 'GET SOME NEEDLE AND THREAD']","['Place button where it is to be sewed', 'Tie the end with a knot.']",Place button where it is to be sewed,0,0, A
3,34.61538461538461,"['Gather supplies', 'GET SOME NEEDLE AND THREAD', 'Place button where it is to be sewed']","['Thread the needle', 'Poke needle through opposite hole']",Thread the needle,0,0, A
4,38.46153846153847,"['Gather supplies', 'GET SOME NEEDLE AND THREAD', 'Place button where it is to be sewed', 'Thread the needle']","['Tie knot in thread', 'Tie end in a knot']",Tie knot in thread,0,0, A
5,46.15384615384615,"['Gather supplies', 'GET SOME NEEDLE AND THREAD', 'Place button where it is to be sewed', 'Thread the needle', 'Tie knot in thread']","['Sew button through fourth and final hole', 'sew onto fabric securely']",sew onto fabric securely,1,0, A
6,61.53846153846154,"['Gather supplies', 'GET SOME NEEDLE AND THREAD', 'Place button where it is to be sewed', 'Thread the needle', 'Tie knot in thread', 'sew onto fabric securely']","['Ending again in the back of the garment cut off the thread.', 'Pull the needle until thread is completely on the other side of shirt']",Pull the needle until thread is completely on the other side of shirt,1,0, A
7,76.92307692307693,"['Gather supplies', 'GET SOME NEEDLE AND THREAD', 'Place button where it is to be sewed', 'Thread the needle', 'Tie knot in thread', 'sew onto fabric securely', 'Pull the needle until thread is completely on the other side of shirt']","['Repeat step 8 until button is sewn on', 'take the needle and matching thread']",Repeat step 8 until button is sewn on,0,0, A
0,0.0,[],"['Drive to fabric store', 'cut the thread']",Drive to fabric store,0,0, A
1,19.230769230769237,['Drive to fabric store'],"['Cut a length of thread more than double what you will need', 'put needle with thread into clothes']",Cut a length of thread more than double what you will need,0,0, A
2,23.07692307692308,"['Drive to fabric store', 'Cut a length of thread more than double what you will need']","['Repeat until sewed on.', 'Get button']",Get button,1,0, A
3,61.53846153846154,"['Drive to fabric store', 'Cut a length of thread more than double what you will need', 'Get button']","['Find sewing kit', 'Thread one hole with the needle']",Thread one hole with the needle,1,0, A
4,76.92307692307693,"['Drive to fabric store', 'Cut a length of thread more than double what you will need', 'Get button', 'Thread one hole with the needle']","['Find similar button', 'Continue until the button is securely on the clothing']",Continue until the button is securely on the clothing,1,0, A
0,0.0,[],"['Repeat step 8 until button is sewn on', 'Grab the fabric and button']",Grab the fabric and button,1,0, A
1,15.384615384615383,['Grab the fabric and button'],"['ATTACH BUTTON USING NEEDLE AND THREAD', 'Find right color string']",Find right color string,1,0, A
2,19.230769230769237,"['Grab the fabric and button', 'Find right color string']","['Find similar color thread to use.', 'Slide button onto needle and thread.']",Find similar color thread to use.,0,0, A
3,34.61538461538461,"['Grab the fabric and button', 'Find right color string', 'Find similar color thread to use.']","['Get button, thread, needle and scissors', 'Put thread through a needle.']",Put thread through a needle.,1,0, A
4,88.46153846153845,"['Grab the fabric and button', 'Find right color string', 'Find similar color thread to use.', 'Put thread through a needle.']","['Get thread and needle', 'Put away thread and needle']",Put away thread and needle,1,0, A
0,0.0,[],"['Thread needle', 'Drive to fabric store']",Drive to fabric store,1,0, A
1,19.230769230769237,['Drive to fabric store'],"['Take out right colored thread.', 'use the string to make it stay in place']",Take out right colored thread.,0,0, A
2,30.76923076923077,"['Drive to fabric store', 'Take out right colored thread.']","['Use scissors to cut thread', 'place button on cloth where it needs to go']",place button on cloth where it needs to go,1,0, A
3,46.15384615384615,"['Drive to fabric store', 'Take out right colored thread.', 'place button on cloth where it needs to go']","['Push the needle through one button hole and back out another hole', 'Find a button']",Push the needle through one button hole and back out another hole,0,0, A
4,88.46153846153845,"['Drive to fabric store', 'Take out right colored thread.', 'place button on cloth where it needs to go', 'Push the needle through one button hole and back out another hole']","['put sewing kit away', 'Get the needle']",put sewing kit away,0,0, A
0,0.0,[],"['Drive to fabric store', 'knot thread']",Drive to fabric store,0,0, A
1,19.230769230769237,['Drive to fabric store'],"['Knot thread', 'Get thread']",Get thread,1,0, A
2,26.923076923076923,"['Drive to fabric store', 'Get thread']","['Get a piece of clothing.', 'Put all the items away']",Get a piece of clothing.,0,0, A
3,30.76923076923077,"['Drive to fabric store', 'Get thread', 'Get a piece of clothing.']","['Tie off knot with thread.', 'place the button']",place the button,1,0, A
4,61.53846153846154,"['Drive to fabric store', 'Get thread', 'Get a piece of clothing.', 'place the button']","['Find thread color to match button or item requiring the button', 'Start sewing going into the back of the garment.']",Start sewing going into the back of the garment.,1,0, A
5,80.76923076923077,"['Drive to fabric store', 'Get thread', 'Get a piece of clothing.', 'place the button', 'Start sewing going into the back of the garment.']","['thread needle', 'Tie end in a knot']",Tie end in a knot,1,0, A
0,0.0,[],"['Place button where you want it to go', 'Find sewing kit.']",Find sewing kit.,1,0, A
1,23.07692307692308,['Find sewing kit.'],"['Return the needle through the fabric and through a different button hole', 'take the button']",take the button,1,0, A
2,34.61538461538461,"['Find sewing kit.', 'take the button']","['Slide button onto needle and thread.', 'thread needle']",thread needle,1,0, A
3,38.46153846153847,"['Find sewing kit.', 'take the button', 'thread needle']","['Get scissors, needle, button and thread', 'Tie thread to needle']",Tie thread to needle,1,0, A
4,50.0,"['Find sewing kit.', 'take the button', 'thread needle', 'Tie thread to needle']","['push needle through button and shirt', 'break the thread']",push needle through button and shirt,0,0, A
5,53.84615384615385,"['Find sewing kit.', 'take the button', 'thread needle', 'Tie thread to needle', 'push needle through button and shirt']","['pass needle through needle hole in button', 'Get extra button']",pass needle through needle hole in button,0,0, A
6,80.76923076923077,"['Find sewing kit.', 'take the button', 'thread needle', 'Tie thread to needle', 'push needle through button and shirt', 'pass needle through needle hole in button']","['Obtain needle and thread', 'knot thread']",knot thread,1,0, A
7,84.61538461538461,"['Find sewing kit.', 'take the button', 'thread needle', 'Tie thread to needle', 'push needle through button and shirt', 'pass needle through needle hole in button', 'knot thread']","['Cut off any loose threads with a scissors.', 'Take out thread and needle']",Cut off any loose threads with a scissors.,0,0, A
8,88.46153846153845,"['Find sewing kit.', 'take the button', 'thread needle', 'Tie thread to needle', 'push needle through button and shirt', 'pass needle through needle hole in button', 'knot thread', 'Cut off any loose threads with a scissors.']","['Put everything away.', 'Prepare needle and thread.']",Put everything away.,0,0, A
0,0.0,[],"['Get button, thread, needle and scissors', 'Thread needle with matching thread']","Get button, thread, needle and scissors",0,0, A
1,15.384615384615383,"['Get button, thread, needle and scissors']","[""TIE A KNOT IN THE END OF THE THREAD SO THE BUTTON DOESN'T COME OFF"", 'Choose thread color']",Choose thread color,1,0, A
2,30.76923076923077,"['Get button, thread, needle and scissors', 'Choose thread color']","['Determine proper placement for button', 'make sure button is secure']",Determine proper placement for button,0,0, A
3,61.53846153846154,"['Get button, thread, needle and scissors', 'Choose thread color', 'Determine proper placement for button']","['Get sewing kit', 'Push needle through first hole']",Push needle through first hole,1,0, A
4,76.92307692307693,"['Get button, thread, needle and scissors', 'Choose thread color', 'Determine proper placement for button', 'Push needle through first hole']","['Find button', 'Do this through all holes of button']",Do this through all holes of button,1,0, A
5,80.76923076923077,"['Get button, thread, needle and scissors', 'Choose thread color', 'Determine proper placement for button', 'Push needle through first hole', 'Do this through all holes of button']","['Tie the thread at the bottom of the button', ""pass needle and thread back through another of the button's needle holes""]",Tie the thread at the bottom of the button,0,0, A
0,0.0,[],"['Find sewing kit.', 'Make a knot']",Find sewing kit.,0,0, A
1,23.07692307692308,['Find sewing kit.'],"['Repeat until sewed on.', 'Find a button']",Find a button,1,0, A
2,26.923076923076923,"['Find sewing kit.', 'Find a button']","['Insert needle through first side of button (step 3)', 'Remove the old button']",Remove the old button,1,0, A
3,34.61538461538461,"['Find sewing kit.', 'Find a button', 'Remove the old button']","['Break the thread and tie a final knot', 'Put thread end through eye of needle']",Put thread end through eye of needle,1,0, A
4,38.46153846153847,"['Find sewing kit.', 'Find a button', 'Remove the old button', 'Put thread end through eye of needle']","['Pass the needle through the second button hole', 'tie knot at end of thread']",tie knot at end of thread,1,0, A
5,46.15384615384615,"['Find sewing kit.', 'Find a button', 'Remove the old button', 'Put thread end through eye of needle', 'tie knot at end of thread']","['Take out thread and needle', 'ATTACH BUTTON USING NEEDLE AND THREAD']",ATTACH BUTTON USING NEEDLE AND THREAD,1,0, A
0,0.0,[],"['Sew in a pattern that looks like an X through the holes of the button.', 'Get sewing kit']",Get sewing kit,1,0, A
1,34.61538461538461,['Get sewing kit'],"['threading a needle with thread', 'Sew button through fourth and final hole']",threading a needle with thread,0,0, A
2,88.46153846153845,"['Get sewing kit', 'threading a needle with thread']","['Put everything away.', 'Remove thread and needle from kit']",Put everything away.,0,0, A
0,0.0,[],"['break the thread', 'Drive to fabric store']",Drive to fabric store,1,0, A
1,19.230769230769237,['Drive to fabric store'],"['Get thread', 'Use the needle to sew the broken button']",Get thread,0,0, A
2,26.923076923076923,"['Drive to fabric store', 'Get thread']","['Get clothes', 'cut the thread when finished']",Get clothes,0,0, A
3,50.0,"['Drive to fabric store', 'Get thread', 'Get clothes']","['Cut the excess thread', 'Poke hole with needle through button hole and fabric']",Poke hole with needle through button hole and fabric,1,0, A
4,53.84615384615385,"['Drive to fabric store', 'Get thread', 'Get clothes', 'Poke hole with needle through button hole and fabric']","['Take button.', 'Pull it back out the other hole']",Pull it back out the other hole,1,0, A
5,80.76923076923077,"['Drive to fabric store', 'Get thread', 'Get clothes', 'Poke hole with needle through button hole and fabric', 'Pull it back out the other hole']","['tie a knot at the end of the string', 'Take a needle']",tie a knot at the end of the string,0,0, A
0,0.0,[],"['Get sewing kit', 'push the needle through the fabric']",Get sewing kit,0,0, A
1,7.6923076923076925,['Get sewing kit'],"['Take a needle and required thread', 'Tie knot in thread.']",Take a needle and required thread,0,0, A
2,26.923076923076923,"['Get sewing kit', 'Take a needle and required thread']","['Put thread through needle.', 'Hold shirt with non-dominant hand']",Hold shirt with non-dominant hand,1,0, A
3,34.61538461538461,"['Get sewing kit', 'Take a needle and required thread', 'Hold shirt with non-dominant hand']","['Push through other holes', 'Thread needle']",Thread needle,1,0, A
4,38.46153846153847,"['Get sewing kit', 'Take a needle and required thread', 'Hold shirt with non-dominant hand', 'Thread needle']","['Tie a knot in the end of thread', 'Sew button through fourth and final hole']",Tie a knot in the end of thread,0,0, A
5,61.53846153846154,"['Get sewing kit', 'Take a needle and required thread', 'Hold shirt with non-dominant hand', 'Thread needle', 'Tie a knot in the end of thread']","['Start sewing going into the back of the garment.', 'getting out needle']",Start sewing going into the back of the garment.,0,0, A
6,80.76923076923077,"['Get sewing kit', 'Take a needle and required thread', 'Hold shirt with non-dominant hand', 'Thread needle', 'Tie a knot in the end of thread', 'Start sewing going into the back of the garment.']","['tie a knot in the thread', 'Find matching button, or old button.']",tie a knot in the thread,0,0, A
7,84.61538461538461,"['Get sewing kit', 'Take a needle and required thread', 'Hold shirt with non-dominant hand', 'Thread needle', 'Tie a knot in the end of thread', 'Start sewing going into the back of the garment.', 'tie a knot in the thread']","['Pull through', 'Ending again in the back of the garment cut off the thread.']",Ending again in the back of the garment cut off the thread.,1,0, A
0,0.0,[],"['Get sewing kit', 'Sew needle through other holes in an X formation']",Get sewing kit,0,0, A
1,34.61538461538461,['Get sewing kit'],"['Thread the needle', 'cut thread from button']",Thread the needle,0,0, A
2,53.84615384615385,"['Get sewing kit', 'Thread the needle']","['pass needle through needle hole in button', 'Get needle and thread']",pass needle through needle hole in button,0,0, A
0,0.0,[],"['find shirt with missing button', 'Drive to fabric store']",Drive to fabric store,1,0, A
1,19.230769230769237,['Drive to fabric store'],"['Take out right colored thread.', 'Continue repeating pushing up and pushing thread back down']",Take out right colored thread.,0,0, A
2,30.76923076923077,"['Drive to fabric store', 'Take out right colored thread.']","['Line the button up in the place where the old one would have been', 'Get sewing kit']",Line the button up in the place where the old one would have been,0,0, A
3,42.30769230769231,"['Drive to fabric store', 'Take out right colored thread.', 'Line the button up in the place where the old one would have been']","['cut the thread when finished', 'Cut about 16 inches worth of thread.']",Cut about 16 inches worth of thread.,1,0, A
4,46.15384615384615,"['Drive to fabric store', 'Take out right colored thread.', 'Line the button up in the place where the old one would have been', 'Cut about 16 inches worth of thread.']","['take the needle and matching thread', 'Use needle and thread to sew button']",Use needle and thread to sew button,1,0, A
5,88.46153846153845,"['Drive to fabric store', 'Take out right colored thread.', 'Line the button up in the place where the old one would have been', 'Cut about 16 inches worth of thread.', 'Use needle and thread to sew button']","['put items away when done', 'Put button on shirt.']",put items away when done,0,0, A
6,92.3076923076923,"['Drive to fabric store', 'Take out right colored thread.', 'Line the button up in the place where the old one would have been', 'Cut about 16 inches worth of thread.', 'Use needle and thread to sew button', 'put items away when done']","['Find the location where button needs to be sewn.', 'Check if the button is tight']",Check if the button is tight,1,0, A
0,0.0,[],"['Drive to fabric store', 'Check new button']",Drive to fabric store,0,0, A
1,19.230769230769237,['Drive to fabric store'],"['Find thread color to match button or item requiring the button', 'pull thread forward']",Find thread color to match button or item requiring the button,0,0, A
2,26.923076923076923,"['Drive to fabric store', 'Find thread color to match button or item requiring the button']","['Pull it back out the other hole', 'Get the item of clothing the button is to go on']",Get the item of clothing the button is to go on,1,0, A
3,34.61538461538461,"['Drive to fabric store', 'Find thread color to match button or item requiring the button', 'Get the item of clothing the button is to go on']","['Repeat 5 times with other two button holes', 'Thread needle']",Thread needle,1,0, A
4,42.30769230769231,"['Drive to fabric store', 'Find thread color to match button or item requiring the button', 'Get the item of clothing the button is to go on', 'Thread needle']","['Find a needle and thread', 'Cut away old strings']",Cut away old strings,1,0, A
5,46.15384615384615,"['Drive to fabric store', 'Find thread color to match button or item requiring the button', 'Get the item of clothing the button is to go on', 'Thread needle', 'Cut away old strings']","['Get needle and thread', 'With needle and thread push needle through cloth and through button hole']",With needle and thread push needle through cloth and through button hole,1,0, A
0,0.0,[],"['Tie knot at end of thread.', 'Drive to fabric store']",Drive to fabric store,1,0, A
1,19.230769230769237,['Drive to fabric store'],"['cut loose thread', 'Get the thread']",Get the thread,1,0, A
2,23.07692307692308,"['Drive to fabric store', 'Get the thread']","['Get extra button', 'Take out the needle']",Get extra button,0,0, A
3,38.46153846153847,"['Drive to fabric store', 'Get the thread', 'Get extra button']","['Tie knot in other end of thread', 'Cut the excess thread']",Tie knot in other end of thread,0,0, A
4,46.15384615384615,"['Drive to fabric store', 'Get the thread', 'Get extra button', 'Tie knot in other end of thread']","['Sew the button through the button holes onto the shirt', 'Get scissors, needle, button and thread']",Sew the button through the button holes onto the shirt,0,0, A
5,53.84615384615385,"['Drive to fabric store', 'Get the thread', 'Get extra button', 'Tie knot in other end of thread', 'Sew the button through the button holes onto the shirt']","['Crisscross on the button', 'Select a button']",Crisscross on the button,0,0, A
6,57.692307692307686,"['Drive to fabric store', 'Get the thread', 'Get extra button', 'Tie knot in other end of thread', 'Sew the button through the button holes onto the shirt', 'Crisscross on the button']","['Find a button', 'Insert the needle back into the garment from the top of the button']",Insert the needle back into the garment from the top of the button,1,0, A
7,76.92307692307693,"['Drive to fabric store', 'Get the thread', 'Get extra button', 'Tie knot in other end of thread', 'Sew the button through the button holes onto the shirt', 'Crisscross on the button', 'Insert the needle back into the garment from the top of the button']","['Continue repeating pushing up and pushing thread back down', 'Get button']",Continue repeating pushing up and pushing thread back down,0,0, A
8,84.61538461538461,"['Drive to fabric store', 'Get the thread', 'Get extra button', 'Tie knot in other end of thread', 'Sew the button through the button holes onto the shirt', 'Crisscross on the button', 'Insert the needle back into the garment from the top of the button', 'Continue repeating pushing up and pushing thread back down']","['Cut thread', 'get thread and needle']",Cut thread,0,0, A
9,88.46153846153845,"['Drive to fabric store', 'Get the thread', 'Get extra button', 'Tie knot in other end of thread', 'Sew the button through the button holes onto the shirt', 'Crisscross on the button', 'Insert the needle back into the garment from the top of the button', 'Continue repeating pushing up and pushing thread back down', 'Cut thread']","['Select needle', 'Take out the needle']",Take out the needle,1,0, A
10,92.3076923076923,"['Drive to fabric store', 'Get the thread', 'Get extra button', 'Tie knot in other end of thread', 'Sew the button through the button holes onto the shirt', 'Crisscross on the button', 'Insert the needle back into the garment from the top of the button', 'Continue repeating pushing up and pushing thread back down', 'Cut thread', 'Take out the needle']","['Sew the button in place with the needle and thread', 'MAKE SURE BUTTON IS SECURE']",MAKE SURE BUTTON IS SECURE,1,0, A
0,0.0,[],"['Find sewing kit.', 'Mark on clothing where button is to go']",Find sewing kit.,0,0, A
1,7.6923076923076925,['Find sewing kit.'],"['Cut away any loose threads.', 'Get a needle and thread']",Get a needle and thread,1,0, A
2,11.538461538461538,"['Find sewing kit.', 'Get a needle and thread']","['Pull through other side.', 'get needle']",get needle,1,0, A
3,15.384615384615383,"['Find sewing kit.', 'Get a needle and thread', 'get needle']","['Choose thread color', 'Put away needle and thread']",Choose thread color,0,0, A
4,30.76923076923077,"['Find sewing kit.', 'Get a needle and thread', 'get needle', 'Choose thread color']","['Place button in desired position', 'Slide button onto needle and thread.']",Place button in desired position,0,0, A
5,53.84615384615385,"['Find sewing kit.', 'Get a needle and thread', 'get needle', 'Choose thread color', 'Place button in desired position']","['Pull it back out the other hole', 'Prepare needle and thread.']",Pull it back out the other hole,0,0, A
6,76.92307692307693,"['Find sewing kit.', 'Get a needle and thread', 'get needle', 'Choose thread color', 'Place button in desired position', 'Pull it back out the other hole']","['Keep repeating the sewing to reinforce the strength', 'Thread needle.']",Keep repeating the sewing to reinforce the strength,0,0, A
0,0.0,[],"['Push needle through fabric and button hole', 'Get your sewing kit']",Get your sewing kit,1,0, A
1,23.07692307692308,['Get your sewing kit'],"['sew the button on carefully', 'Find a button.']",Find a button.,1,0, A
2,26.923076923076923,"['Get your sewing kit', 'Find a button.']","['tie thread at the end', 'taking the right button out']",taking the right button out,1,0, A
3,34.61538461538461,"['Get your sewing kit', 'Find a button.', 'taking the right button out']","['Thread needle with some thread.', 'put needle into adjoining hole']",Thread needle with some thread.,0,0, A
4,46.15384615384615,"['Get your sewing kit', 'Find a button.', 'taking the right button out', 'Thread needle with some thread.']","['Sew the button through the button holes onto the shirt', 'Get a needle and thread.']",Sew the button through the button holes onto the shirt,0,0, A
5,80.76923076923077,"['Get your sewing kit', 'Find a button.', 'taking the right button out', 'Thread needle with some thread.', 'Sew the button through the button holes onto the shirt']","['knot thread', 'Take a needle']",knot thread,0,0, A
6,88.46153846153845,"['Get your sewing kit', 'Find a button.', 'taking the right button out', 'Thread needle with some thread.', 'Sew the button through the button holes onto the shirt', 'knot thread']","['Put away needle and thread', 'attach button']",Put away needle and thread,0,0, A
7,92.3076923076923,"['Get your sewing kit', 'Find a button.', 'taking the right button out', 'Thread needle with some thread.', 'Sew the button through the button holes onto the shirt', 'knot thread', 'Put away needle and thread']","['Check new button', 'Get the sewing kit.']",Check new button,0,0, A
0,0.0,[],"['get thread, needle, button to be sewn', 'Tie of thread on inside']","get thread, needle, button to be sewn",0,0, A
1,7.6923076923076925,"['get thread, needle, button to be sewn']","['pull the needle through', 'Take out thread and needle']",Take out thread and needle,1,0, A
2,23.07692307692308,"['get thread, needle, button to be sewn', 'Take out thread and needle']","['Tie the thread', 'Find a spare button that matches the other buttons']",Find a spare button that matches the other buttons,1,0, A
3,26.923076923076923,"['get thread, needle, button to be sewn', 'Take out thread and needle', 'Find a spare button that matches the other buttons']","['Repeat', 'Remove the old button']",Remove the old button,1,0, A
4,34.61538461538461,"['get thread, needle, button to be sewn', 'Take out thread and needle', 'Find a spare button that matches the other buttons', 'Remove the old button']","['Thread needle', 'Repeat several times until button is secure']",Thread needle,0,0, A
5,38.46153846153847,"['get thread, needle, button to be sewn', 'Take out thread and needle', 'Find a spare button that matches the other buttons', 'Remove the old button', 'Thread needle']","['Tie knot in end of thread', 'Clean up.']",Tie knot in end of thread,0,0, A
6,46.15384615384615,"['get thread, needle, button to be sewn', 'Take out thread and needle', 'Find a spare button that matches the other buttons', 'Remove the old button', 'Thread needle', 'Tie knot in end of thread']","['Use the needle to go through the button holes and the fabric', 'get needle']",Use the needle to go through the button holes and the fabric,0,0, A
0,0.0,[],"['get thread, needle, button to be sewn', 'Tie off thread']","get thread, needle, button to be sewn",0,0, A
1,7.6923076923076925,"['get thread, needle, button to be sewn']","['Put needle and thread through holes', 'locate needle and thread']",locate needle and thread,1,0, A
2,30.76923076923077,"['get thread, needle, button to be sewn', 'locate needle and thread']","['cut thread so that need will detach', 'Place button on fabric']",Place button on fabric,1,0, A
3,46.15384615384615,"['get thread, needle, button to be sewn', 'locate needle and thread', 'Place button on fabric']","['Find a needle and thread', 'Sew in a pattern that looks like an X through the holes of the button.']",Sew in a pattern that looks like an X through the holes of the button.,1,0, A
4,53.84615384615385,"['get thread, needle, button to be sewn', 'locate needle and thread', 'Place button on fabric', 'Sew in a pattern that looks like an X through the holes of the button.']","['Grab the fabric and button', 'Insert needle through other side of button on back side']",Insert needle through other side of button on back side,1,0, A
5,61.53846153846154,"['get thread, needle, button to be sewn', 'locate needle and thread', 'Place button on fabric', 'Sew in a pattern that looks like an X through the holes of the button.', 'Insert needle through other side of button on back side']","['Put needle into one button hole through shirt.', 'Cut the thread']",Put needle into one button hole through shirt.,0,0, A
6,65.38461538461539,"['get thread, needle, button to be sewn', 'locate needle and thread', 'Place button on fabric', 'Sew in a pattern that looks like an X through the holes of the button.', 'Insert needle through other side of button on back side', 'Put needle into one button hole through shirt.']","['Pass the needle through the second button hole', 'Hold button in place on clothing.']",Pass the needle through the second button hole,0,0, A
7,69.23076923076923,"['get thread, needle, button to be sewn', 'locate needle and thread', 'Place button on fabric', 'Sew in a pattern that looks like an X through the holes of the button.', 'Insert needle through other side of button on back side', 'Put needle into one button hole through shirt.', 'Pass the needle through the second button hole']","['Tie a knot at the end of thread', 'Poke needle through opposite hole']",Poke needle through opposite hole,1,0, A
8,73.07692307692307,"['get thread, needle, button to be sewn', 'locate needle and thread', 'Place button on fabric', 'Sew in a pattern that looks like an X through the holes of the button.', 'Insert needle through other side of button on back side', 'Put needle into one button hole through shirt.', 'Pass the needle through the second button hole', 'Poke needle through opposite hole']","['push needle to back of the item', 'Start to sew the button onto the fabric.']",push needle to back of the item,0,0, A
9,80.76923076923077,"['get thread, needle, button to be sewn', 'locate needle and thread', 'Place button on fabric', 'Sew in a pattern that looks like an X through the holes of the button.', 'Insert needle through other side of button on back side', 'Put needle into one button hole through shirt.', 'Pass the needle through the second button hole', 'Poke needle through opposite hole', 'push needle to back of the item']","['Tie the thread round in between the garment and button', 'Find a button that matches the others on your garment']",Tie the thread round in between the garment and button,0,0, A
10,88.46153846153845,"['get thread, needle, button to be sewn', 'locate needle and thread', 'Place button on fabric', 'Sew in a pattern that looks like an X through the holes of the button.', 'Insert needle through other side of button on back side', 'Put needle into one button hole through shirt.', 'Pass the needle through the second button hole', 'Poke needle through opposite hole', 'push needle to back of the item', 'Tie the thread round in between the garment and button']","['Take out the needle', 'putting the button on the fabric']",Take out the needle,0,0, A
11,92.3076923076923,"['get thread, needle, button to be sewn', 'locate needle and thread', 'Place button on fabric', 'Sew in a pattern that looks like an X through the holes of the button.', 'Insert needle through other side of button on back side', 'Put needle into one button hole through shirt.', 'Pass the needle through the second button hole', 'Poke needle through opposite hole', 'push needle to back of the item', 'Tie the thread round in between the garment and button', 'Take out the needle']","['Check if the button is tight', 'gathering thread']",Check if the button is tight,0,0, A
0,0.0,[],"['Put thread through needle hole', 'Get scissors, needle, button and thread']","Get scissors, needle, button and thread",1,0, A
1,26.923076923076923,"['Get scissors, needle, button and thread']","[""Make 4 x's in button."", 'Get item that needs button sewing on']",Get item that needs button sewing on,1,0, A
2,46.15384615384615,"['Get scissors, needle, button and thread', 'Get item that needs button sewing on']","['use needle and thread to sew button onto shirt', 'Get needle']",use needle and thread to sew button onto shirt,0,0, A
3,80.76923076923077,"['Get scissors, needle, button and thread', 'Get item that needs button sewing on', 'use needle and thread to sew button onto shirt']","['Find similar button', 'Tie off the end of the thread']",Tie off the end of the thread,1,0, A
4,88.46153846153845,"['Get scissors, needle, button and thread', 'Get item that needs button sewing on', 'use needle and thread to sew button onto shirt', 'Tie off the end of the thread']","['put back all the materials', 'Select a button']",put back all the materials,0,0, A
0,0.0,[],"['Drive to fabric store', 'Cut thread.']",Drive to fabric store,0,0, A
1,19.230769230769237,['Drive to fabric store'],"['Find thread that matches button color.', 'Push through other holes']",Find thread that matches button color.,0,0, A
2,30.76923076923077,"['Drive to fabric store', 'Find thread that matches button color.']","['Repeat for all holes to reinforce', 'place button on cloth where it needs to go']",place button on cloth where it needs to go,1,0, A
3,42.30769230769231,"['Drive to fabric store', 'Find thread that matches button color.', 'place button on cloth where it needs to go']","['Find thread and needle.', 'Cut thread string to how much is needed']",Cut thread string to how much is needed,1,0, A
4,46.15384615384615,"['Drive to fabric store', 'Find thread that matches button color.', 'place button on cloth where it needs to go', 'Cut thread string to how much is needed']","['take the button', 'Pass needle through shirt and button holes']",Pass needle through shirt and button holes,1,0, A
5,76.92307692307693,"['Drive to fabric store', 'Find thread that matches button color.', 'place button on cloth where it needs to go', 'Cut thread string to how much is needed', 'Pass needle through shirt and button holes']","['Repeat through each button hole', 'grab a needle and string']",Repeat through each button hole,0,0, A
6,80.76923076923077,"['Drive to fabric store', 'Find thread that matches button color.', 'place button on cloth where it needs to go', 'Cut thread string to how much is needed', 'Pass needle through shirt and button holes', 'Repeat through each button hole']","['Take thread from sewing kit', 'tie thread at the end']",tie thread at the end,1,0, A
0,0.0,[],"['Get sewing kit', 'Pull through other end']",Get sewing kit,0,0, A
1,23.07692307692308,['Get sewing kit'],"['break the thread', 'Get extra button']",Get extra button,1,0, A
2,50.0,"['Get sewing kit', 'Get extra button']","['Put needle through one hole', 'put the supplies away']",Put needle through one hole,0,0, A
3,76.92307692307693,"['Get sewing kit', 'Get extra button', 'Put needle through one hole']","['Get thread and needle', 'repeat 5-8 several times until button is secure']",repeat 5-8 several times until button is secure,1,0, A
4,84.61538461538461,"['Get sewing kit', 'Get extra button', 'Put needle through one hole', 'repeat 5-8 several times until button is secure']","['Get sewing kit', 'Snip excess thread off']",Snip excess thread off,1,0, A
5,88.46153846153845,"['Get sewing kit', 'Get extra button', 'Put needle through one hole', 'repeat 5-8 several times until button is secure', 'Snip excess thread off']","['Put needle away', 'Get thread.']",Put needle away,0,0, A
0,0.0,[],"['Get the sewing kit.', 'Sew button into place']",Get the sewing kit.,0,0, A
1,23.07692307692308,['Get the sewing kit.'],"['Sew the button through the button holes onto the shirt', 'Find an extra button']",Find an extra button,1,0, A
2,30.76923076923077,"['Get the sewing kit.', 'Find an extra button']","['Place new button where I want it to go', 'Pull needle out other side.']",Place new button where I want it to go,0,0, A
3,46.15384615384615,"['Get the sewing kit.', 'Find an extra button', 'Place new button where I want it to go']","['Sew on the button.', 'Prepare needle and thread.']",Sew on the button.,0,0, A
4,50.0,"['Get the sewing kit.', 'Find an extra button', 'Place new button where I want it to go', 'Sew on the button.']","['pull through on the other side', 'grab a needle and string']",pull through on the other side,0,0, A
5,80.76923076923077,"['Get the sewing kit.', 'Find an extra button', 'Place new button where I want it to go', 'Sew on the button.', 'pull through on the other side']","['Find a button', 'Tie the thread so the button will not come loose']",Tie the thread so the button will not come loose,1,0, A
6,84.61538461538461,"['Get the sewing kit.', 'Find an extra button', 'Place new button where I want it to go', 'Sew on the button.', 'pull through on the other side', 'Tie the thread so the button will not come loose']","['Cut the thread near the needle to finish', 'Find thread that matches']",Cut the thread near the needle to finish,0,0, A
0,0.0,[],"['Repeat several times until button is attached solidly to the fabric.', 'get thread, needle, button to be sewn']","get thread, needle, button to be sewn",1,0, A
1,7.6923076923076925,"['get thread, needle, button to be sewn']","['Poke needle through opposite hole', 'Find a needle and thread']",Find a needle and thread,1,0, A
2,23.07692307692308,"['get thread, needle, button to be sewn', 'Find a needle and thread']","['Pull needle and thread', 'Find a spare button that matches the other buttons']",Find a spare button that matches the other buttons,1,0, A
3,26.923076923076923,"['get thread, needle, button to be sewn', 'Find a needle and thread', 'Find a spare button that matches the other buttons']","['Tie of thread on inside', 'Hold shirt with non-dominant hand']",Hold shirt with non-dominant hand,1,0, A
4,30.76923076923077,"['get thread, needle, button to be sewn', 'Find a needle and thread', 'Find a spare button that matches the other buttons', 'Hold shirt with non-dominant hand']","['Push needle down through other button on hole', 'Place button onto item of clothing']",Place button onto item of clothing,1,0, A
5,34.61538461538461,"['get thread, needle, button to be sewn', 'Find a needle and thread', 'Find a spare button that matches the other buttons', 'Hold shirt with non-dominant hand', 'Place button onto item of clothing']","['Thread needle', 'cut the thread']",Thread needle,0,0, A
6,53.84615384615385,"['get thread, needle, button to be sewn', 'Find a needle and thread', 'Find a spare button that matches the other buttons', 'Hold shirt with non-dominant hand', 'Place button onto item of clothing', 'Thread needle']","['Insert the needle into the button hole', 'Get the piece of apparel that needs to sew the button on.']",Insert the needle into the button hole,0,0, A
7,57.692307692307686,"['get thread, needle, button to be sewn', 'Find a needle and thread', 'Find a spare button that matches the other buttons', 'Hold shirt with non-dominant hand', 'Place button onto item of clothing', 'Thread needle', 'Insert the needle into the button hole']","['pull the thread through the eye of needle', ""pass needle and thread back through another of the button's needle holes""]",pass needle and thread back through another of the button's needle holes,1,0, A
0,0.0,[],"['Put away needle and thread', 'Get out sewing kit']",Get out sewing kit,1,0, A
1,34.61538461538461,['Get out sewing kit'],"['Thread a needle', 'tying a knot with thread']",Thread a needle,0,0, A
2,53.84615384615385,"['Get out sewing kit', 'Thread a needle']","['Get a button to match', 'With other hand, push needle through button hole']","With other hand, push needle through button hole",1,0, A
3,57.692307692307686,"['Get out sewing kit', 'Thread a needle', 'With other hand, push needle through button hole']","['Tie knot in thread', 'Put needle through button and clothing.']",Put needle through button and clothing.,1,0, A
4,76.92307692307693,"['Get out sewing kit', 'Thread a needle', 'With other hand, push needle through button hole', 'Put needle through button and clothing.']","['Repeat step 8 until button is sewn on', 'Get thread']",Repeat step 8 until button is sewn on,0,0, A
5,84.61538461538461,"['Get out sewing kit', 'Thread a needle', 'With other hand, push needle through button hole', 'Put needle through button and clothing.', 'Repeat step 8 until button is sewn on']","['Cut off excess thread', 'Get thread and needle']",Cut off excess thread,0,0, A
6,88.46153846153845,"['Get out sewing kit', 'Thread a needle', 'With other hand, push needle through button hole', 'Put needle through button and clothing.', 'Repeat step 8 until button is sewn on', 'Cut off excess thread']","['find button', 'Put the needle and thread away']",Put the needle and thread away,1,0, A
0,0.0,[],"['Pull thread through', 'Get out sewing kit.']",Get out sewing kit.,1,0, A
1,19.230769230769237,['Get out sewing kit.'],"['Start sewing going into the back of the garment.', 'Cut a length of thread more than double what you will need']",Cut a length of thread more than double what you will need,1,0, A
2,34.61538461538461,"['Get out sewing kit.', 'Cut a length of thread more than double what you will need']","['Put thread through needle', ""Make 4 x's in button.""]",Put thread through needle,0,0, A
3,88.46153846153845,"['Get out sewing kit.', 'Cut a length of thread more than double what you will need', 'Put thread through needle']","['Put away needle and thread', 'Get item that needs a button']",Put away needle and thread,0,0, A
0,0.0,[],"['Tie knot with thread', 'Grab the fabric and button']",Grab the fabric and button,1,0, A
1,30.76923076923077,['Grab the fabric and button'],"['Tie knot.', 'Place button on shirt']",Place button on shirt,1,0, A
2,42.30769230769231,"['Grab the fabric and button', 'Place button on shirt']","['Cut thread string to how much is needed', 'Find thread']",Cut thread string to how much is needed,0,0, A
3,46.15384615384615,"['Grab the fabric and button', 'Place button on shirt', 'Cut thread string to how much is needed']","['Gather supplies', 'Use the needle to sew the broken button']",Use the needle to sew the broken button,1,0, A
0,0.0,[],"['Get a thimble', 'Thread needle']",Get a thimble,0,0, A
1,7.6923076923076925,['Get a thimble'],"['Find thread and needle.', 'Tie the thread in a knot to secure it']",Find thread and needle.,0,0, A
2,34.61538461538461,"['Get a thimble', 'Find thread and needle.']","['Insert thread in needle', 'Use scissors to cut thread']",Insert thread in needle,0,0, A
3,61.53846153846154,"['Get a thimble', 'Find thread and needle.', 'Insert thread in needle']","['Push needle through hole', 'Get your sewing kit']",Push needle through hole,0,0, A
4,76.92307692307693,"['Get a thimble', 'Find thread and needle.', 'Insert thread in needle', 'Push needle through hole']","['GET SOME NEEDLE AND THREAD', 'Continue sewing.']",Continue sewing.,1,0, A
5,80.76923076923077,"['Get a thimble', 'Find thread and needle.', 'Insert thread in needle', 'Push needle through hole', 'Continue sewing.']","['Tie thread at end', 'Thread needle.']",Tie thread at end,0,0, A
6,84.61538461538461,"['Get a thimble', 'Find thread and needle.', 'Insert thread in needle', 'Push needle through hole', 'Continue sewing.', 'Tie thread at end']","['Place the thread through the needle', 'Cut thread from spindle']",Cut thread from spindle,1,0, A
7,88.46153846153845,"['Get a thimble', 'Find thread and needle.', 'Insert thread in needle', 'Push needle through hole', 'Continue sewing.', 'Tie thread at end', 'Cut thread from spindle']","['PUT NEEDLE AND THREAD AWAY', 'Get needle and thread']",PUT NEEDLE AND THREAD AWAY,0,0, A
0,0.0,[],"['Drive to fabric store', 'Start to sew on button']",Drive to fabric store,0,0, A
1,19.230769230769237,['Drive to fabric store'],"['Get thread', 'Continue until the button is on tight']",Get thread,0,0, A
2,30.76923076923077,"['Drive to fabric store', 'Get thread']","['Tie the thread at the bottom of the button', 'Position button on shirt']",Position button on shirt,1,0, A
3,50.0,"['Drive to fabric store', 'Get thread', 'Position button on shirt']","['PUT NEEDLE AND THREAD AWAY', 'Poke a hole in the fabric']",Poke a hole in the fabric,1,0, A
4,61.53846153846154,"['Drive to fabric store', 'Get thread', 'Position button on shirt', 'Poke a hole in the fabric']","['Push needle through first hole', 'Get needle.']",Push needle through first hole,0,0, A
5,80.76923076923077,"['Drive to fabric store', 'Get thread', 'Position button on shirt', 'Poke a hole in the fabric', 'Push needle through first hole']","['gather garment for buttoning', 'Tie off thread']",Tie off thread,1,0, A
6,88.46153846153845,"['Drive to fabric store', 'Get thread', 'Position button on shirt', 'Poke a hole in the fabric', 'Push needle through first hole', 'Tie off thread']","['find the button', 'Clean up.']",Clean up.,1,0, A
7,92.3076923076923,"['Drive to fabric store', 'Get thread', 'Position button on shirt', 'Poke a hole in the fabric', 'Push needle through first hole', 'Tie off thread', 'Clean up.']","['Determine proper placement for button', 'Check the button']",Check the button,1,0, A
0,0.0,[],"['get thread, needle, button to be sewn', 'Put needle into one button hole through shirt.']","get thread, needle, button to be sewn",0,0, A
1,30.76923076923077,"['get thread, needle, button to be sewn']","['Put the button in the correct spot.', 'Wrap the thread']",Put the button in the correct spot.,0,0, A
2,42.30769230769231,"['get thread, needle, button to be sewn', 'Put the button in the correct spot.']","['Cut excess thread', 'Grab the fabric and button']",Cut excess thread,0,0, A
3,46.15384615384615,"['get thread, needle, button to be sewn', 'Put the button in the correct spot.', 'Cut excess thread']","['With needle and thread push needle through cloth and through button hole', 'Push needle under material to next hole']",With needle and thread push needle through cloth and through button hole,0,0, A
0,0.0,[],"['sew the button on carefully', 'Drive to fabric store']",Drive to fabric store,1,0, A
1,19.230769230769237,['Drive to fabric store'],"['Get out thread', 'put needle and thread away']",Get out thread,0,0, A
2,26.923076923076923,"['Drive to fabric store', 'Get out thread']","['Get the garment', 'make sure button is secure']",Get the garment,0,0, A
3,46.15384615384615,"['Drive to fabric store', 'Get out thread', 'Get the garment']","['Get sewing kit', 'Sew on button']",Sew on button,1,0, A
4,76.92307692307693,"['Drive to fabric store', 'Get out thread', 'Get the garment', 'Sew on button']","['Repeat until button is secure', 'Get needle and thread']",Repeat until button is secure,0,0, A
5,80.76923076923077,"['Drive to fabric store', 'Get out thread', 'Get the garment', 'Sew on button', 'Repeat until button is secure']","['Tie the end of the string so it will not unravel', 'Get out sewing kit']",Tie the end of the string so it will not unravel,0,0, A
0,0.0,[],"['Get scissors, needle, button and thread', 'Slide button onto needle and thread.']","Get scissors, needle, button and thread",0,0, A
1,7.6923076923076925,"['Get scissors, needle, button and thread']","['Get needle and thread', 'Make a knot at end']",Get needle and thread,0,0, A
2,26.923076923076923,"['Get scissors, needle, button and thread', 'Get needle and thread']","['Get the sewing kit.', 'Take the cloth to be sewed']",Take the cloth to be sewed,1,0, A
3,34.61538461538461,"['Get scissors, needle, button and thread', 'Get needle and thread', 'Take the cloth to be sewed']","['Hook thread through needle', 'stitching the button on']",Hook thread through needle,0,0, A
4,53.84615384615385,"['Get scissors, needle, button and thread', 'Get needle and thread', 'Take the cloth to be sewed', 'Hook thread through needle']","['Place button close to clothing.', 'Hold shirt with non-dominant hand']",Place button close to clothing.,0,0, A
5,80.76923076923077,"['Get scissors, needle, button and thread', 'Get needle and thread', 'Take the cloth to be sewed', 'Hook thread through needle', 'Place button close to clothing.']","['Tie the thread so the button will not come loose', 'Take shirt']",Tie the thread so the button will not come loose,0,0, A
6,88.46153846153845,"['Get scissors, needle, button and thread', 'Get needle and thread', 'Take the cloth to be sewed', 'Hook thread through needle', 'Place button close to clothing.', 'Tie the thread so the button will not come loose']","['Get a shirt.', 'Put away needle and thread']",Put away needle and thread,1,0, A
7,92.3076923076923,"['Get scissors, needle, button and thread', 'Get needle and thread', 'Take the cloth to be sewed', 'Hook thread through needle', 'Place button close to clothing.', 'Tie the thread so the button will not come loose', 'Put away needle and thread']","['MAKE SURE BUTTON IS SECURE', 'Stick needle through hole and secure with thread']",MAKE SURE BUTTON IS SECURE,0,0, A
0,0.0,[],"['Get supplies - shirt, new button, thread, needle', 'Knot thread']","Get supplies - shirt, new button, thread, needle",0,0, A
1,30.76923076923077,"['Get supplies - shirt, new button, thread, needle']","['Find the location where button needs to be sewn.', 'Repeat this until the button is secure']",Find the location where button needs to be sewn.,0,0, A
2,46.15384615384615,"['Get supplies - shirt, new button, thread, needle', 'Find the location where button needs to be sewn.']","['Get the sewing kit.', 'use needle and thread to sew button onto shirt']",use needle and thread to sew button onto shirt,1,0, A
3,76.92307692307693,"['Get supplies - shirt, new button, thread, needle', 'Find the location where button needs to be sewn.', 'use needle and thread to sew button onto shirt']","['Repeat for all holes to reinforce', 'Place button onto item of clothing']",Repeat for all holes to reinforce,0,0, A
4,84.61538461538461,"['Get supplies - shirt, new button, thread, needle', 'Find the location where button needs to be sewn.', 'use needle and thread to sew button onto shirt', 'Repeat for all holes to reinforce']","['cut thread so that need will detach', 'Lay down garment']",cut thread so that need will detach,0,0, A
5,88.46153846153845,"['Get supplies - shirt, new button, thread, needle', 'Find the location where button needs to be sewn.', 'use needle and thread to sew button onto shirt', 'Repeat for all holes to reinforce', 'cut thread so that need will detach']","['Clean up.', 'Place needle through clothing.']",Clean up.,0,0, A
0,0.0,[],"['Find sewing kit.', 'Sow the thread through the button holes quite a few times']",Find sewing kit.,0,0, A
1,19.230769230769237,['Find sewing kit.'],"['Starting from the bottom, poke needle through hole in button', ""Pull a thread of a matching color through the needle's eye""]",Pull a thread of a matching color through the needle's eye,1,0, A
2,26.923076923076923,"['Find sewing kit.', ""Pull a thread of a matching color through the needle's eye""]","['Cut thread', 'Get the garment']",Get the garment,1,0, A
3,30.76923076923077,"['Find sewing kit.', ""Pull a thread of a matching color through the needle's eye"", 'Get the garment']","['Place the button at right place', 'Tie off finishing knot']",Place the button at right place,0,0, A
4,42.30769230769231,"['Find sewing kit.', ""Pull a thread of a matching color through the needle's eye"", 'Get the garment', 'Place the button at right place']","['Cut away any loose threads.', 'Get thread.']",Cut away any loose threads.,0,0, A
5,46.15384615384615,"['Find sewing kit.', ""Pull a thread of a matching color through the needle's eye"", 'Get the garment', 'Place the button at right place', 'Cut away any loose threads.']","['Get a thimble', 'Sew the button on the cloth using the needle']",Sew the button on the cloth using the needle,1,0, A
6,80.76923076923077,"['Find sewing kit.', ""Pull a thread of a matching color through the needle's eye"", 'Get the garment', 'Place the button at right place', 'Cut away any loose threads.', 'Sew the button on the cloth using the needle']","['Grab button', 'Break the thread and tie a final knot']",Break the thread and tie a final knot,1,0, A
0,0.0,[],"['MAKE SURE BUTTON IS SECURE', 'Get out needle, thread, button, and clothing item.']","Get out needle, thread, button, and clothing item.",1,0, A
1,26.923076923076923,"['Get out needle, thread, button, and clothing item.']","['push needle to back of the item', 'Get clothes']",Get clothes,1,0, A
2,46.15384615384615,"['Get out needle, thread, button, and clothing item.', 'Get clothes']","['Find some thread', 'Sew in a pattern that looks like an X through the holes of the button.']",Sew in a pattern that looks like an X through the holes of the button.,1,0, A
3,84.61538461538461,"['Get out needle, thread, button, and clothing item.', 'Get clothes', 'Sew in a pattern that looks like an X through the holes of the button.']","['Get thread', 'Tie knot to secure thread and button to clothes']",Tie knot to secure thread and button to clothes,1,0, A
4,88.46153846153845,"['Get out needle, thread, button, and clothing item.', 'Get clothes', 'Sew in a pattern that looks like an X through the holes of the button.', 'Tie knot to secure thread and button to clothes']","['Get out needle, thread, button, and clothing item.', 'Put away thread and needle']",Put away thread and needle,1,0, A
5,92.3076923076923,"['Get out needle, thread, button, and clothing item.', 'Get clothes', 'Sew in a pattern that looks like an X through the holes of the button.', 'Tie knot to secure thread and button to clothes', 'Put away thread and needle']","['Check if the button is tight', 'Put the button up to the garment']",Check if the button is tight,0,0, A
0,0.0,[],"['Sew the button onto the garment by passing the needle through all 4 button holes.', 'Get out sewing kit']",Get out sewing kit,1,0, A
1,11.538461538461538,['Get out sewing kit'],"['Take a needle', 'sew onto fabric securely']",Take a needle,0,0, A
2,23.07692307692308,"['Get out sewing kit', 'Take a needle']","['Make a knot in fabric with thread behind the button', 'Find an extra button']",Find an extra button,1,0, A
3,26.923076923076923,"['Get out sewing kit', 'Take a needle', 'Find an extra button']","['Lay down garment', 'Insert needle through one side of button']",Lay down garment,0,0, A
4,30.76923076923077,"['Get out sewing kit', 'Take a needle', 'Find an extra button', 'Lay down garment']","['Make a knot in fabric with thread behind the button', 'Place the button on the cloth']",Place the button on the cloth,1,0, A
5,34.61538461538461,"['Get out sewing kit', 'Take a needle', 'Find an extra button', 'Lay down garment', 'Place the button on the cloth']","['Thread needle', 'Tie the end of the string']",Thread needle,0,0, A
6,42.30769230769231,"['Get out sewing kit', 'Take a needle', 'Find an extra button', 'Lay down garment', 'Place the button on the cloth', 'Thread needle']","['Cut thread', 'Cut length of thread']",Cut length of thread,1,0, A
7,61.53846153846154,"['Get out sewing kit', 'Take a needle', 'Find an extra button', 'Lay down garment', 'Place the button on the cloth', 'Thread needle', 'Cut length of thread']","['Get a needle', 'take needle bring up through the back of the item']",take needle bring up through the back of the item,1,0, A
8,65.38461538461539,"['Get out sewing kit', 'Take a needle', 'Find an extra button', 'Lay down garment', 'Place the button on the cloth', 'Thread needle', 'Cut length of thread', 'take needle bring up through the back of the item']","['Slide button onto needle and thread.', 'Get out sewing kit']",Slide button onto needle and thread.,0,0, A
9,69.23076923076923,"['Get out sewing kit', 'Take a needle', 'Find an extra button', 'Lay down garment', 'Place the button on the cloth', 'Thread needle', 'Cut length of thread', 'take needle bring up through the back of the item', 'Slide button onto needle and thread.']","['Poke needle through opposite hole', 'Get button']",Poke needle through opposite hole,0,0, A
0,0.0,[],"['Insert the thread through the button', 'Get scissors, needle, button and thread']","Get scissors, needle, button and thread",1,0, A
1,26.923076923076923,"['Get scissors, needle, button and thread']","['Place item on flat surface', 'Tie off thread']",Place item on flat surface,0,0, A
2,30.76923076923077,"['Get scissors, needle, button and thread', 'Place item on flat surface']","['Place button on fabric and hold with thumb and index finger', 'Check new button']",Place button on fabric and hold with thumb and index finger,0,0, A
3,53.84615384615385,"['Get scissors, needle, button and thread', 'Place item on flat surface', 'Place button on fabric and hold with thumb and index finger']","['Take out sewing kit.', 'repeat the same way']",repeat the same way,1,0, A
4,80.76923076923077,"['Get scissors, needle, button and thread', 'Place item on flat surface', 'Place button on fabric and hold with thumb and index finger', 'repeat the same way']","['Find a button to sew.', 'Tie off thread']",Tie off thread,1,0, A
5,84.61538461538461,"['Get scissors, needle, button and thread', 'Place item on flat surface', 'Place button on fabric and hold with thumb and index finger', 'repeat the same way', 'Tie off thread']","['Get a thread and a needle', 'Cut the thread']",Cut the thread,1,0, A
6,88.46153846153845,"['Get scissors, needle, button and thread', 'Place item on flat surface', 'Place button on fabric and hold with thumb and index finger', 'repeat the same way', 'Tie off thread', 'Cut the thread']","['gather button', 'put needle and thread away']",put needle and thread away,1,0, A
7,92.3076923076923,"['Get scissors, needle, button and thread', 'Place item on flat surface', 'Place button on fabric and hold with thumb and index finger', 'repeat the same way', 'Tie off thread', 'Cut the thread', 'put needle and thread away']","['Thread the needle', 'Check new button']",Check new button,1,0, A
0,0.0,[],"[""pass needle and thread back through another of the button's needle holes"", 'Drive to fabric store']",Drive to fabric store,1,0, A
1,19.230769230769237,['Drive to fabric store'],"['Tie knot to secure thread and button to clothes', 'Get thread.']",Get thread.,1,0, A
2,26.923076923076923,"['Drive to fabric store', 'Get thread.']","['Find a piece of clothing.', 'Check the button']",Find a piece of clothing.,0,0, A
3,46.15384615384615,"['Drive to fabric store', 'Get thread.', 'Find a piece of clothing.']","['put needle into adjoining hole', 'make few passes']",make few passes,1,0, A
4,80.76923076923077,"['Drive to fabric store', 'Get thread.', 'Find a piece of clothing.', 'make few passes']","['Secure the button with a knot', 'take the button']",Secure the button with a knot,0,0, A
0,0.0,[],"['Find sewing kit', 'Sew button into place']",Find sewing kit,0,0, A
1,34.61538461538461,['Find sewing kit'],"['pull the thread through the eye of needle', 'Cut away any extra string']",pull the thread through the eye of needle,0,0, A
2,50.0,"['Find sewing kit', 'pull the thread through the eye of needle']","['cut thread so that need will detach', 'Poke a hole in the fabric']",Poke a hole in the fabric,1,0, A
3,76.92307692307693,"['Find sewing kit', 'pull the thread through the eye of needle', 'Poke a hole in the fabric']","[""Make 4 x's in button."", 'Get sewing kit']",Make 4 x's in button.,0,0, A
4,80.76923076923077,"['Find sewing kit', 'pull the thread through the eye of needle', 'Poke a hole in the fabric', ""Make 4 x's in button.""]","['Mark on clothing where button is to go', 'Knot thread']",Knot thread,1,0, A
0,0.0,[],"['Drive to fabric store', 'Make a knot at end']",Drive to fabric store,0,0, A
1,19.230769230769237,['Drive to fabric store'],"['Sew the button through the button holes onto the shirt', 'Get thread']",Get thread,1,0, A
2,23.07692307692308,"['Drive to fabric store', 'Get thread']","['Pull thread through opposite button hole', 'Get button']",Get button,1,0, A
3,38.46153846153847,"['Drive to fabric store', 'Get thread', 'Get button']","['Get needle', 'Tie knot in end of thread']",Tie knot in end of thread,1,0, A
4,42.30769230769231,"['Drive to fabric store', 'Get thread', 'Get button', 'Tie knot in end of thread']","['Tie the end of the string', 'Cut length of thread']",Cut length of thread,1,0, A
5,46.15384615384615,"['Drive to fabric store', 'Get thread', 'Get button', 'Tie knot in end of thread', 'Cut length of thread']","['Pass the needle in and out of holes on button', 'Take a matching button']",Pass the needle in and out of holes on button,0,0, A
6,61.53846153846154,"['Drive to fabric store', 'Get thread', 'Get button', 'Tie knot in end of thread', 'Cut length of thread', 'Pass the needle in and out of holes on button']","['Start sewing going into the back of the garment.', 'Put needle away']",Start sewing going into the back of the garment.,0,0, A
7,76.92307692307693,"['Drive to fabric store', 'Get thread', 'Get button', 'Tie knot in end of thread', 'Cut length of thread', 'Pass the needle in and out of holes on button', 'Start sewing going into the back of the garment.']","['Continue until button is secure', 'Thread the needle']",Continue until button is secure,0,0, A
0,0.0,[],"['With other hand, push needle through button hole', 'Drive to fabric store']",Drive to fabric store,1,0, A
1,19.230769230769237,['Drive to fabric store'],"['Get thread', 'Get back the needle through the third button hole']",Get thread,0,0, A
2,23.07692307692308,"['Drive to fabric store', 'Get thread']","['Find button replacement', 'tie off thread']",Find button replacement,0,0, A
3,30.76923076923077,"['Drive to fabric store', 'Get thread', 'Find button replacement']","['Find sewing kit.', 'Put button in the right area']",Put button in the right area,1,0, A
4,46.15384615384615,"['Drive to fabric store', 'Get thread', 'Find button replacement', 'Put button in the right area']","['Start sewing', 'Find a button']",Start sewing,0,0, A
0,0.0,[],"['Sew the button', 'Get sewing basket']",Get sewing basket,1,0, A
1,7.6923076923076925,['Get sewing basket'],"['Get needle and thread', ""TIE A KNOT IN THE END OF THE THREAD SO THE BUTTON DOESN'T COME OFF""]",Get needle and thread,0,0, A
2,11.538461538461538,"['Get sewing basket', 'Get needle and thread']","['Get needle', 'Cut thread']",Get needle,0,0, A
3,23.07692307692308,"['Get sewing basket', 'Get needle and thread', 'Get needle']","[""Make sure it's secure"", 'Get button']",Get button,1,0, A
4,26.923076923076923,"['Get sewing basket', 'Get needle and thread', 'Get needle', 'Get button']","['Pick up shirt missing button.', 'pull thread forward']",Pick up shirt missing button.,0,0, A
5,46.15384615384615,"['Get sewing basket', 'Get needle and thread', 'Get needle', 'Get button', 'Pick up shirt missing button.']","['Acquire new button', 'Insert the needle with thread in button hole and shirt']",Insert the needle with thread in button hole and shirt,1,0, A
6,88.46153846153845,"['Get sewing basket', 'Get needle and thread', 'Get needle', 'Get button', 'Pick up shirt missing button.', 'Insert the needle with thread in button hole and shirt']","['Align button', 'Put away needle and thread']",Put away needle and thread,1,0, A
0,0.0,[],"['Grab the fabric and button', 'Cut thread string to how much is needed']",Grab the fabric and button,0,0, A
1,7.6923076923076925,['Grab the fabric and button'],"['Get thread and needle', 'Thread button onto clothing']",Get thread and needle,0,0, A
2,23.07692307692308,"['Grab the fabric and button', 'Get thread and needle']","['Use needle and thread to sew button', 'get a new button']",get a new button,1,0, A
3,26.923076923076923,"['Grab the fabric and button', 'Get thread and needle', 'get a new button']","['Cut loose ends', 'grab object the button is being sewed']",grab object the button is being sewed,1,0, A
4,30.76923076923077,"['Grab the fabric and button', 'Get thread and needle', 'get a new button', 'grab object the button is being sewed']","['Put button in the right area', 'tie thread at the end']",Put button in the right area,0,0, A
5,42.30769230769231,"['Grab the fabric and button', 'Get thread and needle', 'get a new button', 'grab object the button is being sewed', 'Put button in the right area']","['get sewing kit', 'Cut about 16 inches worth of thread.']",Cut about 16 inches worth of thread.,1,0, A
6,61.53846153846154,"['Grab the fabric and button', 'Get thread and needle', 'get a new button', 'grab object the button is being sewed', 'Put button in the right area', 'Cut about 16 inches worth of thread.']","['Get scissors, needle, button and thread', 'Push needle through hole']",Push needle through hole,1,0, A
7,65.38461538461539,"['Grab the fabric and button', 'Get thread and needle', 'get a new button', 'grab object the button is being sewed', 'Put button in the right area', 'Cut about 16 inches worth of thread.', 'Push needle through hole']","['Take a matching button', 'Bring the needle up through another hole on button.']",Bring the needle up through another hole on button.,1,0, A
8,69.23076923076923,"['Grab the fabric and button', 'Get thread and needle', 'get a new button', 'grab object the button is being sewed', 'Put button in the right area', 'Cut about 16 inches worth of thread.', 'Push needle through hole', 'Bring the needle up through another hole on button.']","['With needle and thread push needle through cloth and through button hole', 'Put needle in other button hole.']",Put needle in other button hole.,1,0, A
9,73.07692307692307,"['Grab the fabric and button', 'Get thread and needle', 'get a new button', 'grab object the button is being sewed', 'Put button in the right area', 'Cut about 16 inches worth of thread.', 'Push needle through hole', 'Bring the needle up through another hole on button.', 'Put needle in other button hole.']","['Place new button where I want it to go', 'Repeat for remaining holes']",Repeat for remaining holes,1,0, A
10,84.61538461538461,"['Grab the fabric and button', 'Get thread and needle', 'get a new button', 'grab object the button is being sewed', 'Put button in the right area', 'Cut about 16 inches worth of thread.', 'Push needle through hole', 'Bring the needle up through another hole on button.', 'Put needle in other button hole.', 'Repeat for remaining holes']","['Find a button to sew.', 'Cut thread']",Cut thread,1,0, A
11,88.46153846153845,"['Grab the fabric and button', 'Get thread and needle', 'get a new button', 'grab object the button is being sewed', 'Put button in the right area', 'Cut about 16 inches worth of thread.', 'Push needle through hole', 'Bring the needle up through another hole on button.', 'Put needle in other button hole.', 'Repeat for remaining holes', 'Cut thread']","['Clean up.', 'Find thread that matches']",Clean up.,0,0, A
12,92.3076923076923,"['Grab the fabric and button', 'Get thread and needle', 'get a new button', 'grab object the button is being sewed', 'Put button in the right area', 'Cut about 16 inches worth of thread.', 'Push needle through hole', 'Bring the needle up through another hole on button.', 'Put needle in other button hole.', 'Repeat for remaining holes', 'Cut thread', 'Clean up.']","['Place needle through clothing.', 'Check new button']",Check new button,1,0, A
0,0.0,[],"['Use needle to go through button holes', 'Grab the fabric and button']",Grab the fabric and button,1,0, A
1,30.76923076923077,['Grab the fabric and button'],"['Cut off any excess thread.', 'Place button in desired position']",Place button in desired position,1,0, A
2,34.61538461538461,"['Grab the fabric and button', 'Place button in desired position']","['When button is securely in place tie knot in thread at back of garment', 'Thread needle']",Thread needle,1,0, A
3,50.0,"['Grab the fabric and button', 'Place button in desired position', 'Thread needle']","['Cut the excess thread', 'Starting on inside of garment, push through with needle.']","Starting on inside of garment, push through with needle.",1,0, A
4,61.53846153846154,"['Grab the fabric and button', 'Place button in desired position', 'Thread needle', 'Starting on inside of garment, push through with needle.']","['Take thread from sewing kit', 'Sew button onto fabric through the first hole']",Sew button onto fabric through the first hole,1,0, A
5,65.38461538461539,"['Grab the fabric and button', 'Place button in desired position', 'Thread needle', 'Starting on inside of garment, push through with needle.', 'Sew button onto fabric through the first hole']","['Then push needle through material', 'Select thread']",Then push needle through material,0,0, A
6,76.92307692307693,"['Grab the fabric and button', 'Place button in desired position', 'Thread needle', 'Starting on inside of garment, push through with needle.', 'Sew button onto fabric through the first hole', 'Then push needle through material']","['Thread needle.', 'Repeat steps 4 through 6 about 30 times']",Repeat steps 4 through 6 about 30 times,1,0, A
7,80.76923076923077,"['Grab the fabric and button', 'Place button in desired position', 'Thread needle', 'Starting on inside of garment, push through with needle.', 'Sew button onto fabric through the first hole', 'Then push needle through material', 'Repeat steps 4 through 6 about 30 times']","['Get needle', 'tug to make sure it is secure']",tug to make sure it is secure,1,0, A
0,0.0,[],"['cut remaining thread away', 'Get sewing basket']",Get sewing basket,1,0, A
1,7.6923076923076925,['Get sewing basket'],"['Cut off any loose threads with a scissors.', 'GET SOME NEEDLE AND THREAD']",GET SOME NEEDLE AND THREAD,1,0, A
2,34.61538461538461,"['Get sewing basket', 'GET SOME NEEDLE AND THREAD']","['Thread needle with matching thread', 'cut loose thread']",Thread needle with matching thread,0,0, A
3,53.84615384615385,"['Get sewing basket', 'GET SOME NEEDLE AND THREAD', 'Thread needle with matching thread']","['gathering thread', 'Insert the needle into the button hole']",Insert the needle into the button hole,1,0, A
4,61.53846153846154,"['Get sewing basket', 'GET SOME NEEDLE AND THREAD', 'Thread needle with matching thread', 'Insert the needle into the button hole']","['take the needle and matching thread', 'Put needle into one button hole through shirt.']",Put needle into one button hole through shirt.,1,0, A
5,65.38461538461539,"['Get sewing basket', 'GET SOME NEEDLE AND THREAD', 'Thread needle with matching thread', 'Insert the needle into the button hole', 'Put needle into one button hole through shirt.']","['Thread the needle', 'Put the needle thorough the back of the button hole.']",Put the needle thorough the back of the button hole.,1,0, A
6,69.23076923076923,"['Get sewing basket', 'GET SOME NEEDLE AND THREAD', 'Thread needle with matching thread', 'Insert the needle into the button hole', 'Put needle into one button hole through shirt.', 'Put the needle thorough the back of the button hole.']","['Sew button through third hole', 'Put one end of thread through the eye of the needle.']",Sew button through third hole,0,0, A
7,73.07692307692307,"['Get sewing basket', 'GET SOME NEEDLE AND THREAD', 'Thread needle with matching thread', 'Insert the needle into the button hole', 'Put needle into one button hole through shirt.', 'Put the needle thorough the back of the button hole.', 'Sew button through third hole']","['Thread needle.', 'Continue sewing in an X pattern until the button is secure.']",Continue sewing in an X pattern until the button is secure.,1,0, A
8,80.76923076923077,"['Get sewing basket', 'GET SOME NEEDLE AND THREAD', 'Thread needle with matching thread', 'Insert the needle into the button hole', 'Put needle into one button hole through shirt.', 'Put the needle thorough the back of the button hole.', 'Sew button through third hole', 'Continue sewing in an X pattern until the button is secure.']","['Take a needle', 'Tie knot on thread.']",Tie knot on thread.,1,0, A
9,88.46153846153845,"['Get sewing basket', 'GET SOME NEEDLE AND THREAD', 'Thread needle with matching thread', 'Insert the needle into the button hole', 'Put needle into one button hole through shirt.', 'Put the needle thorough the back of the button hole.', 'Sew button through third hole', 'Continue sewing in an X pattern until the button is secure.', 'Tie knot on thread.']","['put sewing kit away', 'Insert the needle from the bottom where the button is to be sewn']",put sewing kit away,0,0, A
0,0.0,[],"['Cut off excess thread', 'Drive to fabric store']",Drive to fabric store,1,0, A
1,19.230769230769237,['Drive to fabric store'],"['Tie off finishing knot', 'Get the thread']",Get the thread,1,0, A
2,34.61538461538461,"['Drive to fabric store', 'Get the thread']","['Get supplies - shirt, new button, thread, needle', 'Put an end of the thread through the eye of the needle']",Put an end of the thread through the eye of the needle,1,0, A
3,88.46153846153845,"['Drive to fabric store', 'Get the thread', 'Put an end of the thread through the eye of the needle']","['Put needle and thread back in drawer', 'FIND THE REPLACEMENT BUTTON']",Put needle and thread back in drawer,0,0, A
0,0.0,[],"['Thread the needle.', 'Get a thimble']",Get a thimble,1,0, A
1,26.923076923076923,['Get a thimble'],"['Use scissors to cut thread', 'grab object the button is being sewed']",grab object the button is being sewed,1,0, A
2,34.61538461538461,"['Get a thimble', 'grab object the button is being sewed']","['Tie off finishing knot', 'Thread needle']",Thread needle,1,0, A
3,46.15384615384615,"['Get a thimble', 'grab object the button is being sewed', 'Thread needle']","['Pick a needle', 'Push the needle through one button hole and back out another hole']",Push the needle through one button hole and back out another hole,1,0, A
4,76.92307692307693,"['Get a thimble', 'grab object the button is being sewed', 'Thread needle', 'Push the needle through one button hole and back out another hole']","['Continue sewing.', 'Get a needle and thread']",Continue sewing.,0,0, A
0,0.0,[],"['line it up with the hole', 'Drive to fabric store']",Drive to fabric store,1,0, A
1,19.230769230769237,['Drive to fabric store'],"['Take thread from sewing kit', 'Return the needle through the fabric and through a different button hole']",Take thread from sewing kit,0,0, A
2,30.76923076923077,"['Drive to fabric store', 'Take thread from sewing kit']","['attach button to shirt', 'Tie off finishing knot']",attach button to shirt,0,0, A
3,42.30769230769231,"['Drive to fabric store', 'Take thread from sewing kit', 'attach button to shirt']","['Put supplies away', 'Cut length of thread']",Cut length of thread,1,0, A
4,61.53846153846154,"['Drive to fabric store', 'Take thread from sewing kit', 'attach button to shirt', 'Cut length of thread']","['Obtain needle and thread', 'push the needle through the button']",push the needle through the button,1,0, A
5,76.92307692307693,"['Drive to fabric store', 'Take thread from sewing kit', 'attach button to shirt', 'Cut length of thread', 'push the needle through the button']","['Find sewing kit', 'Repeat step 8 until button is sewn on']",Repeat step 8 until button is sewn on,1,0, A
0,0.0,[],"['Drive to fabric store', 'tie a knot in thread']",Drive to fabric store,0,0, A
1,19.230769230769237,['Drive to fabric store'],"['get some thread', 'Pull it back out the other hole']",get some thread,0,0, A
2,34.61538461538461,"['Drive to fabric store', 'get some thread']","['cut the thread when finished', 'Thread needle']",Thread needle,1,0, A
3,38.46153846153847,"['Drive to fabric store', 'get some thread', 'Thread needle']","['tie a knot in thread', 'Bring the needle up through another hole on button.']",tie a knot in thread,0,0, A
4,61.53846153846154,"['Drive to fabric store', 'get some thread', 'Thread needle', 'tie a knot in thread']","['Sew button onto fabric through the first hole', 'Pick thread to use']",Sew button onto fabric through the first hole,0,0, A
5,65.38461538461539,"['Drive to fabric store', 'get some thread', 'Thread needle', 'tie a knot in thread', 'Sew button onto fabric through the first hole']","['Thread sewing needle with chosen thread.', 'Then push needle through material']",Then push needle through material,1,0, A
6,76.92307692307693,"['Drive to fabric store', 'get some thread', 'Thread needle', 'tie a knot in thread', 'Sew button onto fabric through the first hole', 'Then push needle through material']","['Position needle with thread', 'repeat']",repeat,1,0, A
0,0.0,[],"['Sow the thread through the button holes quite a few times', 'Get out sewing kit']",Get out sewing kit,1,0, A
1,34.61538461538461,['Get out sewing kit'],"['Tie off thread', 'thread the needle']",thread the needle,1,0, A
2,53.84615384615385,"['Get out sewing kit', 'thread the needle']","['Get a sewing needle.', 'pass needle through needle hole in button']",pass needle through needle hole in button,1,0, A
0,0.0,[],"['moving the needle in and out of the button holes', 'Find sewing kit']",Find sewing kit,1,0, A
1,23.07692307692308,['Find sewing kit'],"['Get button', 'Repeat steps 4 through 6 about 30 times']",Get button,0,0, A
2,61.53846153846154,"['Find sewing kit', 'Get button']","['put needle and thread away', 'Pull thread through']",Pull thread through,1,0, A
3,76.92307692307693,"['Find sewing kit', 'Get button', 'Pull thread through']","['Do this through all holes of button', 'Put the button up to the garment']",Do this through all holes of button,0,0, A
4,84.61538461538461,"['Find sewing kit', 'Get button', 'Pull thread through', 'Do this through all holes of button']","['Cut the excess thread', 'Thread the needle and tie a knot at end of thread.']",Cut the excess thread,0,0, A
0,0.0,[],"['Drive to fabric store', 'Put needle and thread through holes']",Drive to fabric store,0,0, A
1,19.230769230769237,['Drive to fabric store'],"['Pass thread through button holes.', 'Select thread']",Select thread,1,0, A
2,23.07692307692308,"['Drive to fabric store', 'Select thread']","['Get button', 'Proceed to insert needle into button holes and through clothing/ item until securely sewn']",Get button,0,0, A
3,34.61538461538461,"['Drive to fabric store', 'Select thread', 'Get button']","['slide thread through hole', 'Get back the needle through the fourth button hole']",slide thread through hole,0,0, A
4,61.53846153846154,"['Drive to fabric store', 'Select thread', 'Get button', 'slide thread through hole']","['Push needle through hole', 'Find a needle and thread']",Push needle through hole,0,0, A
5,76.92307692307693,"['Drive to fabric store', 'Select thread', 'Get button', 'slide thread through hole', 'Push needle through hole']","['Get the garment', 'Keep threading until the button is firmly attached']",Keep threading until the button is firmly attached,1,0, A
6,80.76923076923077,"['Drive to fabric store', 'Select thread', 'Get button', 'slide thread through hole', 'Push needle through hole', 'Keep threading until the button is firmly attached']","['Tie off the end of the thread', 'Find shirt']",Tie off the end of the thread,0,0, A
7,88.46153846153845,"['Drive to fabric store', 'Select thread', 'Get button', 'slide thread through hole', 'Push needle through hole', 'Keep threading until the button is firmly attached', 'Tie off the end of the thread']","['Place button where it is to be sewed', 'Take out the needle']",Take out the needle,1,0, A
0,0.0,[],"['Drive to fabric store', 'Cut the needle off of the thread.']",Drive to fabric store,0,0, A
1,19.230769230769237,['Drive to fabric store'],"['Push needle down through other button on hole', 'Find thread that matches']",Find thread that matches,1,0, A
2,23.07692307692308,"['Drive to fabric store', 'Find thread that matches']","['Find a button', 'Pass needle through shirt and button holes']",Find a button,0,0, A
3,26.923076923076923,"['Drive to fabric store', 'Find thread that matches', 'Find a button']","['Thread one hole with the needle', 'taking the right button out']",taking the right button out,1,0, A
4,30.76923076923077,"['Drive to fabric store', 'Find thread that matches', 'Find a button', 'taking the right button out']","['tie off the thread', 'Place button onto item of clothing']",Place button onto item of clothing,1,0, A
5,50.0,"['Drive to fabric store', 'Find thread that matches', 'Find a button', 'taking the right button out', 'Place button onto item of clothing']","['Get thread', 'Push needle through the button hole into the fabric']",Push needle through the button hole into the fabric,1,0, A
6,61.53846153846154,"['Drive to fabric store', 'Find thread that matches', 'Find a button', 'taking the right button out', 'Place button onto item of clothing', 'Push needle through the button hole into the fabric']","['Push needle through first hole', 'Find a piece of clothing.']",Push needle through first hole,0,0, A
7,76.92307692307693,"['Drive to fabric store', 'Find thread that matches', 'Find a button', 'taking the right button out', 'Place button onto item of clothing', 'Push needle through the button hole into the fabric', 'Push needle through first hole']","['Find sewing kit.', 'Repeat until sewed on.']",Repeat until sewed on.,1,0, A
0,0.0,[],"['Drive to fabric store', 'Pass the needle in and out of holes on button']",Drive to fabric store,0,0, A
1,19.230769230769237,['Drive to fabric store'],"['Find thread color to match button or item requiring the button', 'Pull thread through and secure button']",Find thread color to match button or item requiring the button,0,0, A
2,34.61538461538461,"['Drive to fabric store', 'Find thread color to match button or item requiring the button']","['knot thread', 'Thread needle.']",Thread needle.,1,0, A
3,46.15384615384615,"['Drive to fabric store', 'Find thread color to match button or item requiring the button', 'Thread needle.']","['Find button to be sewn', 'Start to sew the button onto the fabric.']",Start to sew the button onto the fabric.,1,0, A
4,50.0,"['Drive to fabric store', 'Find thread color to match button or item requiring the button', 'Thread needle.', 'Start to sew the button onto the fabric.']","['Insert the thread through the button', 'Cut off any excess thread.']",Insert the thread through the button,0,0, A
5,61.53846153846154,"['Drive to fabric store', 'Find thread color to match button or item requiring the button', 'Thread needle.', 'Start to sew the button onto the fabric.', 'Insert the thread through the button']","['take needle bring up through the back of the item', 'Find a piece of clothing.']",take needle bring up through the back of the item,0,0, A
6,65.38461538461539,"['Drive to fabric store', 'Find thread color to match button or item requiring the button', 'Thread needle.', 'Start to sew the button onto the fabric.', 'Insert the thread through the button', 'take needle bring up through the back of the item']","['Push needle through other hole of button and through clothes', 'slide thread through hole']",Push needle through other hole of button and through clothes,0,0, A
7,76.92307692307693,"['Drive to fabric store', 'Find thread color to match button or item requiring the button', 'Thread needle.', 'Start to sew the button onto the fabric.', 'Insert the thread through the button', 'take needle bring up through the back of the item', 'Push needle through other hole of button and through clothes']","['Continue to loop the needle and thread through the button holes.', 'Thread the needle and tie a knot at end of thread.']",Continue to loop the needle and thread through the button holes.,0,0, A
0,0.0,[],"['Get sewing kit', 'Pull through other end']",Get sewing kit,0,0, A
1,34.61538461538461,['Get sewing kit'],"['Put one end of thread through the eye of the needle.', 'Cut.']",Put one end of thread through the eye of the needle.,0,0, A
2,53.84615384615385,"['Get sewing kit', 'Put one end of thread through the eye of the needle.']","['Find a piece of clothing.', 'Use the needle to guide the thread']",Use the needle to guide the thread,1,0, A
3,57.692307692307686,"['Get sewing kit', 'Put one end of thread through the eye of the needle.', 'Use the needle to guide the thread']","['Remove thread and needle from kit', 'Pull through']",Pull through,1,0, A
4,76.92307692307693,"['Get sewing kit', 'Put one end of thread through the eye of the needle.', 'Use the needle to guide the thread', 'Pull through']","['Insert thread in needle', 'Repeat several times until button is secure']",Repeat several times until button is secure,1,0, A
5,80.76923076923077,"['Get sewing kit', 'Put one end of thread through the eye of the needle.', 'Use the needle to guide the thread', 'Pull through', 'Repeat several times until button is secure']","['Put thread end through eye of needle', 'Tie the thread so the button will not come loose']",Tie the thread so the button will not come loose,1,0, A
0,0.0,[],"['Drive to fabric store', 'Cut away any loose threads.']",Drive to fabric store,0,0, A
1,19.230769230769237,['Drive to fabric store'],"['get some thread', 'Take out the needle']",get some thread,0,0, A
2,34.61538461538461,"['Drive to fabric store', 'get some thread']","['Pull through other side.', 'thread the needle']",thread the needle,1,0, A
3,61.53846153846154,"['Drive to fabric store', 'get some thread', 'thread the needle']","['Holding button at appropriate location, press needle through first hole on button.', 'gather needle']","Holding button at appropriate location, press needle through first hole on button.",0,0, A
4,80.76923076923077,"['Drive to fabric store', 'get some thread', 'thread the needle', 'Holding button at appropriate location, press needle through first hole on button.']","['Thread a needle.', 'Tie off thread']",Tie off thread,1,0, A
0,0.0,[],"['thread needle', 'Get button, thread, needle and scissors']","Get button, thread, needle and scissors",1,0, A
1,26.923076923076923,"['Get button, thread, needle and scissors']","['Pick up shirt missing button.', 'Cut thread']",Pick up shirt missing button.,0,0, A
2,50.0,"['Get button, thread, needle and scissors', 'Pick up shirt missing button.']","['Get a needle', 'Push needle through button and fabric.']",Push needle through button and fabric.,1,0, A
3,65.38461538461539,"['Get button, thread, needle and scissors', 'Pick up shirt missing button.', 'Push needle through button and fabric.']","['pull needle through to knot', 'Get thread']",pull needle through to knot,0,0, A
4,76.92307692307693,"['Get button, thread, needle and scissors', 'Pick up shirt missing button.', 'Push needle through button and fabric.', 'pull needle through to knot']","['Continue repeating pushing up and pushing thread back down', 'Get the sewing kit.']",Continue repeating pushing up and pushing thread back down,0,0, A
5,84.61538461538461,"['Get button, thread, needle and scissors', 'Pick up shirt missing button.', 'Push needle through button and fabric.', 'pull needle through to knot', 'Continue repeating pushing up and pushing thread back down']","['Cut excess thread', 'Tie a knot a the end of the thread']",Cut excess thread,0,0, A
0,0.0,[],"['Drive to fabric store', 'Tie off thread']",Drive to fabric store,0,0, A
1,19.230769230769237,['Drive to fabric store'],"['cut thread from button', 'Get thread.']",Get thread.,1,0, A
2,23.07692307692308,"['Drive to fabric store', 'Get thread.']","['Find a matching button', 'Crisscross on the button']",Find a matching button,0,0, A
3,26.923076923076923,"['Drive to fabric store', 'Get thread.', 'Find a matching button']","['Get garment which you would like to sew button on to.', 'push the needle through the button']",Get garment which you would like to sew button on to.,0,0, A
4,30.76923076923077,"['Drive to fabric store', 'Get thread.', 'Find a matching button', 'Get garment which you would like to sew button on to.']","['Drive to fabric store', 'Hold button in place on clothing.']",Hold button in place on clothing.,1,0, A
5,50.0,"['Drive to fabric store', 'Get thread.', 'Find a matching button', 'Get garment which you would like to sew button on to.', 'Hold button in place on clothing.']","['Put needle through one hole', 'Get needle and thread']",Put needle through one hole,0,0, A
6,61.53846153846154,"['Drive to fabric store', 'Get thread.', 'Find a matching button', 'Get garment which you would like to sew button on to.', 'Hold button in place on clothing.', 'Put needle through one hole']","['Cut away any extra string', 'Pass the needle through one of the button holes']",Pass the needle through one of the button holes,1,0, A
7,80.76923076923077,"['Drive to fabric store', 'Get thread.', 'Find a matching button', 'Get garment which you would like to sew button on to.', 'Hold button in place on clothing.', 'Put needle through one hole', 'Pass the needle through one of the button holes']","['Tie the thread round in between the garment and button', 'Choose thread color']",Tie the thread round in between the garment and button,0,0, A
8,88.46153846153845,"['Drive to fabric store', 'Get thread.', 'Find a matching button', 'Get garment which you would like to sew button on to.', 'Hold button in place on clothing.', 'Put needle through one hole', 'Pass the needle through one of the button holes', 'Tie the thread round in between the garment and button']","['put the supplies away', 'gather button']",put the supplies away,0,0, A
0,0.0,[],"['Drive to fabric store', 'Then push needle through material']",Drive to fabric store,0,0, A
1,19.230769230769237,['Drive to fabric store'],"['Get some thread.', 'Push through other holes']",Get some thread.,0,0, A
2,23.07692307692308,"['Drive to fabric store', 'Get some thread.']","['Look through sewing kit for a button that matches clothing.', 'Tie the end of the string so it will not unravel']",Look through sewing kit for a button that matches clothing.,0,0, A
3,61.53846153846154,"['Drive to fabric store', 'Get some thread.', 'Look through sewing kit for a button that matches clothing.']","['cut the thread when finished', 'push the needle through the button']",push the needle through the button,1,0, A
4,80.76923076923077,"['Drive to fabric store', 'Get some thread.', 'Look through sewing kit for a button that matches clothing.', 'push the needle through the button']","['When done knot end.', 'Get needle.']",When done knot end.,0,0, A
5,88.46153846153845,"['Drive to fabric store', 'Get some thread.', 'Look through sewing kit for a button that matches clothing.', 'push the needle through the button', 'When done knot end.']","['Put needle away', 'Place button where desired']",Put needle away,0,0, A
6,92.3076923076923,"['Drive to fabric store', 'Get some thread.', 'Look through sewing kit for a button that matches clothing.', 'push the needle through the button', 'When done knot end.', 'Put needle away']","['MAKE SURE BUTTON IS SECURE', 'Use the needle to guide the thread']",MAKE SURE BUTTON IS SECURE,0,0, A
0,0.0,[],"['Get sewing basket', 'Continue until the button is securely on the clothing']",Get sewing basket,0,0, A
1,34.61538461538461,['Get sewing basket'],"['repeat steps 4-5 until button is secured to shirt', 'Thread a needle.']",Thread a needle.,1,0, A
2,46.15384615384615,"['Get sewing basket', 'Thread a needle.']","['Prepare needle and thread.', 'Move needle in and out of button holes to secure to shirt.']",Move needle in and out of button holes to secure to shirt.,1,0, A
3,76.92307692307693,"['Get sewing basket', 'Thread a needle.', 'Move needle in and out of button holes to secure to shirt.']","['Hook thread through needle', 'Repeat several times until button is attached solidly to the fabric.']",Repeat several times until button is attached solidly to the fabric.,1,0, A
0,0.0,[],"['Get out sewing kit.', 'Place needle through clothing.']",Get out sewing kit.,0,0, A
1,34.61538461538461,['Get out sewing kit.'],"['Tie the end with a knot.', 'thread the needle']",thread the needle,1,0, A
2,88.46153846153845,"['Get out sewing kit.', 'thread the needle']","['Put the needle and thread away', 'Put button in proper place']",Put the needle and thread away,0,0, A
3,92.3076923076923,"['Get out sewing kit.', 'thread the needle', 'Put the needle and thread away']","['Find the location where button needs to be sewn.', 'Check if the button is tight']",Check if the button is tight,1,0, A
0,0.0,[],"['Drive to fabric store', 'Push needle through the button hole into the fabric']",Drive to fabric store,0,0, A
1,19.230769230769237,['Drive to fabric store'],"['Pick thread to use', 'Holding button at appropriate location, press needle through first hole on button.']",Pick thread to use,0,0, A
2,34.61538461538461,"['Drive to fabric store', 'Pick thread to use']","['Tie knot to secure thread and button to clothes', 'Place the thread through the needle']",Place the thread through the needle,1,0, A
3,88.46153846153845,"['Drive to fabric store', 'Pick thread to use', 'Place the thread through the needle']","['Put away needle and thread', 'Find button']",Put away needle and thread,0,0, A
0,0.0,[],"['Starting on inside of garment, push through with needle.', 'Get out sewing kit.']",Get out sewing kit.,1,0, A
1,11.538461538461538,['Get out sewing kit.'],"['find the needle', 'Put away thread and needle']",find the needle,0,0, A
2,30.76923076923077,"['Get out sewing kit.', 'find the needle']","['push needle to back of the item', 'Place the button in the right spot']",Place the button in the right spot,1,0, A
3,46.15384615384615,"['Get out sewing kit.', 'find the needle', 'Place the button in the right spot']","['grab a needle and string', 'Put thread through button']",Put thread through button,1,0, A
0,0.0,[],"['Find sewing kit', 'Pull needle and thread']",Find sewing kit,0,0, A
1,34.61538461538461,['Find sewing kit'],"['Repeat several times until button is secure', 'slide thread through hole']",slide thread through hole,1,0, A
2,50.0,"['Find sewing kit', 'slide thread through hole']","['put the needle into the fabric', ""Pull a thread of a matching color through the needle's eye""]",put the needle into the fabric,0,0, A
3,61.53846153846154,"['Find sewing kit', 'slide thread through hole', 'put the needle into the fabric']","['Remove thread and needle from kit', 'Thread one hole with the needle']",Thread one hole with the needle,1,0, A
4,80.76923076923077,"['Find sewing kit', 'slide thread through hole', 'put the needle into the fabric', 'Thread one hole with the needle']","['Find a suitable button', 'tie off thread']",tie off thread,1,0, A
0,0.0,[],"['When button is securely in place tie knot in thread at back of garment', 'Get scissors, needle, button and thread']","Get scissors, needle, button and thread",1,0, A
1,7.6923076923076925,"['Get scissors, needle, button and thread']","['Cut thread', 'Find a needle and thread']",Find a needle and thread,1,0, A
2,26.923076923076923,"['Get scissors, needle, button and thread', 'Find a needle and thread']","['Continue until the button is securely on the clothing', 'grab object the button is being sewed']",grab object the button is being sewed,1,0, A
3,34.61538461538461,"['Get scissors, needle, button and thread', 'Find a needle and thread', 'grab object the button is being sewed']","['Thread a needle with thread that matches shirt that needs a new button.', 'Repeat steps 4 through 6 about 30 times']",Thread a needle with thread that matches shirt that needs a new button.,0,0, A
4,38.46153846153847,"['Get scissors, needle, button and thread', 'Find a needle and thread', 'grab object the button is being sewed', 'Thread a needle with thread that matches shirt that needs a new button.']","['Put needle and thread back in drawer', 'tie knot at end of thread']",tie knot at end of thread,1,0, A
5,61.53846153846154,"['Get scissors, needle, button and thread', 'Find a needle and thread', 'grab object the button is being sewed', 'Thread a needle with thread that matches shirt that needs a new button.', 'tie knot at end of thread']","['Holding button at appropriate location, press needle through first hole on button.', 'Cut loose ends']","Holding button at appropriate location, press needle through first hole on button.",0,0, A
6,76.92307692307693,"['Get scissors, needle, button and thread', 'Find a needle and thread', 'grab object the button is being sewed', 'Thread a needle with thread that matches shirt that needs a new button.', 'tie knot at end of thread', 'Holding button at appropriate location, press needle through first hole on button.']","['Do this through all holes of button', 'grab a needle and string']",Do this through all holes of button,0,0, A
7,80.76923076923077,"['Get scissors, needle, button and thread', 'Find a needle and thread', 'grab object the button is being sewed', 'Thread a needle with thread that matches shirt that needs a new button.', 'tie knot at end of thread', 'Holding button at appropriate location, press needle through first hole on button.', 'Do this through all holes of button']","['Thread the needle', 'when done tie the end properly']",when done tie the end properly,1,0, A
0,0.0,[],"['Gather supplies', 'Repeat several times until button is secure']",Gather supplies,0,0, A
1,7.6923076923076925,['Gather supplies'],"['Pull through other side.', 'Obtain needle and thread']",Obtain needle and thread,1,0, A
2,26.923076923076923,"['Gather supplies', 'Obtain needle and thread']","['grab object the button is being sewed', 'Repeat until button is secure']",grab object the button is being sewed,0,0, A
3,34.61538461538461,"['Gather supplies', 'Obtain needle and thread', 'grab object the button is being sewed']","['Bring the needle up through another hole on button.', 'Thread the needle.']",Thread the needle.,1,0, A
4,88.46153846153845,"['Gather supplies', 'Obtain needle and thread', 'grab object the button is being sewed', 'Thread the needle.']","['Clean up.', 'Get a sewing needle.']",Clean up.,0,0, A
5,92.3076923076923,"['Gather supplies', 'Obtain needle and thread', 'grab object the button is being sewed', 'Thread the needle.', 'Clean up.']","['Using threaded needle, sew button on to garment.', 'MAKE SURE BUTTON IS SECURE']",MAKE SURE BUTTON IS SECURE,1,0, A
0,0.0,[],"['Drive to fabric store', 'Push needle through other hole of button and through clothes']",Drive to fabric store,0,0, A
1,19.230769230769237,['Drive to fabric store'],"['Hold button in place', 'Get thread']",Get thread,1,0, A
2,34.61538461538461,"['Drive to fabric store', 'Get thread']","['Thread needle.', 'Make a knot']",Thread needle.,0,0, A
3,61.53846153846154,"['Drive to fabric store', 'Get thread', 'Thread needle.']","['Start sewing going into the back of the garment.', 'Prepare needle and thread.']",Start sewing going into the back of the garment.,0,0, A
4,80.76923076923077,"['Drive to fabric store', 'Get thread', 'Thread needle.', 'Start sewing going into the back of the garment.']","['Prepare garment for sewing', 'Tie knot on thread.']",Tie knot on thread.,1,0, A
5,88.46153846153845,"['Drive to fabric store', 'Get thread', 'Thread needle.', 'Start sewing going into the back of the garment.', 'Tie knot on thread.']","['Get supplies - shirt, new button, thread, needle', 'Clean up.']",Clean up.,1,0, A
0,0.0,[],"['Take out sewing kit', 'Cut length of thread']",Take out sewing kit,0,0, A
1,7.6923076923076925,['Take out sewing kit'],"['Get a needle and thread.', 'Repeat through each button hole']",Get a needle and thread.,0,0, A
2,30.76923076923077,"['Take out sewing kit', 'Get a needle and thread.']","['Insert the needle back into the garment from the top of the button', 'Line the button back into place']",Line the button back into place,1,0, A
3,34.61538461538461,"['Take out sewing kit', 'Get a needle and thread.', 'Line the button back into place']","['Repeat procedure until button is secure', 'Place the thread inside the needle']",Place the thread inside the needle,1,0, A
4,46.15384615384615,"['Take out sewing kit', 'Get a needle and thread.', 'Line the button back into place', 'Place the thread inside the needle']","['take the button', 'Apply button by driving needle through button']",Apply button by driving needle through button,1,0, A
0,0.0,[],"['Sew button.', 'Take out sewing kit.']",Take out sewing kit.,1,0, A
1,23.07692307692308,['Take out sewing kit.'],"['sew the button with criss-cross movement of needle', 'take the button']",take the button,1,0, A
2,34.61538461538461,"['Take out sewing kit.', 'take the button']","['slide thread through hole', 'Cut off the extra thread']",slide thread through hole,0,0, A
3,50.0,"['Take out sewing kit.', 'take the button', 'slide thread through hole']","['Find a thread', 'Push needle through back of clothes and through hole of button']",Push needle through back of clothes and through hole of button,1,0, A
4,53.84615384615385,"['Take out sewing kit.', 'take the button', 'slide thread through hole', 'Push needle through back of clothes and through hole of button']","['Take a needle', 'Push needle through button hole']",Push needle through button hole,1,0, A
5,80.76923076923077,"['Take out sewing kit.', 'take the button', 'slide thread through hole', 'Push needle through back of clothes and through hole of button', 'Push needle through button hole']","['tug to make sure it is secure', 'Thread needle']",tug to make sure it is secure,0,0, A
6,88.46153846153845,"['Take out sewing kit.', 'take the button', 'slide thread through hole', 'Push needle through back of clothes and through hole of button', 'Push needle through button hole', 'tug to make sure it is secure']","['Make a knot at end', 'Put all the items away']",Put all the items away,1,0, A
0,0.0,[],"['Cut the thread.', 'Get button, thread, needle and scissors']","Get button, thread, needle and scissors",1,0, A
1,30.76923076923077,"['Get button, thread, needle and scissors']","['tug to make sure it is secure', 'Place button where you want it.']",Place button where you want it.,1,0, A
2,61.53846153846154,"['Get button, thread, needle and scissors', 'Place button where you want it.']","['Cut off excess thread', 'Sew button onto fabric through the first hole']",Sew button onto fabric through the first hole,1,0, A
3,65.38461538461539,"['Get button, thread, needle and scissors', 'Place button where you want it.', 'Sew button onto fabric through the first hole']","['Push thread through needle and tie in a knot', 'Put the needle thorough the back of the button hole.']",Put the needle thorough the back of the button hole.,1,0, A
4,76.92307692307693,"['Get button, thread, needle and scissors', 'Place button where you want it.', 'Sew button onto fabric through the first hole', 'Put the needle thorough the back of the button hole.']","['getting out needle', 'Continue sewing.']",Continue sewing.,1,0, A
5,80.76923076923077,"['Get button, thread, needle and scissors', 'Place button where you want it.', 'Sew button onto fabric through the first hole', 'Put the needle thorough the back of the button hole.', 'Continue sewing.']","['knot thread', 'Get needle and thread']",knot thread,0,0, A
6,84.61538461538461,"['Get button, thread, needle and scissors', 'Place button where you want it.', 'Sew button onto fabric through the first hole', 'Put the needle thorough the back of the button hole.', 'Continue sewing.', 'knot thread']","['Get shirt', 'Cut thread from spindle']",Cut thread from spindle,1,0, A
0,0.0,[],"['Get sewing kit', 'Put everything away.']",Get sewing kit,0,0, A
1,34.61538461538461,['Get sewing kit'],"['Thread the needle', 'cut thread so that need will detach']",Thread the needle,0,0, A
2,88.46153846153845,"['Get sewing kit', 'Thread the needle']","['Put needle through one hole', 'PUT NEEDLE AND THREAD AWAY']",PUT NEEDLE AND THREAD AWAY,1,0, A
3,92.3076923076923,"['Get sewing kit', 'Thread the needle', 'PUT NEEDLE AND THREAD AWAY']","['Check if the button is tight', 'Get a needle and thread']",Check if the button is tight,0,0, A
0,0.0,[],"['Drive to fabric store', 'Sew in a pattern that looks like an X through the holes of the button.']",Drive to fabric store,0,0, A
1,19.230769230769237,['Drive to fabric store'],"['Sew through the diagonal hole of the button and the garment.', 'Pick thread to use']",Pick thread to use,1,0, A
2,30.76923076923077,"['Drive to fabric store', 'Pick thread to use']","['Keep sewing until the button is secure.', 'Put the button up to the garment']",Put the button up to the garment,1,0, A
3,42.30769230769231,"['Drive to fabric store', 'Pick thread to use', 'Put the button up to the garment']","['measure and cut length of thread', 'Tie the end of the string']",measure and cut length of thread,0,0, A
4,46.15384615384615,"['Drive to fabric store', 'Pick thread to use', 'Put the button up to the garment', 'measure and cut length of thread']","['Find button replacement', 'moving the needle in and out of the fabric']",moving the needle in and out of the fabric,1,0, A
5,80.76923076923077,"['Drive to fabric store', 'Pick thread to use', 'Put the button up to the garment', 'measure and cut length of thread', 'moving the needle in and out of the fabric']","['Line the button up in the place where the old one would have been', 'Tie the thread in a knot to secure it']",Tie the thread in a knot to secure it,1,0, A
0,0.0,[],"['Find sewing kit.', 'MAKE SURE BUTTON IS SECURE']",Find sewing kit.,0,0, A
1,19.230769230769237,['Find sewing kit.'],"['Choose thread to sew button on with.', 'sew button into fabric making sure stitches are secure']",Choose thread to sew button on with.,0,0, A
2,23.07692307692308,"['Find sewing kit.', 'Choose thread to sew button on with.']","['Sew button through fourth and final hole', 'gather button']",gather button,1,0, A
3,26.923076923076923,"['Find sewing kit.', 'Choose thread to sew button on with.', 'gather button']","['Place item on flat surface', 'Find sewing kit.']",Place item on flat surface,0,0, A
4,34.61538461538461,"['Find sewing kit.', 'Choose thread to sew button on with.', 'gather button', 'Place item on flat surface']","['Thread a needle with thread that matches shirt that needs a new button.', 'Get back the needle through the third button hole']",Thread a needle with thread that matches shirt that needs a new button.,0,0, A
5,53.84615384615385,"['Find sewing kit.', 'Choose thread to sew button on with.', 'gather button', 'Place item on flat surface', 'Thread a needle with thread that matches shirt that needs a new button.']","['Insert needle through other side of button on back side', 'Get needle and thread']",Insert needle through other side of button on back side,0,0, A
6,57.692307692307686,"['Find sewing kit.', 'Choose thread to sew button on with.', 'gather button', 'Place item on flat surface', 'Thread a needle with thread that matches shirt that needs a new button.', 'Insert needle through other side of button on back side']","['Insert needle through first side of button (step 3)', 'Thread the needle']",Insert needle through first side of button (step 3),0,0, A
7,61.53846153846154,"['Find sewing kit.', 'Choose thread to sew button on with.', 'gather button', 'Place item on flat surface', 'Thread a needle with thread that matches shirt that needs a new button.', 'Insert needle through other side of button on back side', 'Insert needle through first side of button (step 3)']","['Get thread', 'Pass the needle through one of the button holes']",Pass the needle through one of the button holes,1,0, A
8,80.76923076923077,"['Find sewing kit.', 'Choose thread to sew button on with.', 'gather button', 'Place item on flat surface', 'Thread a needle with thread that matches shirt that needs a new button.', 'Insert needle through other side of button on back side', 'Insert needle through first side of button (step 3)', 'Pass the needle through one of the button holes']","['Tie of thread on inside', 'Get your sewing kit']",Tie of thread on inside,0,0, A
9,84.61538461538461,"['Find sewing kit.', 'Choose thread to sew button on with.', 'gather button', 'Place item on flat surface', 'Thread a needle with thread that matches shirt that needs a new button.', 'Insert needle through other side of button on back side', 'Insert needle through first side of button (step 3)', 'Pass the needle through one of the button holes', 'Tie of thread on inside']","['Ending again in the back of the garment cut off the thread.', 'Thread the needle and tie a knot at end of thread.']",Ending again in the back of the garment cut off the thread.,0,0, A
10,88.46153846153845,"['Find sewing kit.', 'Choose thread to sew button on with.', 'gather button', 'Place item on flat surface', 'Thread a needle with thread that matches shirt that needs a new button.', 'Insert needle through other side of button on back side', 'Insert needle through first side of button (step 3)', 'Pass the needle through one of the button holes', 'Tie of thread on inside', 'Ending again in the back of the garment cut off the thread.']","['Put button on shirt.', 'Put supplies away']",Put supplies away,1,0, A
11,92.3076923076923,"['Find sewing kit.', 'Choose thread to sew button on with.', 'gather button', 'Place item on flat surface', 'Thread a needle with thread that matches shirt that needs a new button.', 'Insert needle through other side of button on back side', 'Insert needle through first side of button (step 3)', 'Pass the needle through one of the button holes', 'Tie of thread on inside', 'Ending again in the back of the garment cut off the thread.', 'Put supplies away']","['Insert the needle with thread in button hole and shirt', 'Check the button']",Check the button,1,0, A
0,0.0,[],"['Thread a needle with thread that matches shirt that needs a new button.', 'Get a thimble']",Get a thimble,1,0, A
1,30.76923076923077,['Get a thimble'],"['tie a knot at the end of the string', 'Place the button at right place']",Place the button at right place,1,0, A
2,34.61538461538461,"['Get a thimble', 'Place the button at right place']","['Repeat until button is tight', 'Thread needle.']",Thread needle.,1,0, A
3,88.46153846153845,"['Get a thimble', 'Place the button at right place', 'Thread needle.']","['Clean up.', 'Pull through other end']",Clean up.,0,0, A
0,0.0,[],"['Find sewing kit.', 'Use the needle to go through the button holes and the fabric']",Find sewing kit.,0,0, A
1,19.230769230769237,['Find sewing kit.'],"['Get out thread', 'push needle through button and shirt']",Get out thread,0,0, A
2,30.76923076923077,"['Find sewing kit.', 'Get out thread']","['Tie knot on thread.', 'Place the button on the cloth']",Place the button on the cloth,1,0, A
3,50.0,"['Find sewing kit.', 'Get out thread', 'Place the button on the cloth']","['Push needle through the button holes', 'Cut off excess thread']",Push needle through the button holes,0,0, A
4,61.53846153846154,"['Find sewing kit.', 'Get out thread', 'Place the button on the cloth', 'Push needle through the button holes']","['Pull thread through', 'Cut thread']",Pull thread through,0,0, A
5,65.38461538461539,"['Find sewing kit.', 'Get out thread', 'Place the button on the cloth', 'Push needle through the button holes', 'Pull thread through']","['Thread the needle', 'Cross over to perpendicular hole, push needle back through']","Cross over to perpendicular hole, push needle back through",1,0, A
6,76.92307692307693,"['Find sewing kit.', 'Get out thread', 'Place the button on the cloth', 'Push needle through the button holes', 'Pull thread through', 'Cross over to perpendicular hole, push needle back through']","['Repeat until button is tight', 'Put thread end through eye of needle']",Repeat until button is tight,0,0, A
7,80.76923076923077,"['Find sewing kit.', 'Get out thread', 'Place the button on the cloth', 'Push needle through the button holes', 'Pull thread through', 'Cross over to perpendicular hole, push needle back through', 'Repeat until button is tight']","['Tie thread at end', 'Get a thread and a needle']",Tie thread at end,0,0, A
8,88.46153846153845,"['Find sewing kit.', 'Get out thread', 'Place the button on the cloth', 'Push needle through the button holes', 'Pull thread through', 'Cross over to perpendicular hole, push needle back through', 'Repeat until button is tight', 'Tie thread at end']","['Put needle away', 'pull thread forward']",Put needle away,0,0, A
9,92.3076923076923,"['Find sewing kit.', 'Get out thread', 'Place the button on the cloth', 'Push needle through the button holes', 'Pull thread through', 'Cross over to perpendicular hole, push needle back through', 'Repeat until button is tight', 'Tie thread at end', 'Put needle away']","['Check new button', 'Get the garment']",Check new button,0,0, A
0,0.0,[],"['Put thread through buttonhole', 'Drive to fabric store']",Drive to fabric store,1,0, A
1,19.230769230769237,['Drive to fabric store'],"['Take thread from sewing kit', 'pull needle through to knot']",Take thread from sewing kit,0,0, A
2,34.61538461538461,"['Drive to fabric store', 'Take thread from sewing kit']","['Thread the needle', 'Move needle down to hole opposite first hole']",Thread the needle,0,0, A
3,53.84615384615385,"['Drive to fabric store', 'Take thread from sewing kit', 'Thread the needle']","['Get item that needs button sewing on', 'Pull thread through and secure button']",Pull thread through and secure button,1,0, A
4,84.61538461538461,"['Drive to fabric store', 'Take thread from sewing kit', 'Thread the needle', 'Pull thread through and secure button']","['Get some thread', 'cut remaining thread away']",cut remaining thread away,1,0, A
5,88.46153846153845,"['Drive to fabric store', 'Take thread from sewing kit', 'Thread the needle', 'Pull thread through and secure button', 'cut remaining thread away']","['put needle and thread away', 'Get a needle']",put needle and thread away,0,0, A
0,0.0,[],"['Make a knot in fabric with thread behind the button', 'Get sewing kit']",Get sewing kit,1,0, A
1,23.07692307692308,['Get sewing kit'],"['Take a matching button', 'Repeat until button is secure']",Take a matching button,0,0, A
2,61.53846153846154,"['Get sewing kit', 'Take a matching button']","['Starting from the bottom, poke needle through hole in button', 'Remove thread and needle from kit']","Starting from the bottom, poke needle through hole in button",0,0, A
3,65.38461538461539,"['Get sewing kit', 'Take a matching button', 'Starting from the bottom, poke needle through hole in button']","['knot thread', 'Sew button through second hole']",Sew button through second hole,1,0, A
4,69.23076923076923,"['Get sewing kit', 'Take a matching button', 'Starting from the bottom, poke needle through hole in button', 'Sew button through second hole']","['Hold shirt with non-dominant hand', 'Put needle in other button hole.']",Put needle in other button hole.,1,0, A
5,73.07692307692307,"['Get sewing kit', 'Take a matching button', 'Starting from the bottom, poke needle through hole in button', 'Sew button through second hole', 'Put needle in other button hole.']","['Get back the needle through the fourth button hole', 'tie knot at end of thread']",Get back the needle through the fourth button hole,0,0, A
0,0.0,[],"['Place button close to clothing.', 'Drive to fabric store']",Drive to fabric store,1,0, A
1,19.230769230769237,['Drive to fabric store'],"['Push needle under material to next hole', 'Get the thread']",Get the thread,1,0, A
2,30.76923076923077,"['Drive to fabric store', 'Get the thread']","['Repeat through each button hole', 'Put button on shirt.']",Put button on shirt.,1,0, A
3,42.30769230769231,"['Drive to fabric store', 'Get the thread', 'Put button on shirt.']","['Continue until the button is on tight', 'Cut thread string to how much is needed']",Cut thread string to how much is needed,1,0, A
4,46.15384615384615,"['Drive to fabric store', 'Get the thread', 'Put button on shirt.', 'Cut thread string to how much is needed']","['Sew on the button.', 'Collect thread and needle.']",Sew on the button.,0,0, A
5,84.61538461538461,"['Drive to fabric store', 'Get the thread', 'Put button on shirt.', 'Cut thread string to how much is needed', 'Sew on the button.']","['Snip excess thread off', 'Prepare needle and thread.']",Snip excess thread off,0,0, A
6,88.46153846153845,"['Drive to fabric store', 'Get the thread', 'Put button on shirt.', 'Cut thread string to how much is needed', 'Sew on the button.', 'Snip excess thread off']","['gather button', 'PUT NEEDLE AND THREAD AWAY']",PUT NEEDLE AND THREAD AWAY,1,0, A
7,92.3076923076923,"['Drive to fabric store', 'Get the thread', 'Put button on shirt.', 'Cut thread string to how much is needed', 'Sew on the button.', 'Snip excess thread off', 'PUT NEEDLE AND THREAD AWAY']","['Check new button', 'Pull til it stops at the knot, push through fabric and another button hole']",Check new button,0,0, A
0,0.0,[],"['Push thread through needle and tie in a knot', 'Drive to fabric store']",Drive to fabric store,1,0, A
1,19.230769230769237,['Drive to fabric store'],"['get some thread', 'Repeat 5 times with other two button holes']",get some thread,0,0, A
2,34.61538461538461,"['Drive to fabric store', 'get some thread']","['Break the thread and tie a final knot', 'Thread needle with some thread.']",Thread needle with some thread.,1,0, A
3,53.84615384615385,"['Drive to fabric store', 'get some thread', 'Thread needle with some thread.']","['find the needle', 'Pull thread through opposite button hole']",Pull thread through opposite button hole,1,0, A
4,76.92307692307693,"['Drive to fabric store', 'get some thread', 'Thread needle with some thread.', 'Pull thread through opposite button hole']","['Repeat 5 times with other two button holes', 'thread needle']",Repeat 5 times with other two button holes,0,0, A
5,80.76923076923077,"['Drive to fabric store', 'get some thread', 'Thread needle with some thread.', 'Pull thread through opposite button hole', 'Repeat 5 times with other two button holes']","['Tie off thread', 'Get item that needs button sewing on']",Tie off thread,0,0, A
0,0.0,[],"['Get out sewing kit.', 'Check new button']",Get out sewing kit.,0,0, A
1,23.07692307692308,['Get out sewing kit.'],"['Get the button', 'Push needle down through other button on hole']",Get the button,0,0, A
2,26.923076923076923,"['Get out sewing kit.', 'Get the button']","['put back all the materials', 'Remove the old button']",Remove the old button,1,0, A
3,30.76923076923077,"['Get out sewing kit.', 'Get the button', 'Remove the old button']","['Cut.', 'Take button and put it on shirt where you want it']",Take button and put it on shirt where you want it,1,0, A
4,34.61538461538461,"['Get out sewing kit.', 'Get the button', 'Remove the old button', 'Take button and put it on shirt where you want it']","['Tie off finishing knot', 'Put an end of the thread through the eye of the needle']",Put an end of the thread through the eye of the needle,1,0, A
5,61.53846153846154,"['Get out sewing kit.', 'Get the button', 'Remove the old button', 'Take button and put it on shirt where you want it', 'Put an end of the thread through the eye of the needle']","['Check new button', 'Push needle through hole']",Push needle through hole,1,0, A
6,76.92307692307693,"['Get out sewing kit.', 'Get the button', 'Remove the old button', 'Take button and put it on shirt where you want it', 'Put an end of the thread through the eye of the needle', 'Push needle through hole']","[""Make 4 x's in button."", 'Place button where it is to be sewed']",Make 4 x's in button.,0,0, A
7,80.76923076923077,"['Get out sewing kit.', 'Get the button', 'Remove the old button', 'Take button and put it on shirt where you want it', 'Put an end of the thread through the eye of the needle', 'Push needle through hole', ""Make 4 x's in button.""]","['Tie off thread', 'Thread the needle.']",Tie off thread,0,0, A
8,88.46153846153845,"['Get out sewing kit.', 'Get the button', 'Remove the old button', 'Take button and put it on shirt where you want it', 'Put an end of the thread through the eye of the needle', 'Push needle through hole', ""Make 4 x's in button."", 'Tie off thread']","['line new button up with corresponding button hole', 'Put all the items away']",Put all the items away,1,0, A
0,0.0,[],"['Grab the fabric and button', 'stitching the button on']",Grab the fabric and button,0,0, A
1,30.76923076923077,['Grab the fabric and button'],"['Mark on clothing where button is to go', 'repeat 5-8 several times until button is secure']",Mark on clothing where button is to go,0,0, A
2,61.53846153846154,"['Grab the fabric and button', 'Mark on clothing where button is to go']","['Get needle and thread', 'Start sewing going into the back of the garment.']",Start sewing going into the back of the garment.,1,0, A
3,76.92307692307693,"['Grab the fabric and button', 'Mark on clothing where button is to go', 'Start sewing going into the back of the garment.']","['Get the proper colored thread', 'Do this through all holes of button']",Do this through all holes of button,1,0, A
4,84.61538461538461,"['Grab the fabric and button', 'Mark on clothing where button is to go', 'Start sewing going into the back of the garment.', 'Do this through all holes of button']","['Collect thread and needle.', 'Cut the thread near the needle to finish']",Cut the thread near the needle to finish,1,0, A
5,88.46153846153845,"['Grab the fabric and button', 'Mark on clothing where button is to go', 'Start sewing going into the back of the garment.', 'Do this through all holes of button', 'Cut the thread near the needle to finish']","['Stick the needle through', 'Put away needle and thread']",Put away needle and thread,1,0, A
6,92.3076923076923,"['Grab the fabric and button', 'Mark on clothing where button is to go', 'Start sewing going into the back of the garment.', 'Do this through all holes of button', 'Cut the thread near the needle to finish', 'Put away needle and thread']","['Use the needle to guide the thread', 'Check new button']",Check new button,1,0, A
0,0.0,[],"['Cut thread', 'Get out needle, thread, button, and clothing item.']","Get out needle, thread, button, and clothing item.",1,0, A
1,26.923076923076923,"['Get out needle, thread, button, and clothing item.']","['Get clothes', 'tying a knot with thread']",Get clothes,0,0, A
2,34.61538461538461,"['Get out needle, thread, button, and clothing item.', 'Get clothes']","['Thread the needle and tie a knot at end of thread.', 'Move needle down to hole opposite first hole']",Thread the needle and tie a knot at end of thread.,0,0, A
3,38.46153846153847,"['Get out needle, thread, button, and clothing item.', 'Get clothes', 'Thread the needle and tie a knot at end of thread.']","['Cut away any extra string', 'tie a knot in thread']",tie a knot in thread,1,0, A
4,61.53846153846154,"['Get out needle, thread, button, and clothing item.', 'Get clothes', 'Thread the needle and tie a knot at end of thread.', 'tie a knot in thread']","['Push needle through hole', 'get thread']",Push needle through hole,0,0, A
5,76.92307692307693,"['Get out needle, thread, button, and clothing item.', 'Get clothes', 'Thread the needle and tie a knot at end of thread.', 'tie a knot in thread', 'Push needle through hole']","['Repeat procedure until button is secure', 'Put thread through needle']",Repeat procedure until button is secure,0,0, A
6,80.76923076923077,"['Get out needle, thread, button, and clothing item.', 'Get clothes', 'Thread the needle and tie a knot at end of thread.', 'tie a knot in thread', 'Push needle through hole', 'Repeat procedure until button is secure']","['Grab thread and needle', 'Tie knot in thread']",Tie knot in thread,1,0, A
7,84.61538461538461,"['Get out needle, thread, button, and clothing item.', 'Get clothes', 'Thread the needle and tie a knot at end of thread.', 'tie a knot in thread', 'Push needle through hole', 'Repeat procedure until button is secure', 'Tie knot in thread']","['Get proper button', 'break the thread']",break the thread,1,0, A
0,0.0,[],"['Get your sewing kit', 'Knot the end to make it stay']",Get your sewing kit,0,0, A
1,7.6923076923076925,['Get your sewing kit'],"['use needle and thread to sew button onto shirt', 'Prepare needle and thread.']",Prepare needle and thread.,1,0, A
2,30.76923076923077,"['Get your sewing kit', 'Prepare needle and thread.']","['Cut thread', 'Place the button on the cloth']",Place the button on the cloth,1,0, A
3,61.53846153846154,"['Get your sewing kit', 'Prepare needle and thread.', 'Place the button on the cloth']","['getting out thread', 'Start sewing going into the back of the garment.']",Start sewing going into the back of the garment.,1,0, A
4,76.92307692307693,"['Get your sewing kit', 'Prepare needle and thread.', 'Place the button on the cloth', 'Start sewing going into the back of the garment.']","['Get thread and needle', 'Continue to loop the needle and thread through the button holes.']",Continue to loop the needle and thread through the button holes.,1,0, A
5,84.61538461538461,"['Get your sewing kit', 'Prepare needle and thread.', 'Place the button on the cloth', 'Start sewing going into the back of the garment.', 'Continue to loop the needle and thread through the button holes.']","['Hook thread through needle', 'cut the thread']",cut the thread,1,0, A
0,0.0,[],"['Place new button where I want it to go', 'Get sewing kit']",Get sewing kit,1,0, A
1,34.61538461538461,['Get sewing kit'],"['Check if the button is tight', 'Thread the needle']",Thread the needle,1,0, A
2,61.53846153846154,"['Get sewing kit', 'Thread the needle']","['Sew button onto fabric through the first hole', 'Cut off remaining thread']",Sew button onto fabric through the first hole,0,0, A
3,76.92307692307693,"['Get sewing kit', 'Thread the needle', 'Sew button onto fabric through the first hole']","['Purchase thread', 'Repeat the inserting as above for about 10 times']",Repeat the inserting as above for about 10 times,1,0, A
4,84.61538461538461,"['Get sewing kit', 'Thread the needle', 'Sew button onto fabric through the first hole', 'Repeat the inserting as above for about 10 times']","['Thread needle with some thread.', 'Cut thread']",Cut thread,1,0, A
5,88.46153846153845,"['Get sewing kit', 'Thread the needle', 'Sew button onto fabric through the first hole', 'Repeat the inserting as above for about 10 times', 'Cut thread']","['Get the item of clothing the button is to go on', 'Clean up.']",Clean up.,1,0, A
0,0.0,[],"['Pass the needle in and out of holes on button', 'Drive to fabric store']",Drive to fabric store,1,0, A
1,19.230769230769237,['Drive to fabric store'],"['Find similar color thread to use.', 'Sew thread on needle through hole of button.']",Find similar color thread to use.,0,0, A
2,30.76923076923077,"['Drive to fabric store', 'Find similar color thread to use.']","['Put the needle and thread away', 'place the button']",place the button,1,0, A
3,34.61538461538461,"['Drive to fabric store', 'Find similar color thread to use.', 'place the button']","['Thread needle with matching thread', 'Cut loose ends']",Thread needle with matching thread,0,0, A
4,53.84615384615385,"['Drive to fabric store', 'Find similar color thread to use.', 'place the button', 'Thread needle with matching thread']","['Pull the needle through a hole in the button, then back into the fabric', 'Hold shirt with non-dominant hand']","Pull the needle through a hole in the button, then back into the fabric",0,0, A
5,61.53846153846154,"['Drive to fabric store', 'Find similar color thread to use.', 'place the button', 'Thread needle with matching thread', 'Pull the needle through a hole in the button, then back into the fabric']","['Pull out a length of thread.', 'take needle bring up through the back of the item']",take needle bring up through the back of the item,1,0, A
6,80.76923076923077,"['Drive to fabric store', 'Find similar color thread to use.', 'place the button', 'Thread needle with matching thread', 'Pull the needle through a hole in the button, then back into the fabric', 'take needle bring up through the back of the item']","['Tie thread at end', 'measure and cut length of thread']",Tie thread at end,0,0, A
7,84.61538461538461,"['Drive to fabric store', 'Find similar color thread to use.', 'place the button', 'Thread needle with matching thread', 'Pull the needle through a hole in the button, then back into the fabric', 'take needle bring up through the back of the item', 'Tie thread at end']","['cut the thread', 'Tie a knot in the thread']",cut the thread,0,0, A
0,0.0,[],"['Take out sewing kit.', 'Place needle through clothing.']",Take out sewing kit.,0,0, A
1,7.6923076923076925,['Take out sewing kit.'],"['Collect thread and needle.', 'take needle bring up through the back of the item']",Collect thread and needle.,0,0, A
2,11.538461538461538,"['Take out sewing kit.', 'Collect thread and needle.']","['Get needle.', 'tie a knot in the thread']",Get needle.,0,0, A
3,30.76923076923077,"['Take out sewing kit.', 'Collect thread and needle.', 'Get needle.']","['Pull til it stops at the knot, push through fabric and another button hole', 'Put button on shirt']",Put button on shirt,1,0, A
4,61.53846153846154,"['Take out sewing kit.', 'Collect thread and needle.', 'Get needle.', 'Put button on shirt']","['Sew button onto fabric through the first hole', 'Find a needle']",Sew button onto fabric through the first hole,0,0, A
5,76.92307692307693,"['Take out sewing kit.', 'Collect thread and needle.', 'Get needle.', 'Put button on shirt', 'Sew button onto fabric through the first hole']","['Repeat', 'slide thread through hole']",Repeat,0,0, A
0,0.0,[],"['Thread the opposite diagonal hole with the needle and tighten the string', 'Get out sewing kit.']",Get out sewing kit.,1,0, A
1,19.230769230769237,['Get out sewing kit.'],"['Insert needle through other side of button on back side', 'Find thread']",Find thread,1,0, A
2,26.923076923076923,"['Get out sewing kit.', 'Find thread']","['Take shirt', 'Cut excess thread']",Take shirt,0,0, A
3,34.61538461538461,"['Get out sewing kit.', 'Find thread', 'Take shirt']","['Fix the thread in the needle', 'Pull through other side.']",Fix the thread in the needle,0,0, A
4,50.0,"['Get out sewing kit.', 'Find thread', 'Take shirt', 'Fix the thread in the needle']","['insert needle through cloth', 'Pull needle and thread']",insert needle through cloth,0,0, A
5,65.38461538461539,"['Get out sewing kit.', 'Find thread', 'Take shirt', 'Fix the thread in the needle', 'insert needle through cloth']","['Put thread in it', 'Cross over to perpendicular hole, push needle back through']","Cross over to perpendicular hole, push needle back through",1,0, A
6,69.23076923076923,"['Get out sewing kit.', 'Find thread', 'Take shirt', 'Fix the thread in the needle', 'insert needle through cloth', 'Cross over to perpendicular hole, push needle back through']","['moving the needle in and out of the button holes', 'Put needle in other button hole.']",Put needle in other button hole.,1,0, A
7,73.07692307692307,"['Get out sewing kit.', 'Find thread', 'Take shirt', 'Fix the thread in the needle', 'insert needle through cloth', 'Cross over to perpendicular hole, push needle back through', 'Put needle in other button hole.']","['Get shirt', 'Pull through other side.']",Pull through other side.,1,0, A
8,80.76923076923077,"['Get out sewing kit.', 'Find thread', 'Take shirt', 'Fix the thread in the needle', 'insert needle through cloth', 'Cross over to perpendicular hole, push needle back through', 'Put needle in other button hole.', 'Pull through other side.']","['Make knot between thread and clothing.', 'Find a spare button that matches the other buttons']",Make knot between thread and clothing.,0,0, A
0,0.0,[],"['Drive to fabric store', 'Repeat to make loop and knot it.']",Drive to fabric store,0,0, A
1,19.230769230769237,['Drive to fabric store'],"['Pull needle and thread', 'Get thread.']",Get thread.,1,0, A
2,30.76923076923077,"['Drive to fabric store', 'Get thread.']","['Align the button on the correct place on the cloth', 'Cut excess thread']",Align the button on the correct place on the cloth,0,0, A
3,42.30769230769231,"['Drive to fabric store', 'Get thread.', 'Align the button on the correct place on the cloth']","['knot thread', 'measure and cut length of thread']",measure and cut length of thread,1,0, A
4,61.53846153846154,"['Drive to fabric store', 'Get thread.', 'Align the button on the correct place on the cloth', 'measure and cut length of thread']","['Thread one hole with the needle', 'Find some thread']",Thread one hole with the needle,0,0, A
5,80.76923076923077,"['Drive to fabric store', 'Get thread.', 'Align the button on the correct place on the cloth', 'measure and cut length of thread', 'Thread one hole with the needle']","['Tie a knot.', 'taking the right button out']",Tie a knot.,0,0, A
0,0.0,[],"['Get sewing basket', 'Put the needle and thread away']",Get sewing basket,0,0, A
1,19.230769230769237,['Get sewing basket'],"['Get thread', 'Secure the button with a knot']",Get thread,0,0, A
2,34.61538461538461,"['Get sewing basket', 'Get thread']","['thread needle with thread', 'cut thread so that need will detach']",thread needle with thread,0,0, A
3,46.15384615384615,"['Get sewing basket', 'Get thread', 'thread needle with thread']","['Get button', 'Stick needle through hole and secure with thread']",Stick needle through hole and secure with thread,1,0, A
4,53.84615384615385,"['Get sewing basket', 'Get thread', 'thread needle with thread', 'Stick needle through hole and secure with thread']","['Pick thread to use', 'Continue to push and pull needle through button holes until button is secure']",Continue to push and pull needle through button holes until button is secure,1,0, A
5,84.61538461538461,"['Get sewing basket', 'Get thread', 'thread needle with thread', 'Stick needle through hole and secure with thread', 'Continue to push and pull needle through button holes until button is secure']","['Find a button that matches the others on your garment', 'Cut off excess thread']",Cut off excess thread,1,0, A
6,88.46153846153845,"['Get sewing basket', 'Get thread', 'thread needle with thread', 'Stick needle through hole and secure with thread', 'Continue to push and pull needle through button holes until button is secure', 'Cut off excess thread']","['Find right color string', 'Put supplies away']",Put supplies away,1,0, A
7,92.3076923076923,"['Get sewing basket', 'Get thread', 'thread needle with thread', 'Stick needle through hole and secure with thread', 'Continue to push and pull needle through button holes until button is secure', 'Cut off excess thread', 'Put supplies away']","['Thread needle.', 'Check the button']",Check the button,1,0, A
0,0.0,[],"['put thread through needle', 'Drive to fabric store']",Drive to fabric store,1,0, A
1,19.230769230769237,['Drive to fabric store'],"[""Pull a thread of a matching color through the needle's eye"", 'cut remaining thread away']",Pull a thread of a matching color through the needle's eye,0,0, A
2,23.07692307692308,"['Drive to fabric store', ""Pull a thread of a matching color through the needle's eye""]","['Find a button that matches', 'Start sewing']",Find a button that matches,0,0, A
3,61.53846153846154,"['Drive to fabric store', ""Pull a thread of a matching color through the needle's eye"", 'Find a button that matches']","['Start sewing going into the back of the garment.', 'Choose thread color']",Start sewing going into the back of the garment.,0,0, A
4,65.38461538461539,"['Drive to fabric store', ""Pull a thread of a matching color through the needle's eye"", 'Find a button that matches', 'Start sewing going into the back of the garment.']","['Take out needle.', 'Put the needle thorough the back of the button hole.']",Put the needle thorough the back of the button hole.,1,0, A
5,69.23076923076923,"['Drive to fabric store', ""Pull a thread of a matching color through the needle's eye"", 'Find a button that matches', 'Start sewing going into the back of the garment.', 'Put the needle thorough the back of the button hole.']","['get thread and needle', 'Move needle down to hole opposite first hole']",Move needle down to hole opposite first hole,1,0, A
0,0.0,[],"['Find sewing kit.', 'Check if the button is tight']",Find sewing kit.,0,0, A
1,34.61538461538461,['Find sewing kit.'],"['THREAD THE THREAD ONTO THE NEEDLE', ""Repeat until it's stable""]",THREAD THE THREAD ONTO THE NEEDLE,0,0, A
2,88.46153846153845,"['Find sewing kit.', 'THREAD THE THREAD ONTO THE NEEDLE']","['Find a needle and thread', 'put the supplies away']",put the supplies away,1,0, A
0,0.0,[],"['get thread, needle, button to be sewn', 'pull needle through to knot']","get thread, needle, button to be sewn",0,0, A
1,26.923076923076923,"['get thread, needle, button to be sewn']","['grab object the button is being sewed', 'Cut off end from needle']",grab object the button is being sewed,0,0, A
2,30.76923076923077,"['get thread, needle, button to be sewn', 'grab object the button is being sewed']","['Tie the thread', 'Put button in proper place']",Put button in proper place,1,0, A
3,61.53846153846154,"['get thread, needle, button to be sewn', 'grab object the button is being sewed', 'Put button in proper place']","['push the needle through the button', 'Get shirt']",push the needle through the button,0,0, A
4,65.38461538461539,"['get thread, needle, button to be sewn', 'grab object the button is being sewed', 'Put button in proper place', 'push the needle through the button']","['Cross over to perpendicular hole, push needle back through', 'Find thread that matches']","Cross over to perpendicular hole, push needle back through",0,0, A
5,69.23076923076923,"['get thread, needle, button to be sewn', 'grab object the button is being sewed', 'Put button in proper place', 'push the needle through the button', 'Cross over to perpendicular hole, push needle back through']","['Get your button', 'Move needle down to hole opposite first hole']",Move needle down to hole opposite first hole,1,0, A
0,0.0,[],"['Get button, thread, needle and scissors', 'tie thread at the end']","Get button, thread, needle and scissors",0,0, A
1,30.76923076923077,"['Get button, thread, needle and scissors']","['Place button on clothing', 'Tie the thread so the button will not come loose']",Place button on clothing,0,0, A
2,42.30769230769231,"['Get button, thread, needle and scissors', 'Place button on clothing']","['Cut about 16 inches worth of thread.', 'Sew button through second hole']",Cut about 16 inches worth of thread.,0,0, A
3,46.15384615384615,"['Get button, thread, needle and scissors', 'Place button on clothing', 'Cut about 16 inches worth of thread.']","['Push needle under material to next hole', 'Start to sew.']",Start to sew.,1,0, A
4,88.46153846153845,"['Get button, thread, needle and scissors', 'Place button on clothing', 'Cut about 16 inches worth of thread.', 'Start to sew.']","['get needle', 'Clean up.']",Clean up.,1,0, A
5,92.3076923076923,"['Get button, thread, needle and scissors', 'Place button on clothing', 'Cut about 16 inches worth of thread.', 'Start to sew.', 'Clean up.']","['Thread the needle', 'Check the button']",Check the button,1,0, A
0,0.0,[],"['Get scissors, needle, button and thread', 'Get back the needle through the third button hole']","Get scissors, needle, button and thread",0,0, A
1,26.923076923076923,"['Get scissors, needle, button and thread']","['Cut off any loose threads with a scissors.', 'Get item that needs a button']",Get item that needs a button,1,0, A
2,50.0,"['Get scissors, needle, button and thread', 'Get item that needs a button']","['Select needle', 'Put needle and thread through shirt']",Put needle and thread through shirt,1,0, A
3,76.92307692307693,"['Get scissors, needle, button and thread', 'Get item that needs a button', 'Put needle and thread through shirt']","['Determine proper placement for button', 'stitching the button on']",stitching the button on,1,0, A
4,84.61538461538461,"['Get scissors, needle, button and thread', 'Get item that needs a button', 'Put needle and thread through shirt', 'stitching the button on']","['getting out needle', 'Cut off excess thread']",Cut off excess thread,1,0, A
5,88.46153846153845,"['Get scissors, needle, button and thread', 'Get item that needs a button', 'Put needle and thread through shirt', 'stitching the button on', 'Cut off excess thread']","['Put the needle and thread away', 'Place button where it is to be sewed']",Put the needle and thread away,0,0, A
6,92.3076923076923,"['Get scissors, needle, button and thread', 'Get item that needs a button', 'Put needle and thread through shirt', 'stitching the button on', 'Cut off excess thread', 'Put the needle and thread away']","['Check new button', 'getting out needle']",Check new button,0,0, A
0,0.0,[],"['Continue sewing.', 'Grab the fabric and button']",Grab the fabric and button,1,0, A
1,15.384615384615383,['Grab the fabric and button'],"['Find matching thread', 'Knot the end to make it stay']",Find matching thread,0,0, A
2,30.76923076923077,"['Grab the fabric and button', 'Find matching thread']","['Place button on shirt', 'Cut the thread near the needle to finish']",Place button on shirt,0,0, A
3,53.84615384615385,"['Grab the fabric and button', 'Find matching thread', 'Place button on shirt']","['Get needle and thread', 'Insert needle through other side of button on back side']",Insert needle through other side of button on back side,1,0, A
4,80.76923076923077,"['Grab the fabric and button', 'Find matching thread', 'Place button on shirt', 'Insert needle through other side of button on back side']","['knot thread', 'Find needle']",knot thread,0,0, A
5,84.61538461538461,"['Grab the fabric and button', 'Find matching thread', 'Place button on shirt', 'Insert needle through other side of button on back side', 'knot thread']","['Find thread that matches button color.', 'Cut off remaining thread']",Cut off remaining thread,1,0, A
0,0.0,[],"['Get supplies - shirt, new button, thread, needle', 'Cut off the extra thread']","Get supplies - shirt, new button, thread, needle",0,0, A
1,15.384615384615383,"['Get supplies - shirt, new button, thread, needle']","['Find right color string', 'Repeat procedure until button is secure']",Find right color string,0,0, A
2,19.230769230769237,"['Get supplies - shirt, new button, thread, needle', 'Find right color string']","[""Pull a thread of a matching color through the needle's eye"", 'Repeat this until the button is secure']",Pull a thread of a matching color through the needle's eye,0,0, A
3,30.76923076923077,"['Get supplies - shirt, new button, thread, needle', 'Find right color string', ""Pull a thread of a matching color through the needle's eye""]","['Put away needle and thread', 'Place button on item']",Place button on item,1,0, A
4,53.84615384615385,"['Get supplies - shirt, new button, thread, needle', 'Find right color string', ""Pull a thread of a matching color through the needle's eye"", 'Place button on item']","['Use the needle to guide the thread', 'Find sewing kit']",Use the needle to guide the thread,0,0, A
5,57.692307692307686,"['Get supplies - shirt, new button, thread, needle', 'Find right color string', ""Pull a thread of a matching color through the needle's eye"", 'Place button on item', 'Use the needle to guide the thread']","['Insert the needle back into the garment from the top of the button', 'Get thread and needle']",Insert the needle back into the garment from the top of the button,0,0, A
0,0.0,[],"['Cut excess thread', 'Get scissors, needle, button and thread']","Get scissors, needle, button and thread",1,0, A
1,26.923076923076923,"['Get scissors, needle, button and thread']","['Lay down garment', 'Check new button']",Lay down garment,0,0, A
2,30.76923076923077,"['Get scissors, needle, button and thread', 'Lay down garment']","['Repeat several times until button is secure', 'put button where other button was located']",put button where other button was located,1,0, A
3,46.15384615384615,"['Get scissors, needle, button and thread', 'Lay down garment', 'put button where other button was located']","['Sew the button on the cloth using the needle', 'Find thread that matches']",Sew the button on the cloth using the needle,0,0, A
4,80.76923076923077,"['Get scissors, needle, button and thread', 'Lay down garment', 'put button where other button was located', 'Sew the button on the cloth using the needle']","['Pick thread to use', 'Tie another knot at the end of the thread.']",Tie another knot at the end of the thread.,1,0, A
0,0.0,[],"['Grab the fabric and button', 'Push needle through fabric and button hole']",Grab the fabric and button,0,0, A
1,30.76923076923077,['Grab the fabric and button'],"['Tie knot in thread', 'Place button onto item of clothing']",Place button onto item of clothing,1,0, A
2,46.15384615384615,"['Grab the fabric and button', 'Place button onto item of clothing']","['Sew in a pattern that looks like an X through the holes of the button.', 'Cut a length of thread more than double what you will need']",Sew in a pattern that looks like an X through the holes of the button.,0,0, A
0,0.0,[],"['Insert needle through first side of button (step 3)', 'Drive to fabric store']",Drive to fabric store,1,0, A
1,19.230769230769237,['Drive to fabric store'],"['Get thread', 'Stick the needle through']",Get thread,0,0, A
2,30.76923076923077,"['Drive to fabric store', 'Get thread']","['Repeat through each button hole', 'Put button on shirt.']",Put button on shirt.,1,0, A
3,61.53846153846154,"['Drive to fabric store', 'Get thread', 'Put button on shirt.']","['Push needle through hole', 'Find some thread']",Push needle through hole,0,0, A
4,65.38461538461539,"['Drive to fabric store', 'Get thread', 'Put button on shirt.', 'Push needle through hole']","['Align button', 'Then push needle through material']",Then push needle through material,1,0, A
5,76.92307692307693,"['Drive to fabric store', 'Get thread', 'Put button on shirt.', 'Push needle through hole', 'Then push needle through material']","['Keep threading until the button is firmly attached', 'Grab the fabric and button']",Keep threading until the button is firmly attached,0,0, A
0,0.0,[],"['Drive to fabric store', 'Hook thread through needle']",Drive to fabric store,0,0, A
1,19.230769230769237,['Drive to fabric store'],"['Cut thread', 'get thread']",get thread,1,0, A
2,30.76923076923077,"['Drive to fabric store', 'get thread']","[""pass needle and thread back through another of the button's needle holes"", 'Place button in desired position']",Place button in desired position,1,0, A
3,53.84615384615385,"['Drive to fabric store', 'get thread', 'Place button in desired position']","['Find a button', 'pull thread forward']",pull thread forward,1,0, A
4,76.92307692307693,"['Drive to fabric store', 'get thread', 'Place button in desired position', 'pull thread forward']","['grab object the button is being sewed', 'Repeat until button is tight']",Repeat until button is tight,1,0, A
5,84.61538461538461,"['Drive to fabric store', 'get thread', 'Place button in desired position', 'pull thread forward', 'Repeat until button is tight']","['cut remaining thread away', 'Cut length of thread']",cut remaining thread away,0,0, A
6,88.46153846153845,"['Drive to fabric store', 'get thread', 'Place button in desired position', 'pull thread forward', 'Repeat until button is tight', 'cut remaining thread away']","['Get the item of clothing the button is to go on', 'Put supplies away']",Put supplies away,1,0, A
0,0.0,[],"['get thread, needle, button to be sewn', 'Cut away any loose threads.']","get thread, needle, button to be sewn",0,0, A
1,7.6923076923076925,"['get thread, needle, button to be sewn']","['Using threaded needle, sew button on to garment.', 'Obtain needle and thread']",Obtain needle and thread,1,0, A
2,11.538461538461538,"['get thread, needle, button to be sewn', 'Obtain needle and thread']","['sew the button with criss-cross movement of needle', 'Take a needle']",Take a needle,1,0, A
3,15.384615384615383,"['get thread, needle, button to be sewn', 'Obtain needle and thread', 'Take a needle']","['Select thread of correct color', 'Tie the end with a knot.']",Select thread of correct color,0,0, A
4,30.76923076923077,"['get thread, needle, button to be sewn', 'Obtain needle and thread', 'Take a needle', 'Select thread of correct color']","['Align the button on the correct place on the cloth', 'Take out sewing kit']",Align the button on the correct place on the cloth,0,0, A
5,46.15384615384615,"['get thread, needle, button to be sewn', 'Obtain needle and thread', 'Take a needle', 'Select thread of correct color', 'Align the button on the correct place on the cloth']","['Prepare needle and thread.', 'Sew button onto garment.']",Sew button onto garment.,1,0, A
0,0.0,[],"['pull the thread through the eye of needle', 'Get supplies - shirt, new button, thread, needle']","Get supplies - shirt, new button, thread, needle",1,0, A
1,30.76923076923077,"['Get supplies - shirt, new button, thread, needle']","['Do this several times until the button is secure', 'Place button on fabric and hold with thumb and index finger']",Place button on fabric and hold with thumb and index finger,1,0, A
2,42.30769230769231,"['Get supplies - shirt, new button, thread, needle', 'Place button on fabric and hold with thumb and index finger']","['Cut length of thread', 'Tie off thread']",Cut length of thread,0,0, A
3,61.53846153846154,"['Get supplies - shirt, new button, thread, needle', 'Place button on fabric and hold with thumb and index finger', 'Cut length of thread']","['Starting from the bottom, poke needle through hole in button', 'Pick up shirt missing button.']","Starting from the bottom, poke needle through hole in button",0,0, A
4,65.38461538461539,"['Get supplies - shirt, new button, thread, needle', 'Place button on fabric and hold with thumb and index finger', 'Cut length of thread', 'Starting from the bottom, poke needle through hole in button']","['Put the needle thorough the back of the button hole.', 'gather needle']",Put the needle thorough the back of the button hole.,0,0, A
5,69.23076923076923,"['Get supplies - shirt, new button, thread, needle', 'Place button on fabric and hold with thumb and index finger', 'Cut length of thread', 'Starting from the bottom, poke needle through hole in button', 'Put the needle thorough the back of the button hole.']","['Thread needle.', 'Put needle in other button hole.']",Put needle in other button hole.,1,0, A
6,73.07692307692307,"['Get supplies - shirt, new button, thread, needle', 'Place button on fabric and hold with thumb and index finger', 'Cut length of thread', 'Starting from the bottom, poke needle through hole in button', 'Put the needle thorough the back of the button hole.', 'Put needle in other button hole.']","['Thread the needle', 'Get back the needle through the fourth button hole']",Get back the needle through the fourth button hole,1,0, A
0,0.0,[],"['Drive to fabric store', 'cut thread from button']",Drive to fabric store,0,0, A
1,19.230769230769237,['Drive to fabric store'],"['When button is securely in place tie knot in thread at back of garment', 'Choose thread to sew button on with.']",Choose thread to sew button on with.,1,0, A
2,26.923076923076923,"['Drive to fabric store', 'Choose thread to sew button on with.']","['Prepare garment for sewing', 'Cut the thread.']",Prepare garment for sewing,0,0, A
3,50.0,"['Drive to fabric store', 'Choose thread to sew button on with.', 'Prepare garment for sewing']","['Use scissors to cut thread', 'push the needle through the fabric']",push the needle through the fabric,1,0, A
4,76.92307692307693,"['Drive to fabric store', 'Choose thread to sew button on with.', 'Prepare garment for sewing', 'push the needle through the fabric']","['Repeat several times until button is attached solidly to the fabric.', 'Get a needle and thread.']",Repeat several times until button is attached solidly to the fabric.,0,0, A
0,0.0,[],"['Get out sewing kit', 'place the button']",Get out sewing kit,0,0, A
1,34.61538461538461,['Get out sewing kit'],"['Sew button through second hole', 'Thread the needle and tie a knot at end of thread.']",Thread the needle and tie a knot at end of thread.,1,0, A
2,50.0,"['Get out sewing kit', 'Thread the needle and tie a knot at end of thread.']","['Prepare needle and thread.', 'Insert the needle from the bottom where the button is to be sewn']",Insert the needle from the bottom where the button is to be sewn,1,0, A
3,61.53846153846154,"['Get out sewing kit', 'Thread the needle and tie a knot at end of thread.', 'Insert the needle from the bottom where the button is to be sewn']","['Pull thread through', 'Choose thread color']",Pull thread through,0,0, A
4,65.38461538461539,"['Get out sewing kit', 'Thread the needle and tie a knot at end of thread.', 'Insert the needle from the bottom where the button is to be sewn', 'Pull thread through']","['Put thread in it', 'Sew button through second hole']",Sew button through second hole,1,0, A
5,76.92307692307693,"['Get out sewing kit', 'Thread the needle and tie a knot at end of thread.', 'Insert the needle from the bottom where the button is to be sewn', 'Pull thread through', 'Sew button through second hole']","['Continue until the button is on tight', 'find needle and thread']",Continue until the button is on tight,0,0, A
6,80.76923076923077,"['Get out sewing kit', 'Thread the needle and tie a knot at end of thread.', 'Insert the needle from the bottom where the button is to be sewn', 'Pull thread through', 'Sew button through second hole', 'Continue until the button is on tight']","['tie knot on thread', 'Put button in proper place']",tie knot on thread,0,0, A
0,0.0,[],"['Get item that needs a button', 'Get sewing kit']",Get sewing kit,1,0, A
1,23.07692307692308,['Get sewing kit'],"['Get button', 'Continue to loop the needle and thread through the button holes.']",Get button,0,0, A
2,34.61538461538461,"['Get sewing kit', 'Get button']","['Repeat for remaining holes', 'Thread needle']",Thread needle,1,0, A
3,53.84615384615385,"['Get sewing kit', 'Get button', 'Thread needle']","['gather button', 'Continue to push and pull needle through button holes until button is secure']",Continue to push and pull needle through button holes until button is secure,1,0, A
4,61.53846153846154,"['Get sewing kit', 'Get button', 'Thread needle', 'Continue to push and pull needle through button holes until button is secure']","['Sew button onto fabric through the first hole', 'Cut the needle off of the thread.']",Sew button onto fabric through the first hole,0,0, A
5,76.92307692307693,"['Get sewing kit', 'Get button', 'Thread needle', 'Continue to push and pull needle through button holes until button is secure', 'Sew button onto fabric through the first hole']","['Place button where it is to be sewed', 'Continue sewing.']",Continue sewing.,1,0, A
0,0.0,[],"['Get sewing kit', 'Sew through the holes of the button']",Get sewing kit,0,0, A
1,19.230769230769237,['Get sewing kit'],"['getting out thread', 'Tie knot.']",getting out thread,0,0, A
2,23.07692307692308,"['Get sewing kit', 'getting out thread']","['gather button', 'moving the needle in and out of the button holes']",gather button,0,0, A
3,26.923076923076923,"['Get sewing kit', 'getting out thread', 'gather button']","['Pull thread through', 'grab object the button is being sewed']",grab object the button is being sewed,1,0, A
4,34.61538461538461,"['Get sewing kit', 'getting out thread', 'gather button', 'grab object the button is being sewed']","['Thread the needle', 'cut thread so that need will detach']",Thread the needle,0,0, A
5,61.53846153846154,"['Get sewing kit', 'getting out thread', 'gather button', 'grab object the button is being sewed', 'Thread the needle']","['Get a needle and thread.', 'take needle bring up through the back of the item']",take needle bring up through the back of the item,1,0, A
6,80.76923076923077,"['Get sewing kit', 'getting out thread', 'gather button', 'grab object the button is being sewed', 'Thread the needle', 'take needle bring up through the back of the item']","['Get thread', 'Tie the end with a knot.']",Tie the end with a knot.,1,0, A
7,88.46153846153845,"['Get sewing kit', 'getting out thread', 'gather button', 'grab object the button is being sewed', 'Thread the needle', 'take needle bring up through the back of the item', 'Tie the end with a knot.']","['Put away thread and needle', 'Get the button']",Put away thread and needle,0,0, A
8,92.3076923076923,"['Get sewing kit', 'getting out thread', 'gather button', 'grab object the button is being sewed', 'Thread the needle', 'take needle bring up through the back of the item', 'Tie the end with a knot.', 'Put away thread and needle']","['MAKE SURE BUTTON IS SECURE', 'Get thread and needle']",MAKE SURE BUTTON IS SECURE,0,0, A
0,0.0,[],"['Knot the end to make it stay', 'Find sewing kit.']",Find sewing kit.,1,0, A
1,23.07692307692308,['Find sewing kit.'],"['repeat until button is secure', 'Find a button that matches']",Find a button that matches,1,0, A
2,34.61538461538461,"['Find sewing kit.', 'Find a button that matches']","['Thread the needle, double it up and tie a knot at the end', 'Tie the end with a knot.']","Thread the needle, double it up and tie a knot at the end",0,0, A
3,46.15384615384615,"['Find sewing kit.', 'Find a button that matches', 'Thread the needle, double it up and tie a knot at the end']","['Sew the button on the cloth using the needle', 'Get a thread and a needle']",Sew the button on the cloth using the needle,0,0, A
4,84.61538461538461,"['Find sewing kit.', 'Find a button that matches', 'Thread the needle, double it up and tie a knot at the end', 'Sew the button on the cloth using the needle']","['Position needle with thread', 'Cut away any extra string']",Cut away any extra string,1,0, A
0,0.0,[],"['Take out sewing kit.', 'Run needle and thread through button hole and fabric hole']",Take out sewing kit.,0,0, A
1,23.07692307692308,['Take out sewing kit.'],"['Loop thread to create knot in thread.', 'take the button']",take the button,1,0, A
2,34.61538461538461,"['Take out sewing kit.', 'take the button']","['pull needle through to knot', 'Thread the needle and tie a knot at end of thread.']",Thread the needle and tie a knot at end of thread.,1,0, A
3,38.46153846153847,"['Take out sewing kit.', 'take the button', 'Thread the needle and tie a knot at end of thread.']","['knot thread', 'cut the thread']",knot thread,0,0, A
4,46.15384615384615,"['Take out sewing kit.', 'take the button', 'Thread the needle and tie a knot at end of thread.', 'knot thread']","['Find sewing kit.', 'Sew through holes or shank in button.']",Sew through holes or shank in button.,1,0, A
5,76.92307692307693,"['Take out sewing kit.', 'take the button', 'Thread the needle and tie a knot at end of thread.', 'knot thread', 'Sew through holes or shank in button.']","['Repeat the inserting as above for about 10 times', 'GET SOME NEEDLE AND THREAD']",Repeat the inserting as above for about 10 times,0,0, A
6,80.76923076923077,"['Take out sewing kit.', 'take the button', 'Thread the needle and tie a knot at end of thread.', 'knot thread', 'Sew through holes or shank in button.', 'Repeat the inserting as above for about 10 times']","['When done knot end.', 'Take a matching button']",When done knot end.,0,0, A
7,84.61538461538461,"['Take out sewing kit.', 'take the button', 'Thread the needle and tie a knot at end of thread.', 'knot thread', 'Sew through holes or shank in button.', 'Repeat the inserting as above for about 10 times', 'When done knot end.']","['Cut off the extra thread', 'Pick a needle']",Cut off the extra thread,0,0, A
0,0.0,[],"['ATTACH BUTTON USING NEEDLE AND THREAD', 'Find sewing kit.']",Find sewing kit.,1,0, A
1,34.61538461538461,['Find sewing kit.'],"['Thread needle with some thread.', 'Tie off the thread']",Thread needle with some thread.,0,0, A
2,38.46153846153847,"['Find sewing kit.', 'Thread needle with some thread.']","['Put all the items away', 'Tie a knot at the end of thread']",Tie a knot at the end of thread,1,0, A
3,50.0,"['Find sewing kit.', 'Thread needle with some thread.', 'Tie a knot at the end of thread']","['Cut off excess thread', 'Push needle through button and fabric.']",Push needle through button and fabric.,1,0, A
4,80.76923076923077,"['Find sewing kit.', 'Thread needle with some thread.', 'Tie a knot at the end of thread', 'Push needle through button and fabric.']","['FIND THE REPLACEMENT BUTTON', 'tie knot on thread']",tie knot on thread,1,0, A
5,88.46153846153845,"['Find sewing kit.', 'Thread needle with some thread.', 'Tie a knot at the end of thread', 'Push needle through button and fabric.', 'tie knot on thread']","['Take out the needle', 'Choose a button.']",Take out the needle,0,0, A
0,0.0,[],"['Find sewing kit.', 'Ending again in the back of the garment cut off the thread.']",Find sewing kit.,0,0, A
1,19.230769230769237,['Find sewing kit.'],"['Find similar color thread to use.', 'Put away needle and thread']",Find similar color thread to use.,0,0, A
2,30.76923076923077,"['Find sewing kit.', 'Find similar color thread to use.']","['Get sewing kit', 'Place button where desired']",Place button where desired,1,0, A
3,61.53846153846154,"['Find sewing kit.', 'Find similar color thread to use.', 'Place button where desired']","['Pull the needle until thread is completely on the other side of shirt', 'Pick up shirt missing button.']",Pull the needle until thread is completely on the other side of shirt,0,0, A
4,76.92307692307693,"['Find sewing kit.', 'Find similar color thread to use.', 'Place button where desired', 'Pull the needle until thread is completely on the other side of shirt']","['Repeat the inserting as above for about 10 times', 'Find some thread']",Repeat the inserting as above for about 10 times,0,0, A
5,84.61538461538461,"['Find sewing kit.', 'Find similar color thread to use.', 'Place button where desired', 'Pull the needle until thread is completely on the other side of shirt', 'Repeat the inserting as above for about 10 times']","['Tie knot in other end of thread', 'Cut loose ends.']",Cut loose ends.,1,0, A
6,88.46153846153845,"['Find sewing kit.', 'Find similar color thread to use.', 'Place button where desired', 'Pull the needle until thread is completely on the other side of shirt', 'Repeat the inserting as above for about 10 times', 'Cut loose ends.']","['Put away needle and thread', 'tie a knot in thread']",Put away needle and thread,0,0, A
7,92.3076923076923,"['Find sewing kit.', 'Find similar color thread to use.', 'Place button where desired', 'Pull the needle until thread is completely on the other side of shirt', 'Repeat the inserting as above for about 10 times', 'Cut loose ends.', 'Put away needle and thread']","['Get your sewing kit', 'Check new button']",Check new button,1,0, A
0,0.0,[],"['Get the sewing kit.', 'tying a knot with thread']",Get the sewing kit.,0,0, A
1,11.538461538461538,['Get the sewing kit.'],"['Sew button onto garment', 'Get needle.']",Get needle.,1,0, A
2,34.61538461538461,"['Get the sewing kit.', 'Get needle.']","['Stick the head through the needle eye', 'Continue until button is secure']",Stick the head through the needle eye,0,0, A
3,53.84615384615385,"['Get the sewing kit.', 'Get needle.', 'Stick the head through the needle eye']","['pull the needle through', 'Find a needle and thread']",pull the needle through,0,0, A
4,57.692307692307686,"['Get the sewing kit.', 'Get needle.', 'Stick the head through the needle eye', 'pull the needle through']","['Place needle through clothing.', 'Cut loose ends.']",Place needle through clothing.,0,0, A
5,76.92307692307693,"['Get the sewing kit.', 'Get needle.', 'Stick the head through the needle eye', 'pull the needle through', 'Place needle through clothing.']","['Find some thread and needle', 'Continue to loop the needle and thread through the button holes.']",Continue to loop the needle and thread through the button holes.,1,0, A
0,0.0,[],"['Get button, thread, needle and scissors', 'Thread the needle']","Get button, thread, needle and scissors",0,0, A
1,7.6923076923076925,"['Get button, thread, needle and scissors']","['Cut loose ends.', 'Get a needle and thread']",Get a needle and thread,1,0, A
2,30.76923076923077,"['Get button, thread, needle and scissors', 'Get a needle and thread']","['Place button on desired spot on shirt.', 'Tie the end of the string so it will not unravel']",Place button on desired spot on shirt.,0,0, A
3,42.30769230769231,"['Get button, thread, needle and scissors', 'Get a needle and thread', 'Place button on desired spot on shirt.']","[""Pull a thread of a matching color through the needle's eye"", 'Cut length of thread']",Cut length of thread,1,0, A
4,46.15384615384615,"['Get button, thread, needle and scissors', 'Get a needle and thread', 'Place button on desired spot on shirt.', 'Cut length of thread']","['Repeat for remaining holes', 'sew onto fabric securely']",sew onto fabric securely,1,0, A
5,80.76923076923077,"['Get button, thread, needle and scissors', 'Get a needle and thread', 'Place button on desired spot on shirt.', 'Cut length of thread', 'sew onto fabric securely']","['attach string to needle', 'tug to make sure it is secure']",tug to make sure it is secure,1,0, A
6,84.61538461538461,"['Get button, thread, needle and scissors', 'Get a needle and thread', 'Place button on desired spot on shirt.', 'Cut length of thread', 'sew onto fabric securely', 'tug to make sure it is secure']","['cut thread from button', 'Align button']",cut thread from button,0,0, A
7,88.46153846153845,"['Get button, thread, needle and scissors', 'Get a needle and thread', 'Place button on desired spot on shirt.', 'Cut length of thread', 'sew onto fabric securely', 'tug to make sure it is secure', 'cut thread from button']","['Push the needle through the fabric', 'Put away needle and thread']",Put away needle and thread,1,0, A
0,0.0,[],"['Get sewing kit', 'MAKE SURE BUTTON IS SECURE']",Get sewing kit,0,0, A
1,7.6923076923076925,['Get sewing kit'],"['GET SOME NEEDLE AND THREAD', 'Pass thread through button holes.']",GET SOME NEEDLE AND THREAD,0,0, A
2,26.923076923076923,"['Get sewing kit', 'GET SOME NEEDLE AND THREAD']","['Place item on flat surface', 'Take out sewing kit']",Place item on flat surface,0,0, A
3,30.76923076923077,"['Get sewing kit', 'GET SOME NEEDLE AND THREAD', 'Place item on flat surface']","['Place button where desired', 'Repeat until button is tight']",Place button where desired,0,0, A
4,42.30769230769231,"['Get sewing kit', 'GET SOME NEEDLE AND THREAD', 'Place item on flat surface', 'Place button where desired']","['Cut about 16 inches worth of thread.', 'put items away when done']",Cut about 16 inches worth of thread.,0,0, A
5,46.15384615384615,"['Get sewing kit', 'GET SOME NEEDLE AND THREAD', 'Place item on flat surface', 'Place button where desired', 'Cut about 16 inches worth of thread.']","['Move needle in and out of button holes to secure to shirt.', 'Grab thread and needle']",Move needle in and out of button holes to secure to shirt.,0,0, A
6,50.0,"['Get sewing kit', 'GET SOME NEEDLE AND THREAD', 'Place item on flat surface', 'Place button where desired', 'Cut about 16 inches worth of thread.', 'Move needle in and out of button holes to secure to shirt.']","['Cut excess thread', 'Insert the needle from the bottom where the button is to be sewn']",Insert the needle from the bottom where the button is to be sewn,1,0, A
7,80.76923076923077,"['Get sewing kit', 'GET SOME NEEDLE AND THREAD', 'Place item on flat surface', 'Place button where desired', 'Cut about 16 inches worth of thread.', 'Move needle in and out of button holes to secure to shirt.', 'Insert the needle from the bottom where the button is to be sewn']","['Get needle and thread', 'Tie off thread']",Tie off thread,1,0, A
0,0.0,[],"['Get a thimble', 'sew the button on carefully']",Get a thimble,0,0, A
1,7.6923076923076925,['Get a thimble'],"['Sew in a pattern that looks like an X through the holes of the button.', 'Get needle and thread']",Get needle and thread,1,0, A
2,19.230769230769237,"['Get a thimble', 'Get needle and thread']","['Cut a length of thread more than double what you will need', 'Cut off excess thread']",Cut a length of thread more than double what you will need,0,0, A
3,26.923076923076923,"['Get a thimble', 'Get needle and thread', 'Cut a length of thread more than double what you will need']","['Find shirt', 'repeat 5-8 several times until button is secure']",Find shirt,0,0, A
4,46.15384615384615,"['Get a thimble', 'Get needle and thread', 'Cut a length of thread more than double what you will need', 'Find shirt']","['Remove thread and needle from kit', 'put needle with thread into clothes']",put needle with thread into clothes,1,0, A
5,84.61538461538461,"['Get a thimble', 'Get needle and thread', 'Cut a length of thread more than double what you will need', 'Find shirt', 'put needle with thread into clothes']","['Cut thread', 'gather garment for buttoning']",Cut thread,0,0, A
6,88.46153846153845,"['Get a thimble', 'Get needle and thread', 'Cut a length of thread more than double what you will need', 'Find shirt', 'put needle with thread into clothes', 'Cut thread']","['Put the needle and thread away', 'Insert the needle back into the garment from the top of the button']",Put the needle and thread away,0,0, A
7,92.3076923076923,"['Get a thimble', 'Get needle and thread', 'Cut a length of thread more than double what you will need', 'Find shirt', 'put needle with thread into clothes', 'Cut thread', 'Put the needle and thread away']","['Start to sew the button onto the fabric.', 'Check the button']",Check the button,1,0, A
0,0.0,[],"[""Make 4 x's in button."", 'Grab the fabric and button']",Grab the fabric and button,1,0, A
1,26.923076923076923,['Grab the fabric and button'],"['Find a piece of clothing.', 'Make a knot on last pass']",Find a piece of clothing.,0,0, A
2,50.0,"['Grab the fabric and button', 'Find a piece of clothing.']","['cut remaining thread away', 'Put needle and thread through shirt']",Put needle and thread through shirt,1,0, A
3,65.38461538461539,"['Grab the fabric and button', 'Find a piece of clothing.', 'Put needle and thread through shirt']","['Sew button through second hole', 'Get a needle and thread.']",Sew button through second hole,0,0, A
4,69.23076923076923,"['Grab the fabric and button', 'Find a piece of clothing.', 'Put needle and thread through shirt', 'Sew button through second hole']","['Sew through the diagonal hole of the button and the garment.', 'Cut excess thread']",Sew through the diagonal hole of the button and the garment.,0,0, A
5,73.07692307692307,"['Grab the fabric and button', 'Find a piece of clothing.', 'Put needle and thread through shirt', 'Sew button through second hole', 'Sew through the diagonal hole of the button and the garment.']","['Thread the needle.', 'Repeat for remaining holes']",Repeat for remaining holes,1,0, A
6,84.61538461538461,"['Grab the fabric and button', 'Find a piece of clothing.', 'Put needle and thread through shirt', 'Sew button through second hole', 'Sew through the diagonal hole of the button and the garment.', 'Repeat for remaining holes']","['cut thread', 'Get a button.']",cut thread,0,0, A
0,0.0,[],"['threading the needle', 'Drive to fabric store']",Drive to fabric store,1,0, A
1,19.230769230769237,['Drive to fabric store'],"['Select thread', 'Continue repeating pushing up and pushing thread back down']",Select thread,0,0, A
2,34.61538461538461,"['Drive to fabric store', 'Select thread']","['cut loose thread', 'Thread needle']",Thread needle,1,0, A
3,50.0,"['Drive to fabric store', 'Select thread', 'Thread needle']","['Put thread through needle.', 'Cut thread']",Put thread through needle.,0,0, A
4,61.53846153846154,"['Drive to fabric store', 'Select thread', 'Thread needle', 'Put thread through needle.']","['Start sewing going into the back of the garment.', 'Get the piece of apparel that needs to sew the button on.']",Start sewing going into the back of the garment.,0,0, A
5,65.38461538461539,"['Drive to fabric store', 'Select thread', 'Thread needle', 'Put thread through needle.', 'Start sewing going into the back of the garment.']","['Put the needle thorough the back of the button hole.', 'Find replacement button.']",Put the needle thorough the back of the button hole.,0,0, A
6,69.23076923076923,"['Drive to fabric store', 'Select thread', 'Thread needle', 'Put thread through needle.', 'Start sewing going into the back of the garment.', 'Put the needle thorough the back of the button hole.']","['Move needle down to hole opposite first hole', 'Put button on shirt.']",Move needle down to hole opposite first hole,0,0, A
0,0.0,[],"['Get sewing kit', 'put button where other button was located']",Get sewing kit,0,0, A
1,7.6923076923076925,['Get sewing kit'],"['Get thread and needle', 'cut the thread when finished']",Get thread and needle,0,0, A
2,23.07692307692308,"['Get sewing kit', 'Get thread and needle']","['Get your button', 'when done tie the end properly']",Get your button,0,0, A
3,50.0,"['Get sewing kit', 'Get thread and needle', 'Get your button']","['Get thread and needle', 'Put needle and thread through shirt']",Put needle and thread through shirt,1,0, A
4,80.76923076923077,"['Get sewing kit', 'Get thread and needle', 'Get your button', 'Put needle and thread through shirt']","['Grab button', 'Tie off the thread on the underside of the garment']",Tie off the thread on the underside of the garment,1,0, A
5,84.61538461538461,"['Get sewing kit', 'Get thread and needle', 'Get your button', 'Put needle and thread through shirt', 'Tie off the thread on the underside of the garment']","['cut the thread', 'Get your sewing kit']",cut the thread,0,0, A
0,0.0,[],"['Get supplies - shirt, new button, thread, needle', 'Tie the thread at the bottom of the button']","Get supplies - shirt, new button, thread, needle",0,0, A
1,30.76923076923077,"['Get supplies - shirt, new button, thread, needle']","['Position button in correct place.', 'PUT NEEDLE AND THREAD AWAY']",Position button in correct place.,0,0, A
2,50.0,"['Get supplies - shirt, new button, thread, needle', 'Position button in correct place.']","['Get thread', 'Poke a hole in the fabric']",Poke a hole in the fabric,1,0, A
3,61.53846153846154,"['Get supplies - shirt, new button, thread, needle', 'Position button in correct place.', 'Poke a hole in the fabric']","['Sew button onto fabric through the first hole', 'Get the sewing kit.']",Sew button onto fabric through the first hole,0,0, A
4,76.92307692307693,"['Get supplies - shirt, new button, thread, needle', 'Position button in correct place.', 'Poke a hole in the fabric', 'Sew button onto fabric through the first hole']","['Place button where it is to be sewed', 'repeat until button is secure']",repeat until button is secure,1,0, A
5,80.76923076923077,"['Get supplies - shirt, new button, thread, needle', 'Position button in correct place.', 'Poke a hole in the fabric', 'Sew button onto fabric through the first hole', 'repeat until button is secure']","['Cut excess thread', 'Tie the thread in a knot to secure it']",Tie the thread in a knot to secure it,1,0, A
0,0.0,[],"['Push needle through hole', 'Get sewing kit']",Get sewing kit,1,0, A
1,11.538461538461538,['Get sewing kit'],"['Tie off finishing knot', 'Get the needle']",Get the needle,1,0, A
2,34.61538461538461,"['Get sewing kit', 'Get the needle']","['Thread the needle', 'Get scissors, needle, button and thread']",Thread the needle,0,0, A
3,42.30769230769231,"['Get sewing kit', 'Get the needle', 'Thread the needle']","['Find some thread', 'Cut away any loose threads.']",Cut away any loose threads.,1,0, A
4,61.53846153846154,"['Get sewing kit', 'Get the needle', 'Thread the needle', 'Cut away any loose threads.']","['Put needle into one button hole through shirt.', 'put items away when done']",Put needle into one button hole through shirt.,0,0, A
5,76.92307692307693,"['Get sewing kit', 'Get the needle', 'Thread the needle', 'Cut away any loose threads.', 'Put needle into one button hole through shirt.']","['Keep sewing until the button is secure.', 'Obtain needle and thread']",Keep sewing until the button is secure.,0,0, A
6,84.61538461538461,"['Get sewing kit', 'Get the needle', 'Thread the needle', 'Cut away any loose threads.', 'Put needle into one button hole through shirt.', 'Keep sewing until the button is secure.']","['Position button on shirt', 'Cut thread']",Cut thread,1,0, A
0,0.0,[],"['Get sewing kit', 'Sew button onto item']",Get sewing kit,0,0, A
1,19.230769230769237,['Get sewing kit'],"['Find a thread', 'Secure the button with a knot']",Find a thread,0,0, A
2,26.923076923076923,"['Get sewing kit', 'Find a thread']","['make sure button is secure', 'Prepare garment for sewing']",Prepare garment for sewing,1,0, A
3,46.15384615384615,"['Get sewing kit', 'Find a thread', 'Prepare garment for sewing']","['Get out sewing kit.', 'moving the needle in and out of the button holes']",moving the needle in and out of the button holes,1,0, A
4,88.46153846153845,"['Get sewing kit', 'Find a thread', 'Prepare garment for sewing', 'moving the needle in and out of the button holes']","['attach button to shirt', 'put needle and thread away']",put needle and thread away,1,0, A
0,0.0,[],"['Sew button into place', 'Drive to fabric store']",Drive to fabric store,1,0, A
1,19.230769230769237,['Drive to fabric store'],"['Pull thread through opposite button hole', 'Get some thread']",Get some thread,1,0, A
2,26.923076923076923,"['Drive to fabric store', 'Get some thread']","['Take shirt', 'Put needle away']",Take shirt,0,0, A
3,30.76923076923077,"['Drive to fabric store', 'Get some thread', 'Take shirt']","['Hold button to material.', 'Wrap the thread']",Hold button to material.,0,0, A
4,42.30769230769231,"['Drive to fabric store', 'Get some thread', 'Take shirt', 'Hold button to material.']","['measure and cut length of thread', 'Get needle']",measure and cut length of thread,0,0, A
5,61.53846153846154,"['Drive to fabric store', 'Get some thread', 'Take shirt', 'Hold button to material.', 'measure and cut length of thread']","['Select thread', 'Thread one hole with the needle']",Thread one hole with the needle,1,0, A
6,80.76923076923077,"['Drive to fabric store', 'Get some thread', 'Take shirt', 'Hold button to material.', 'measure and cut length of thread', 'Thread one hole with the needle']","['Break the thread and tie a final knot', 'Find sewing kit.']",Break the thread and tie a final knot,0,0, A
7,84.61538461538461,"['Drive to fabric store', 'Get some thread', 'Take shirt', 'Hold button to material.', 'measure and cut length of thread', 'Thread one hole with the needle', 'Break the thread and tie a final knot']","['Put needle into one button hole through shirt.', 'Cut excess thread']",Cut excess thread,1,0, A
8,88.46153846153845,"['Drive to fabric store', 'Get some thread', 'Take shirt', 'Hold button to material.', 'measure and cut length of thread', 'Thread one hole with the needle', 'Break the thread and tie a final knot', 'Cut excess thread']","['Take out right colored thread.', 'Put needle away']",Put needle away,1,0, A
0,0.0,[],"['Insert needle through one side of button', 'Get out needle, thread, button, and clothing item.']","Get out needle, thread, button, and clothing item.",1,0, A
1,26.923076923076923,"['Get out needle, thread, button, and clothing item.']","['knot thread', 'Place item on flat surface']",Place item on flat surface,1,0, A
2,34.61538461538461,"['Get out needle, thread, button, and clothing item.', 'Place item on flat surface']","['tie the thread to the sewing needle', 'Cut the thread near the needle to finish']",tie the thread to the sewing needle,0,0, A
3,50.0,"['Get out needle, thread, button, and clothing item.', 'Place item on flat surface', 'tie the thread to the sewing needle']","['take the needle and matching thread', 'Insert the thread through the button']",Insert the thread through the button,1,0, A
4,80.76923076923077,"['Get out needle, thread, button, and clothing item.', 'Place item on flat surface', 'tie the thread to the sewing needle', 'Insert the thread through the button']","['Tie knot.', 'Place needle through clothing.']",Tie knot.,0,0, A
5,88.46153846153845,"['Get out needle, thread, button, and clothing item.', 'Place item on flat surface', 'tie the thread to the sewing needle', 'Insert the thread through the button', 'Tie knot.']","['Put needle and thread back in drawer', 'Slide button onto needle and thread.']",Put needle and thread back in drawer,0,0, A
6,92.3076923076923,"['Get out needle, thread, button, and clothing item.', 'Place item on flat surface', 'tie the thread to the sewing needle', 'Insert the thread through the button', 'Tie knot.', 'Put needle and thread back in drawer']","['Insert needle through first side of button (step 3)', 'Check if the button is tight']",Check if the button is tight,1,0, A
0,0.0,[],"['Get out sewing kit', 'Keep sewing until the button is secure.']",Get out sewing kit,0,0, A
1,23.07692307692308,['Get out sewing kit'],"['Find an extra button', 'Place needle through button eyelets.']",Find an extra button,0,0, A
2,38.46153846153847,"['Get out sewing kit', 'Find an extra button']","['Tie knot in end of thread', 'find needle and thread']",Tie knot in end of thread,0,0, A
3,42.30769230769231,"['Get out sewing kit', 'Find an extra button', 'Tie knot in end of thread']","['find needle and thread', 'Cut away any loose threads.']",Cut away any loose threads.,1,0, A
4,61.53846153846154,"['Get out sewing kit', 'Find an extra button', 'Tie knot in end of thread', 'Cut away any loose threads.']","['Ending again in the back of the garment cut off the thread.', 'take needle bring up through the back of the item']",take needle bring up through the back of the item,1,0, A
5,76.92307692307693,"['Get out sewing kit', 'Find an extra button', 'Tie knot in end of thread', 'Cut away any loose threads.', 'take needle bring up through the back of the item']","['stitching the button on', 'threading a needle with thread']",stitching the button on,0,0, A
0,0.0,[],"['Get button, thread, needle and scissors', 'Sew button.']","Get button, thread, needle and scissors",0,0, A
1,30.76923076923077,"['Get button, thread, needle and scissors']","['Hold button in place on clothing.', 'cut thread so that need will detach']",Hold button in place on clothing.,0,0, A
2,46.15384615384615,"['Get button, thread, needle and scissors', 'Hold button in place on clothing.']","['Get back the needle through the fourth button hole', 'Sew button into place']",Sew button into place,1,0, A
3,50.0,"['Get button, thread, needle and scissors', 'Hold button in place on clothing.', 'Sew button into place']","['Poke a hole in the fabric', 'Get out thread']",Poke a hole in the fabric,0,0, A
4,61.53846153846154,"['Get button, thread, needle and scissors', 'Hold button in place on clothing.', 'Sew button into place', 'Poke a hole in the fabric']","['Find right color string', 'push the needle through the button']",push the needle through the button,1,0, A
5,65.38461538461539,"['Get button, thread, needle and scissors', 'Hold button in place on clothing.', 'Sew button into place', 'Poke a hole in the fabric', 'push the needle through the button']","['locate needle and thread', 'Sew button through second hole']",Sew button through second hole,1,0, A
6,76.92307692307693,"['Get button, thread, needle and scissors', 'Hold button in place on clothing.', 'Sew button into place', 'Poke a hole in the fabric', 'push the needle through the button', 'Sew button through second hole']","['Get out sewing kit.', 'Keep sewing until the button is secure.']",Keep sewing until the button is secure.,1,0, A
7,84.61538461538461,"['Get button, thread, needle and scissors', 'Hold button in place on clothing.', 'Sew button into place', 'Poke a hole in the fabric', 'push the needle through the button', 'Sew button through second hole', 'Keep sewing until the button is secure.']","['Place button where you want it.', 'Cut thread']",Cut thread,1,0, A
8,88.46153846153845,"['Get button, thread, needle and scissors', 'Hold button in place on clothing.', 'Sew button into place', 'Poke a hole in the fabric', 'push the needle through the button', 'Sew button through second hole', 'Keep sewing until the button is secure.', 'Cut thread']","['take the button', 'Take out the needle']",Take out the needle,1,0, A
9,92.3076923076923,"['Get button, thread, needle and scissors', 'Hold button in place on clothing.', 'Sew button into place', 'Poke a hole in the fabric', 'push the needle through the button', 'Sew button through second hole', 'Keep sewing until the button is secure.', 'Cut thread', 'Take out the needle']","['MAKE SURE BUTTON IS SECURE', 'Get needle and thread']",MAKE SURE BUTTON IS SECURE,0,0, A
0,0.0,[],"['Sew button through fourth and final hole', 'Get button, thread, needle and scissors']","Get button, thread, needle and scissors",1,0, A
1,26.923076923076923,"['Get button, thread, needle and scissors']","['grab object the button is being sewed', 'Tie the thread round in between the garment and button']",grab object the button is being sewed,0,0, A
2,34.61538461538461,"['Get button, thread, needle and scissors', 'grab object the button is being sewed']","['Continue crisscrossing thread between holes of button until button is tight.', 'Place the thread through the needle']",Place the thread through the needle,1,0, A
3,42.30769230769231,"['Get button, thread, needle and scissors', 'grab object the button is being sewed', 'Place the thread through the needle']","['Cut off excess thread', 'Cut away any loose threads.']",Cut away any loose threads.,1,0, A
4,46.15384615384615,"['Get button, thread, needle and scissors', 'grab object the button is being sewed', 'Place the thread through the needle', 'Cut away any loose threads.']","['Get out thread', 'Apply button by driving needle through button']",Apply button by driving needle through button,1,0, A
5,84.61538461538461,"['Get button, thread, needle and scissors', 'grab object the button is being sewed', 'Place the thread through the needle', 'Cut away any loose threads.', 'Apply button by driving needle through button']","['Thread needle with matching thread', 'Cut thread']",Cut thread,1,0, A
0,0.0,[],"['Drive to fabric store', 'put sewing kit away']",Drive to fabric store,0,0, A
1,19.230769230769237,['Drive to fabric store'],"['get thread', 'Sew on button']",get thread,0,0, A
2,23.07692307692308,"['Drive to fabric store', 'get thread']","['Look through sewing kit for a button that matches clothing.', 'use needle and thread to sew button onto shirt']",Look through sewing kit for a button that matches clothing.,0,0, A
3,26.923076923076923,"['Drive to fabric store', 'get thread', 'Look through sewing kit for a button that matches clothing.']","['Remove the old button', 'Tie off finishing knot']",Remove the old button,0,0, A
4,30.76923076923077,"['Drive to fabric store', 'get thread', 'Look through sewing kit for a button that matches clothing.', 'Remove the old button']","['Make a knot', 'Hold button in place on clothing.']",Hold button in place on clothing.,1,0, A
5,42.30769230769231,"['Drive to fabric store', 'get thread', 'Look through sewing kit for a button that matches clothing.', 'Remove the old button', 'Hold button in place on clothing.']","['Grab the fabric and button', 'Cut excess thread']",Cut excess thread,1,0, A
6,46.15384615384615,"['Drive to fabric store', 'get thread', 'Look through sewing kit for a button that matches clothing.', 'Remove the old button', 'Hold button in place on clothing.', 'Cut excess thread']","['Find sewing kit.', 'sew button into fabric making sure stitches are secure']",sew button into fabric making sure stitches are secure,1,0, A
7,84.61538461538461,"['Drive to fabric store', 'get thread', 'Look through sewing kit for a button that matches clothing.', 'Remove the old button', 'Hold button in place on clothing.', 'Cut excess thread', 'sew button into fabric making sure stitches are secure']","['cut the thread when finished', 'Get the piece of apparel that needs to sew the button on.']",cut the thread when finished,0,0, A
8,88.46153846153845,"['Drive to fabric store', 'get thread', 'Look through sewing kit for a button that matches clothing.', 'Remove the old button', 'Hold button in place on clothing.', 'Cut excess thread', 'sew button into fabric making sure stitches are secure', 'cut the thread when finished']","['Return the needle through the fabric and through a different button hole', 'Put away needle and thread']",Put away needle and thread,1,0, A
0,0.0,[],"['Keep threading until the button is firmly attached', 'Drive to fabric store']",Drive to fabric store,1,0, A
1,19.230769230769237,['Drive to fabric store'],"['Continue repeating pushing up and pushing thread back down', 'gathering thread']",gathering thread,1,0, A
2,34.61538461538461,"['Drive to fabric store', 'gathering thread']","['Repeat to make loop and knot it.', 'Thread needle.']",Thread needle.,1,0, A
3,50.0,"['Drive to fabric store', 'gathering thread', 'Thread needle.']","['push needle through button and shirt', 'Get the proper colored thread']",push needle through button and shirt,0,0, A
4,80.76923076923077,"['Drive to fabric store', 'gathering thread', 'Thread needle.', 'push needle through button and shirt']","['tie off thread', 'Get needle and thread']",tie off thread,0,0, A
5,84.61538461538461,"['Drive to fabric store', 'gathering thread', 'Thread needle.', 'push needle through button and shirt', 'tie off thread']","['Find needle and thread', 'cut the thread']",cut the thread,1,0, A
0,0.0,[],"['Drive to fabric store', 'Push needle down through other button on hole']",Drive to fabric store,0,0, A
1,19.230769230769237,['Drive to fabric store'],"['Get the proper colored thread', 'Put the thread through the button and start threading']",Get the proper colored thread,0,0, A
2,30.76923076923077,"['Drive to fabric store', 'Get the proper colored thread']","['Place the button on the cloth', 'Continue until button is secure']",Place the button on the cloth,0,0, A
3,61.53846153846154,"['Drive to fabric store', 'Get the proper colored thread', 'Place the button on the cloth']","['Put needle into one button hole through shirt.', 'cut thread']",Put needle into one button hole through shirt.,0,0, A
4,65.38461538461539,"['Drive to fabric store', 'Get the proper colored thread', 'Place the button on the cloth', 'Put needle into one button hole through shirt.']","['Cross over to perpendicular hole, push needle back through', 'Get needle and thread']","Cross over to perpendicular hole, push needle back through",0,0, A
5,76.92307692307693,"['Drive to fabric store', 'Get the proper colored thread', 'Place the button on the cloth', 'Put needle into one button hole through shirt.', 'Cross over to perpendicular hole, push needle back through']","['Repeat steps 4 through 6 about 30 times', 'get thread and needle']",Repeat steps 4 through 6 about 30 times,0,0, A
0,0.0,[],"['Drive to fabric store', 'Tie off thread']",Drive to fabric store,0,0, A
1,19.230769230769237,['Drive to fabric store'],"['sew onto fabric securely', 'Find thread that matches']",Find thread that matches,1,0, A
2,26.923076923076923,"['Drive to fabric store', 'Find thread that matches']","['Take shirt', 'Put the needle and thread away']",Take shirt,0,0, A
3,30.76923076923077,"['Drive to fabric store', 'Find thread that matches', 'Take shirt']","['repeat 5-8 several times until button is secure', 'Line the button back into place']",Line the button back into place,1,0, A
4,53.84615384615385,"['Drive to fabric store', 'Find thread that matches', 'Take shirt', 'Line the button back into place']","['Insert needle through other side of button on back side', 'Get your button']",Insert needle through other side of button on back side,0,0, A
5,80.76923076923077,"['Drive to fabric store', 'Find thread that matches', 'Take shirt', 'Line the button back into place', 'Insert needle through other side of button on back side']","['When done knot end.', 'Place the button in the right spot']",When done knot end.,0,0, A
6,84.61538461538461,"['Drive to fabric store', 'Find thread that matches', 'Take shirt', 'Line the button back into place', 'Insert needle through other side of button on back side', 'When done knot end.']","['Cut the thread near the needle to finish', 'get needle']",Cut the thread near the needle to finish,0,0, A
0,0.0,[],"['Get scissors, needle, button and thread', 'put sewing kit away']","Get scissors, needle, button and thread",0,0, A
1,30.76923076923077,"['Get scissors, needle, button and thread']","['Find placement for new button.', 'Repeat for remaining holes']",Find placement for new button.,0,0, A
2,46.15384615384615,"['Get scissors, needle, button and thread', 'Find placement for new button.']","['sew onto fabric securely', 'Get back the needle through the fourth button hole']",sew onto fabric securely,0,0, A
3,76.92307692307693,"['Get scissors, needle, button and thread', 'Find placement for new button.', 'sew onto fabric securely']","['Keep sewing until the button is secure.', 'GET SOME NEEDLE AND THREAD']",Keep sewing until the button is secure.,0,0, A
0,0.0,[],"['Drive to fabric store', 'gather garment for buttoning']",Drive to fabric store,0,0, A
1,19.230769230769237,['Drive to fabric store'],"['Return the needle through the fabric and through a different button hole', 'gathering thread']",gathering thread,1,0, A
2,26.923076923076923,"['Drive to fabric store', 'gathering thread']","['Take shirt', 'Tie another knot at the end of the thread.']",Take shirt,0,0, A
3,50.0,"['Drive to fabric store', 'gathering thread', 'Take shirt']","['Put all the items away', 'Push needle through button and fabric.']",Push needle through button and fabric.,1,0, A
4,80.76923076923077,"['Drive to fabric store', 'gathering thread', 'Take shirt', 'Push needle through button and fabric.']","['Thread needle', 'Tie the end with a knot.']",Tie the end with a knot.,1,0, A
5,88.46153846153845,"['Drive to fabric store', 'gathering thread', 'Take shirt', 'Push needle through button and fabric.', 'Tie the end with a knot.']","['Clean up.', 'Purchase buttons']",Clean up.,0,0, A
6,92.3076923076923,"['Drive to fabric store', 'gathering thread', 'Take shirt', 'Push needle through button and fabric.', 'Tie the end with a knot.', 'Clean up.']","['MAKE SURE BUTTON IS SECURE', 'Place new button where I want it to go']",MAKE SURE BUTTON IS SECURE,0,0, A
0,0.0,[],"['Pull the needle until thread is completely on the other side of shirt', 'Get out needle, thread, button, and clothing item.']","Get out needle, thread, button, and clothing item.",1,0, A
1,30.76923076923077,"['Get out needle, thread, button, and clothing item.']","['Tie a knot.', 'Put button on shirt']",Put button on shirt,1,0, A
2,61.53846153846154,"['Get out needle, thread, button, and clothing item.', 'Put button on shirt']","['Put needle into one button hole through shirt.', 'find the needle']",Put needle into one button hole through shirt.,0,0, A
3,76.92307692307693,"['Get out needle, thread, button, and clothing item.', 'Put button on shirt', 'Put needle into one button hole through shirt.']","['Purchase buttons', 'Repeat until sewed on.']",Repeat until sewed on.,1,0, A
4,84.61538461538461,"['Get out needle, thread, button, and clothing item.', 'Put button on shirt', 'Put needle into one button hole through shirt.', 'Repeat until sewed on.']","['place the button', 'Cut away any extra string']",Cut away any extra string,1,0, A
5,88.46153846153845,"['Get out needle, thread, button, and clothing item.', 'Put button on shirt', 'Put needle into one button hole through shirt.', 'Repeat until sewed on.', 'Cut away any extra string']","['put back all the materials', 'Pull through']",put back all the materials,0,0, A
6,92.3076923076923,"['Get out needle, thread, button, and clothing item.', 'Put button on shirt', 'Put needle into one button hole through shirt.', 'Repeat until sewed on.', 'Cut away any extra string', 'put back all the materials']","['Push needle through the button holes', 'Check if the button is tight']",Check if the button is tight,1,0, A
0,0.0,[],"['Repeat until button is secure', 'Find sewing kit.']",Find sewing kit.,1,0, A
1,34.61538461538461,['Find sewing kit.'],"['Thread needle.', 'When button is securely in place tie knot in thread at back of garment']",Thread needle.,0,0, A
2,46.15384615384615,"['Find sewing kit.', 'Thread needle.']","['Thread button onto clothing', 'FIND THE REPLACEMENT BUTTON']",Thread button onto clothing,0,0, A
3,84.61538461538461,"['Find sewing kit.', 'Thread needle.', 'Thread button onto clothing']","['Get a needle', 'Cut the excess thread']",Cut the excess thread,1,0, A
0,0.0,[],"['Get sewing kit', 'Start to sew on button']",Get sewing kit,0,0, A
1,19.230769230769237,['Get sewing kit'],"['Tie off thread', 'Take out right colored thread.']",Take out right colored thread.,1,0, A
2,34.61538461538461,"['Get sewing kit', 'Take out right colored thread.']","['Thread needle', 'Repeat steps 4 through 6 about 30 times']",Thread needle,0,0, A
3,38.46153846153847,"['Get sewing kit', 'Take out right colored thread.', 'Thread needle']","['Tie knot in other end of thread', 'Pass the needle through the second button hole']",Tie knot in other end of thread,0,0, A
4,50.0,"['Get sewing kit', 'Take out right colored thread.', 'Thread needle', 'Tie knot in other end of thread']","['getting out thread', 'Insert the needle from the bottom where the button is to be sewn']",Insert the needle from the bottom where the button is to be sewn,1,0, A
5,65.38461538461539,"['Get sewing kit', 'Take out right colored thread.', 'Thread needle', 'Tie knot in other end of thread', 'Insert the needle from the bottom where the button is to be sewn']","['get a new button', 'Pass the needle through the second button hole']",Pass the needle through the second button hole,1,0, A
6,76.92307692307693,"['Get sewing kit', 'Take out right colored thread.', 'Thread needle', 'Tie knot in other end of thread', 'Insert the needle from the bottom where the button is to be sewn', 'Pass the needle through the second button hole']","['Repeat 4 or 5 times', 'find shirt with missing button']",Repeat 4 or 5 times,0,0, A
0,0.0,[],"['Poke needle through opposite hole', 'Get sewing kit']",Get sewing kit,1,0, A
1,7.6923076923076925,['Get sewing kit'],"['Use needle and thread to sew button', 'Grab thread and needle']",Grab thread and needle,1,0, A
2,11.538461538461538,"['Get sewing kit', 'Grab thread and needle']","['Take a needle', 'Push needle through first hole']",Take a needle,0,0, A
3,23.07692307692308,"['Get sewing kit', 'Grab thread and needle', 'Take a needle']","['sew the button on carefully', 'Take a button']",Take a button,1,0, A
4,30.76923076923077,"['Get sewing kit', 'Grab thread and needle', 'Take a needle', 'Take a button']","['attach button', 'cut remaining thread away']",attach button,0,0, A
5,61.53846153846154,"['Get sewing kit', 'Grab thread and needle', 'Take a needle', 'Take a button', 'attach button']","['Get clothes', 'Thread one hole with the needle']",Thread one hole with the needle,1,0, A
6,80.76923076923077,"['Get sewing kit', 'Grab thread and needle', 'Take a needle', 'Take a button', 'attach button', 'Thread one hole with the needle']","['thread the needle', 'Make a knot in fabric with thread behind the button']",Make a knot in fabric with thread behind the button,1,0, A
7,84.61538461538461,"['Get sewing kit', 'Grab thread and needle', 'Take a needle', 'Take a button', 'attach button', 'Thread one hole with the needle', 'Make a knot in fabric with thread behind the button']","['Take thread from sewing kit', 'cut loose thread']",cut loose thread,1,0, A
0,0.0,[],"['Make a knot on last pass', 'Drive to fabric store']",Drive to fabric store,1,0, A
1,19.230769230769237,['Drive to fabric store'],"['Find some thread', 'Tie the thread so the button will not come loose']",Find some thread,0,0, A
2,26.923076923076923,"['Drive to fabric store', 'Find some thread']","['Find a piece of clothing.', 'Run needle and thread through button hole and fabric hole']",Find a piece of clothing.,0,0, A
3,30.76923076923077,"['Drive to fabric store', 'Find some thread', 'Find a piece of clothing.']","['Pull needle and thread', 'Line the button back into place']",Line the button back into place,1,0, A
4,34.61538461538461,"['Drive to fabric store', 'Find some thread', 'Find a piece of clothing.', 'Line the button back into place']","['Tie the thread', 'Push thread through needle and tie in a knot']",Push thread through needle and tie in a knot,1,0, A
5,50.0,"['Drive to fabric store', 'Find some thread', 'Find a piece of clothing.', 'Line the button back into place', 'Push thread through needle and tie in a knot']","['Poke hole with needle through button hole and fabric', 'take the needle and matching thread']",Poke hole with needle through button hole and fabric,0,0, A
6,53.84615384615385,"['Drive to fabric store', 'Find some thread', 'Find a piece of clothing.', 'Line the button back into place', 'Push thread through needle and tie in a knot', 'Poke hole with needle through button hole and fabric']","['pull the needle through', 'put sewing kit away']",pull the needle through,0,0, A
7,76.92307692307693,"['Drive to fabric store', 'Find some thread', 'Find a piece of clothing.', 'Line the button back into place', 'Push thread through needle and tie in a knot', 'Poke hole with needle through button hole and fabric', 'pull the needle through']","['Repeat several times, going through a different hole each time.', 'Put the button up to the garment']","Repeat several times, going through a different hole each time.",0,0, A
0,0.0,[],"['tie off thread', 'Get a thimble']",Get a thimble,1,0, A
1,26.923076923076923,['Get a thimble'],"['put items away when done', 'Hold shirt with non-dominant hand']",Hold shirt with non-dominant hand,1,0, A
2,30.76923076923077,"['Get a thimble', 'Hold shirt with non-dominant hand']","['Take button and put it on shirt where you want it', 'knot thread']",Take button and put it on shirt where you want it,0,0, A
3,61.53846153846154,"['Get a thimble', 'Hold shirt with non-dominant hand', 'Take button and put it on shirt where you want it']","['Find sewing kit.', 'Start sewing going into the back of the garment.']",Start sewing going into the back of the garment.,1,0, A
4,80.76923076923077,"['Get a thimble', 'Hold shirt with non-dominant hand', 'Take button and put it on shirt where you want it', 'Start sewing going into the back of the garment.']","['Select a button', 'Knot thread']",Knot thread,1,0, A
5,88.46153846153845,"['Get a thimble', 'Hold shirt with non-dominant hand', 'Take button and put it on shirt where you want it', 'Start sewing going into the back of the garment.', 'Knot thread']","['Get thread', 'PUT NEEDLE AND THREAD AWAY']",PUT NEEDLE AND THREAD AWAY,1,0, A
0,0.0,[],"['Get a thimble', 'Cut excess thread']",Get a thimble,0,0, A
1,7.6923076923076925,['Get a thimble'],"['Repeat this until the button is secure', 'Prepare needle and thread.']",Prepare needle and thread.,1,0, A
2,26.923076923076923,"['Get a thimble', 'Prepare needle and thread.']","['grab object the button is being sewed', 'Cut thread close to knot.']",grab object the button is being sewed,0,0, A
3,34.61538461538461,"['Get a thimble', 'Prepare needle and thread.', 'grab object the button is being sewed']","['Tie the thread round in between the garment and button', 'Insert the thread into the needle hole']",Insert the thread into the needle hole,1,0, A
4,53.84615384615385,"['Get a thimble', 'Prepare needle and thread.', 'grab object the button is being sewed', 'Insert the thread into the needle hole']","['Crisscross on the button', 'Choose button that I like']",Crisscross on the button,0,0, A
5,61.53846153846154,"['Get a thimble', 'Prepare needle and thread.', 'grab object the button is being sewed', 'Insert the thread into the needle hole', 'Crisscross on the button']","['Insert needle through one side of button', 'find needle and thread']",Insert needle through one side of button,0,0, A
6,76.92307692307693,"['Get a thimble', 'Prepare needle and thread.', 'grab object the button is being sewed', 'Insert the thread into the needle hole', 'Crisscross on the button', 'Insert needle through one side of button']","['Continue until the button is securely on the clothing', 'Take out sewing kit.']",Continue until the button is securely on the clothing,0,0, A
7,80.76923076923077,"['Get a thimble', 'Prepare needle and thread.', 'grab object the button is being sewed', 'Insert the thread into the needle hole', 'Crisscross on the button', 'Insert needle through one side of button', 'Continue until the button is securely on the clothing']","['Tie the thread round in between the garment and button', 'Find shirt']",Tie the thread round in between the garment and button,0,0, A
8,84.61538461538461,"['Get a thimble', 'Prepare needle and thread.', 'grab object the button is being sewed', 'Insert the thread into the needle hole', 'Crisscross on the button', 'Insert needle through one side of button', 'Continue until the button is securely on the clothing', 'Tie the thread round in between the garment and button']","['Cut off remaining thread', 'Thread needle']",Cut off remaining thread,0,0, A
9,88.46153846153845,"['Get a thimble', 'Prepare needle and thread.', 'grab object the button is being sewed', 'Insert the thread into the needle hole', 'Crisscross on the button', 'Insert needle through one side of button', 'Continue until the button is securely on the clothing', 'Tie the thread round in between the garment and button', 'Cut off remaining thread']","['Take out right colored thread.', 'put the supplies away']",put the supplies away,1,0, A
0,0.0,[],"['get thread, needle, button to be sewn', 'Pull through other side.']","get thread, needle, button to be sewn",0,0, A
1,30.76923076923077,"['get thread, needle, button to be sewn']","['Position button in correct place.', 'Tie the end of the string']",Position button in correct place.,0,0, A
2,61.53846153846154,"['get thread, needle, button to be sewn', 'Position button in correct place.']","['Find thread that matches', 'Push needle through first hole']",Push needle through first hole,1,0, A
3,80.76923076923077,"['get thread, needle, button to be sewn', 'Position button in correct place.', 'Push needle through first hole']","['Gather supplies', 'Tie the thread in a knot to secure it']",Tie the thread in a knot to secure it,1,0, A
4,88.46153846153845,"['get thread, needle, button to be sewn', 'Position button in correct place.', 'Push needle through first hole', 'Tie the thread in a knot to secure it']","['Get a thimble', 'put back all the materials']",put back all the materials,1,0, A
5,92.3076923076923,"['get thread, needle, button to be sewn', 'Position button in correct place.', 'Push needle through first hole', 'Tie the thread in a knot to secure it', 'put back all the materials']","['Check new button', 'Get a needle']",Check new button,0,0, A
0,0.0,[],"['Get the sewing kit.', 'Put needle away']",Get the sewing kit.,0,0, A
1,34.61538461538461,['Get the sewing kit.'],"['cut the thread', 'Thread the needle']",Thread the needle,1,0, A
2,88.46153846153845,"['Get the sewing kit.', 'Thread the needle']","['put the supplies away', 'Get supplies - shirt, new button, thread, needle']",put the supplies away,0,0, A
0,0.0,[],"['Sew button through third hole', 'Get button, thread, needle and scissors']","Get button, thread, needle and scissors",1,0, A
1,26.923076923076923,"['Get button, thread, needle and scissors']","['Pull needle and thread', 'gather garment for buttoning']",gather garment for buttoning,1,0, A
2,34.61538461538461,"['Get button, thread, needle and scissors', 'gather garment for buttoning']","['Cut loose ends', 'thread needle']",thread needle,1,0, A
3,46.15384615384615,"['Get button, thread, needle and scissors', 'gather garment for buttoning', 'thread needle']","['Sew on', 'Find needle']",Sew on,0,0, A
4,76.92307692307693,"['Get button, thread, needle and scissors', 'gather garment for buttoning', 'thread needle', 'Sew on']","['Repeat until sewed on.', 'Thread the needle']",Repeat until sewed on.,0,0, A
0,0.0,[],"['Drive to fabric store', 'Poke a hole in the fabric']",Drive to fabric store,0,0, A
1,19.230769230769237,['Drive to fabric store'],"['Sew button through second hole', 'Pull out a length of thread.']",Pull out a length of thread.,1,0, A
2,26.923076923076923,"['Drive to fabric store', 'Pull out a length of thread.']","['Get the piece of apparel that needs to sew the button on.', 'Snip excess thread off']",Get the piece of apparel that needs to sew the button on.,0,0, A
3,30.76923076923077,"['Drive to fabric store', 'Pull out a length of thread.', 'Get the piece of apparel that needs to sew the button on.']","['Find sewing kit.', 'Place button on item']",Place button on item,1,0, A
4,34.61538461538461,"['Drive to fabric store', 'Pull out a length of thread.', 'Get the piece of apparel that needs to sew the button on.', 'Place button on item']","['Put thread in it', 'Tie the end with a knot.']",Put thread in it,0,0, A
5,46.15384615384615,"['Drive to fabric store', 'Pull out a length of thread.', 'Get the piece of apparel that needs to sew the button on.', 'Place button on item', 'Put thread in it']","['Hold button in place', 'Move needle in and out of button holes to secure to shirt.']",Move needle in and out of button holes to secure to shirt.,1,0, A
6,84.61538461538461,"['Drive to fabric store', 'Pull out a length of thread.', 'Get the piece of apparel that needs to sew the button on.', 'Place button on item', 'Put thread in it', 'Move needle in and out of button holes to secure to shirt.']","['cut the thread', 'Holding button at appropriate location, press needle through first hole on button.']",cut the thread,0,0, A
0,0.0,[],"['Get a thimble', 'thread a needle']",Get a thimble,0,0, A
1,26.923076923076923,['Get a thimble'],"['Pull through other side.', 'Lay down garment']",Lay down garment,1,0, A
2,34.61538461538461,"['Get a thimble', 'Lay down garment']","['Pull til it stops at the knot, push through fabric and another button hole', 'Thread needle']",Thread needle,1,0, A
3,61.53846153846154,"['Get a thimble', 'Lay down garment', 'Thread needle']","['take needle bring up through the back of the item', 'Clean up.']",take needle bring up through the back of the item,0,0, A
4,80.76923076923077,"['Get a thimble', 'Lay down garment', 'Thread needle', 'take needle bring up through the back of the item']","['tie knot on thread', 'Put thread through a needle.']",tie knot on thread,0,0, A
5,88.46153846153845,"['Get a thimble', 'Lay down garment', 'Thread needle', 'take needle bring up through the back of the item', 'tie knot on thread']","['repeat the same way', 'put items away when done']",put items away when done,1,0, A
0,0.0,[],"['Lay down garment', 'Drive to fabric store']",Drive to fabric store,1,0, A
1,19.230769230769237,['Drive to fabric store'],"['Get thread', 'Sew button']",Get thread,0,0, A
2,34.61538461538461,"['Drive to fabric store', 'Get thread']","['Thread a needle.', 'Get scissors, needle, button and thread']",Thread a needle.,0,0, A
3,38.46153846153847,"['Drive to fabric store', 'Get thread', 'Thread a needle.']","['Knot the ends of the thread together.', 'Get a needle']",Knot the ends of the thread together.,0,0, A
4,42.30769230769231,"['Drive to fabric store', 'Get thread', 'Thread a needle.', 'Knot the ends of the thread together.']","['Cut excess thread', 'put needle and thread away']",Cut excess thread,0,0, A
5,46.15384615384615,"['Drive to fabric store', 'Get thread', 'Thread a needle.', 'Knot the ends of the thread together.', 'Cut excess thread']","['Get needle', 'With needle and thread push needle through cloth and through button hole']",With needle and thread push needle through cloth and through button hole,1,0, A
0,0.0,[],"['Tie off the thread on the underside of the garment', 'Get the sewing kit.']",Get the sewing kit.,1,0, A
1,11.538461538461538,['Get the sewing kit.'],"['Tie another knot at the end of the thread.', 'Get a needle']",Get a needle,1,0, A
2,19.230769230769237,"['Get the sewing kit.', 'Get a needle']","['With needle and thread push needle through cloth and through button hole', 'Get the proper colored thread']",Get the proper colored thread,1,0, A
3,34.61538461538461,"['Get the sewing kit.', 'Get a needle', 'Get the proper colored thread']","['Cut the excess thread', 'threading the needle']",threading the needle,1,0, A
4,46.15384615384615,"['Get the sewing kit.', 'Get a needle', 'Get the proper colored thread', 'threading the needle']","['Get extra button', 'Put thread through buttonhole']",Put thread through buttonhole,1,0, A
5,53.84615384615385,"['Get the sewing kit.', 'Get a needle', 'Get the proper colored thread', 'threading the needle', 'Put thread through buttonhole']","['Pull thread through and secure button', 'find button']",Pull thread through and secure button,0,0, A
6,80.76923076923077,"['Get the sewing kit.', 'Get a needle', 'Get the proper colored thread', 'threading the needle', 'Put thread through buttonhole', 'Pull thread through and secure button']","['Cut length of thread', 'knot thread']",knot thread,1,0, A
7,84.61538461538461,"['Get the sewing kit.', 'Get a needle', 'Get the proper colored thread', 'threading the needle', 'Put thread through buttonhole', 'Pull thread through and secure button', 'knot thread']","['Snip excess thread off', 'take the button']",Snip excess thread off,0,0, A
0,0.0,[],"['Thread the needle, double it up and tie a knot at the end', 'Drive to fabric store']",Drive to fabric store,1,0, A
1,19.230769230769237,['Drive to fabric store'],"['Get the thread', 'Tie the thread round in between the garment and button']",Get the thread,0,0, A
2,34.61538461538461,"['Drive to fabric store', 'Get the thread']","['Tie off finishing knot', 'Thread a needle with thread that matches shirt that needs a new button.']",Thread a needle with thread that matches shirt that needs a new button.,1,0, A
3,38.46153846153847,"['Drive to fabric store', 'Get the thread', 'Thread a needle with thread that matches shirt that needs a new button.']","['Tie off your thread.', 'Tie knot in thread']",Tie knot in thread,1,0, A
4,42.30769230769231,"['Drive to fabric store', 'Get the thread', 'Thread a needle with thread that matches shirt that needs a new button.', 'Tie knot in thread']","['Secure the button with a knot', 'Cut thread string to how much is needed']",Cut thread string to how much is needed,1,0, A
5,46.15384615384615,"['Drive to fabric store', 'Get the thread', 'Thread a needle with thread that matches shirt that needs a new button.', 'Tie knot in thread', 'Cut thread string to how much is needed']","['Sew the button onto the garment by passing the needle through all 4 button holes.', 'Find thread that matches']",Sew the button onto the garment by passing the needle through all 4 button holes.,0,0, A
6,61.53846153846154,"['Drive to fabric store', 'Get the thread', 'Thread a needle with thread that matches shirt that needs a new button.', 'Tie knot in thread', 'Cut thread string to how much is needed', 'Sew the button onto the garment by passing the needle through all 4 button holes.']","['Insert needle through one side of button', 'Take out sewing kit']",Insert needle through one side of button,0,0, A
7,80.76923076923077,"['Drive to fabric store', 'Get the thread', 'Thread a needle with thread that matches shirt that needs a new button.', 'Tie knot in thread', 'Cut thread string to how much is needed', 'Sew the button onto the garment by passing the needle through all 4 button holes.', 'Insert needle through one side of button']","['knot thread', 'Thread needle.']",knot thread,0,0, A
8,88.46153846153845,"['Drive to fabric store', 'Get the thread', 'Thread a needle with thread that matches shirt that needs a new button.', 'Tie knot in thread', 'Cut thread string to how much is needed', 'Sew the button onto the garment by passing the needle through all 4 button holes.', 'Insert needle through one side of button', 'knot thread']","['Get proper button', 'put sewing kit away']",put sewing kit away,1,0, A
9,92.3076923076923,"['Drive to fabric store', 'Get the thread', 'Thread a needle with thread that matches shirt that needs a new button.', 'Tie knot in thread', 'Cut thread string to how much is needed', 'Sew the button onto the garment by passing the needle through all 4 button holes.', 'Insert needle through one side of button', 'knot thread', 'put sewing kit away']","['Put the thread through the button and start threading', 'Check if the button is tight']",Check if the button is tight,1,0, A
0,0.0,[],"['thread needle', 'Drive to fabric store']",Drive to fabric store,1,0, A
1,19.230769230769237,['Drive to fabric store'],"['Push the needle through the garment into the button', 'Find thread that matches']",Find thread that matches,1,0, A
2,26.923076923076923,"['Drive to fabric store', 'Find thread that matches']","['Take shirt', 'Thread the opposite diagonal hole with the needle and tighten the string']",Take shirt,0,0, A
3,30.76923076923077,"['Drive to fabric store', 'Find thread that matches', 'Take shirt']","['Take out the needle', 'attach button to shirt']",attach button to shirt,1,0, A
4,46.15384615384615,"['Drive to fabric store', 'Find thread that matches', 'Take shirt', 'attach button to shirt']","['Push needle under material to next hole', 'Pass needle through shirt and button holes']",Pass needle through shirt and button holes,1,0, A
5,61.53846153846154,"['Drive to fabric store', 'Find thread that matches', 'Take shirt', 'attach button to shirt', 'Pass needle through shirt and button holes']","['Sew button onto fabric through the first hole', 'Take out sewing kit.']",Sew button onto fabric through the first hole,0,0, A
6,76.92307692307693,"['Drive to fabric store', 'Find thread that matches', 'Take shirt', 'attach button to shirt', 'Pass needle through shirt and button holes', 'Sew button onto fabric through the first hole']","['Repeat 4 or 5 times', 'place button on cloth where it needs to go']",Repeat 4 or 5 times,0,0, A
7,80.76923076923077,"['Drive to fabric store', 'Find thread that matches', 'Take shirt', 'attach button to shirt', 'Pass needle through shirt and button holes', 'Sew button onto fabric through the first hole', 'Repeat 4 or 5 times']","['Place button on clothing', 'Tie thread at end']",Tie thread at end,1,0, A
0,0.0,[],"['Put everything away.', 'Drive to fabric store']",Drive to fabric store,1,0, A
1,19.230769230769237,['Drive to fabric store'],"[""TIE A KNOT IN THE END OF THE THREAD SO THE BUTTON DOESN'T COME OFF"", 'Choose thread to sew button on with.']",Choose thread to sew button on with.,1,0, A
2,34.61538461538461,"['Drive to fabric store', 'Choose thread to sew button on with.']","['Repeat several times until button is secure', 'Thread needle']",Thread needle,1,0, A
3,61.53846153846154,"['Drive to fabric store', 'Choose thread to sew button on with.', 'Thread needle']","['Push needle through hole', 'Find some thread and needle']",Push needle through hole,0,0, A
4,76.92307692307693,"['Drive to fabric store', 'Choose thread to sew button on with.', 'Thread needle', 'Push needle through hole']","['Keep repeating the sewing to reinforce the strength', 'Thread needle.']",Keep repeating the sewing to reinforce the strength,0,0, A
5,84.61538461538461,"['Drive to fabric store', 'Choose thread to sew button on with.', 'Thread needle', 'Push needle through hole', 'Keep repeating the sewing to reinforce the strength']","['Cut off any excess thread.', 'Cut away old strings']",Cut off any excess thread.,0,0, A
0,0.0,[],"['Drive to fabric store', 'Place button where you want it to go']",Drive to fabric store,0,0, A
1,19.230769230769237,['Drive to fabric store'],"['getting out thread', 'Tie knot.']",getting out thread,0,0, A
2,26.923076923076923,"['Drive to fabric store', 'getting out thread']","['Place needle through clothing.', 'get item to be sewn']",get item to be sewn,1,0, A
3,50.0,"['Drive to fabric store', 'getting out thread', 'get item to be sewn']","['Continue sewing in an X pattern until the button is secure.', 'Push the needle through the fabric']",Push the needle through the fabric,1,0, A
4,80.76923076923077,"['Drive to fabric store', 'getting out thread', 'get item to be sewn', 'Push the needle through the fabric']","['Get sewing kit', 'When button is securely in place tie knot in thread at back of garment']",When button is securely in place tie knot in thread at back of garment,1,0, A
0,0.0,[],"['repeat steps 4-5 until button is secured to shirt', 'Get supplies - shirt, new button, thread, needle']","Get supplies - shirt, new button, thread, needle",1,0, A
1,30.76923076923077,"['Get supplies - shirt, new button, thread, needle']","['Place button where desired', 'Push needle under material to next hole']",Place button where desired,0,0, A
2,46.15384615384615,"['Get supplies - shirt, new button, thread, needle', 'Place button where desired']","['Get thread.', 'Sew through holes or shank in button.']",Sew through holes or shank in button.,1,0, A
3,84.61538461538461,"['Get supplies - shirt, new button, thread, needle', 'Place button where desired', 'Sew through holes or shank in button.']","['Insert the thread into the needle hole', 'Cut loose ends']",Cut loose ends,1,0, A
4,88.46153846153845,"['Get supplies - shirt, new button, thread, needle', 'Place button where desired', 'Sew through holes or shank in button.', 'Cut loose ends']","['get a new button', 'Put needle away']",Put needle away,1,0, A
5,92.3076923076923,"['Get supplies - shirt, new button, thread, needle', 'Place button where desired', 'Sew through holes or shank in button.', 'Cut loose ends', 'Put needle away']","['Check the button', 'Thread the needle']",Check the button,0,0, A
0,0.0,[],"['Get a thimble', 'Sew on button']",Get a thimble,0,0, A
1,30.76923076923077,['Get a thimble'],"['Position button on shirt', 'put needle into adjoining hole']",Position button on shirt,0,0, A
2,53.84615384615385,"['Get a thimble', 'Position button on shirt']","['Take a matching button', 'Pull the needle through a hole in the button, then back into the fabric']","Pull the needle through a hole in the button, then back into the fabric",1,0, A
3,61.53846153846154,"['Get a thimble', 'Position button on shirt', 'Pull the needle through a hole in the button, then back into the fabric']","['Get your sewing kit', 'Holding button at appropriate location, press needle through first hole on button.']","Holding button at appropriate location, press needle through first hole on button.",1,0, A
4,80.76923076923077,"['Get a thimble', 'Position button on shirt', 'Pull the needle through a hole in the button, then back into the fabric', 'Holding button at appropriate location, press needle through first hole on button.']","['Get needle', 'Tie off thread']",Tie off thread,1,0, A
0,0.0,[],"['Find sewing kit.', 'Place button on clothing']",Find sewing kit.,0,0, A
1,23.07692307692308,['Find sewing kit.'],"['Get button', 'Repeat to make loop and knot it.']",Get button,0,0, A
2,30.76923076923077,"['Find sewing kit.', 'Get button']","['Place button onto item of clothing', 'Place needle through clothing.']",Place button onto item of clothing,0,0, A
3,34.61538461538461,"['Find sewing kit.', 'Get button', 'Place button onto item of clothing']","['Put thread in needle', 'Push needle down through other button on hole']",Put thread in needle,0,0, A
4,53.84615384615385,"['Find sewing kit.', 'Get button', 'Place button onto item of clothing', 'Put thread in needle']","['pass needle through needle hole in button', 'Check if the button is tight']",pass needle through needle hole in button,0,0, A
5,84.61538461538461,"['Find sewing kit.', 'Get button', 'Place button onto item of clothing', 'Put thread in needle', 'pass needle through needle hole in button']","['Cut loose ends.', 'Put thread in it']",Cut loose ends.,0,0, A
0,0.0,[],"['Continue until the button is on tight', 'Get out needle, thread, button, and clothing item.']","Get out needle, thread, button, and clothing item.",1,0, A
1,30.76923076923077,"['Get out needle, thread, button, and clothing item.']","['Get sewing kit', 'Mark on clothing where button is to go']",Mark on clothing where button is to go,1,0, A
2,53.84615384615385,"['Get out needle, thread, button, and clothing item.', 'Mark on clothing where button is to go']","['pull thread forward', 'Find a button']",pull thread forward,0,0, A
3,84.61538461538461,"['Get out needle, thread, button, and clothing item.', 'Mark on clothing where button is to go', 'pull thread forward']","['cut the thread when finished', 'Tie thread to needle']",cut the thread when finished,0,0, A
0,0.0,[],"['Gather supplies', 'Snip excess thread off']",Gather supplies,0,0, A
1,26.923076923076923,['Gather supplies'],"['Hold shirt with non-dominant hand', 'Put the needle thorough the back of the button hole.']",Hold shirt with non-dominant hand,0,0, A
2,30.76923076923077,"['Gather supplies', 'Hold shirt with non-dominant hand']","['Put button on shirt.', 'Get back the needle through the fourth button hole']",Put button on shirt.,0,0, A
3,61.53846153846154,"['Gather supplies', 'Hold shirt with non-dominant hand', 'Put button on shirt.']","['Push needle through hole', 'Cut thread']",Push needle through hole,0,0, A
4,76.92307692307693,"['Gather supplies', 'Hold shirt with non-dominant hand', 'Put button on shirt.', 'Push needle through hole']","['Continue repeating pushing up and pushing thread back down', 'Find replacement button.']",Continue repeating pushing up and pushing thread back down,0,0, A
0,0.0,[],"['Put button in the right area', 'Drive to fabric store']",Drive to fabric store,1,0, A
1,19.230769230769237,['Drive to fabric store'],"['Find thread that matches', ""TIE A KNOT IN THE END OF THE THREAD SO THE BUTTON DOESN'T COME OFF""]",Find thread that matches,0,0, A
2,23.07692307692308,"['Drive to fabric store', 'Find thread that matches']","['Sew button onto item', 'Find a button']",Find a button,1,0, A
3,38.46153846153847,"['Drive to fabric store', 'Find thread that matches', 'Find a button']","['Cut off remaining thread', 'Tie a knot at the end of thread']",Tie a knot at the end of thread,1,0, A
4,46.15384615384615,"['Drive to fabric store', 'Find thread that matches', 'Find a button', 'Tie a knot at the end of thread']","['Get the needle', 'Start sewing']",Start sewing,1,0, A
0,0.0,[],"['Sew through holes or shank in button.', 'Get out needle, thread, button, and clothing item.']","Get out needle, thread, button, and clothing item.",1,0, A
1,26.923076923076923,"['Get out needle, thread, button, and clothing item.']","['Lay down garment', 'Poke a hole in the fabric']",Lay down garment,0,0, A
2,34.61538461538461,"['Get out needle, thread, button, and clothing item.', 'Lay down garment']","['Fix the thread in the needle', 'Place needle through clothing.']",Fix the thread in the needle,0,0, A
3,61.53846153846154,"['Get out needle, thread, button, and clothing item.', 'Lay down garment', 'Fix the thread in the needle']","['Sew button onto fabric through the first hole', 'Get needle.']",Sew button onto fabric through the first hole,0,0, A
4,65.38461538461539,"['Get out needle, thread, button, and clothing item.', 'Lay down garment', 'Fix the thread in the needle', 'Sew button onto fabric through the first hole']","['find the needle', 'Bring the needle up through another hole on button.']",Bring the needle up through another hole on button.,1,0, A
5,69.23076923076923,"['Get out needle, thread, button, and clothing item.', 'Lay down garment', 'Fix the thread in the needle', 'Sew button onto fabric through the first hole', 'Bring the needle up through another hole on button.']","['Move needle down to hole opposite first hole', 'Put thread through button']",Move needle down to hole opposite first hole,0,0, A
0,0.0,[],"['Get your sewing kit', 'get item to be sewn']",Get your sewing kit,0,0, A
1,34.61538461538461,['Get your sewing kit'],"['Cut the needle off of the thread.', 'Thread needle.']",Thread needle.,1,0, A
2,46.15384615384615,"['Get your sewing kit', 'Thread needle.']","['Get the needle', 'moving the needle in and out of the fabric']",moving the needle in and out of the fabric,1,0, A
3,50.0,"['Get your sewing kit', 'Thread needle.', 'moving the needle in and out of the fabric']","['Get the sewing kit.', 'Push the needle through the fabric']",Push the needle through the fabric,1,0, A
4,65.38461538461539,"['Get your sewing kit', 'Thread needle.', 'moving the needle in and out of the fabric', 'Push the needle through the fabric']","['Place button in desired position', 'Slide button onto needle and thread.']",Slide button onto needle and thread.,1,0, A
5,69.23076923076923,"['Get your sewing kit', 'Thread needle.', 'moving the needle in and out of the fabric', 'Push the needle through the fabric', 'Slide button onto needle and thread.']","['Sew button through third hole', 'Get a needle and thread.']",Sew button through third hole,0,0, A
6,73.07692307692307,"['Get your sewing kit', 'Thread needle.', 'moving the needle in and out of the fabric', 'Push the needle through the fabric', 'Slide button onto needle and thread.', 'Sew button through third hole']","['Pull through other side.', 'thread the needle']",Pull through other side.,0,0, A
7,80.76923076923077,"['Get your sewing kit', 'Thread needle.', 'moving the needle in and out of the fabric', 'Push the needle through the fabric', 'Slide button onto needle and thread.', 'Sew button through third hole', 'Pull through other side.']","['Tie knot', 'Knot thread']",Knot thread,1,0, A
8,84.61538461538461,"['Get your sewing kit', 'Thread needle.', 'moving the needle in and out of the fabric', 'Push the needle through the fabric', 'Slide button onto needle and thread.', 'Sew button through third hole', 'Pull through other side.', 'Knot thread']","['Cut off excess thread', 'Get the button.']",Cut off excess thread,0,0, A
9,88.46153846153845,"['Get your sewing kit', 'Thread needle.', 'moving the needle in and out of the fabric', 'Push the needle through the fabric', 'Slide button onto needle and thread.', 'Sew button through third hole', 'Pull through other side.', 'Knot thread', 'Cut off excess thread']","['putting the button on the fabric', 'Clean up.']",Clean up.,1,0, A
10,92.3076923076923,"['Get your sewing kit', 'Thread needle.', 'moving the needle in and out of the fabric', 'Push the needle through the fabric', 'Slide button onto needle and thread.', 'Sew button through third hole', 'Pull through other side.', 'Knot thread', 'Cut off excess thread', 'Clean up.']","['Check new button', 'Get the garment']",Check new button,0,0, A
0,0.0,[],"['Push the needle through one button hole and back out another hole', 'Drive to fabric store']",Drive to fabric store,1,0, A
1,19.230769230769237,['Drive to fabric store'],"['Repeat for remaining holes', 'Find thread color to match button or item requiring the button']",Find thread color to match button or item requiring the button,1,0, A
2,30.76923076923077,"['Drive to fabric store', 'Find thread color to match button or item requiring the button']","['Sew button through second hole', 'putting the button on the fabric']",putting the button on the fabric,1,0, A
3,53.84615384615385,"['Drive to fabric store', 'Find thread color to match button or item requiring the button', 'putting the button on the fabric']","['Place needle through button eyelets.', 'Grab the fabric and button']",Place needle through button eyelets.,0,0, A
0,0.0,[],"['Drive to fabric store', 'Cut excess thread']",Drive to fabric store,0,0, A
1,19.230769230769237,['Drive to fabric store'],"['Repeat several times until button is secure', 'Get thread.']",Get thread.,1,0, A
2,34.61538461538461,"['Drive to fabric store', 'Get thread.']","['Cut off excess thread', 'Thread needle.']",Thread needle.,1,0, A
3,38.46153846153847,"['Drive to fabric store', 'Get thread.', 'Thread needle.']","['Knot the end to make it stay', 'Repeat for remaining holes']",Knot the end to make it stay,0,0, A
4,50.0,"['Drive to fabric store', 'Get thread.', 'Thread needle.', 'Knot the end to make it stay']","['Find some thread', 'insert needle through cloth']",insert needle through cloth,1,0, A
5,53.84615384615385,"['Drive to fabric store', 'Get thread.', 'Thread needle.', 'Knot the end to make it stay', 'insert needle through cloth']","['Return the needle through the fabric and through a different button hole', 'Find a button']",Return the needle through the fabric and through a different button hole,0,0, A
6,76.92307692307693,"['Drive to fabric store', 'Get thread.', 'Thread needle.', 'Knot the end to make it stay', 'insert needle through cloth', 'Return the needle through the fabric and through a different button hole']","['Thread needle', 'Continue sewing.']",Continue sewing.,1,0, A
7,84.61538461538461,"['Drive to fabric store', 'Get thread.', 'Thread needle.', 'Knot the end to make it stay', 'insert needle through cloth', 'Return the needle through the fabric and through a different button hole', 'Continue sewing.']","['grab a needle and string', 'cut thread so that need will detach']",cut thread so that need will detach,1,0, A
0,0.0,[],"['Get out needle, thread, button, and clothing item.', 'Repeat for remaining holes']","Get out needle, thread, button, and clothing item.",0,0, A
1,26.923076923076923,"['Get out needle, thread, button, and clothing item.']","['tie thread at the end', 'Find shirt']",Find shirt,1,0, A
2,34.61538461538461,"['Get out needle, thread, button, and clothing item.', 'Find shirt']","['Cut off excess thread', 'Put thread through a needle.']",Put thread through a needle.,1,0, A
3,88.46153846153845,"['Get out needle, thread, button, and clothing item.', 'Find shirt', 'Put thread through a needle.']","['Prepare garment for sewing', 'Put everything away.']",Put everything away.,1,0, A
0,0.0,[],"['Get supplies - shirt, new button, thread, needle', 'Sew the button through the button holes onto the shirt']","Get supplies - shirt, new button, thread, needle",0,0, A
1,15.384615384615383,"['Get supplies - shirt, new button, thread, needle']","['Make a knot', 'Select thread of correct color']",Select thread of correct color,1,0, A
2,30.76923076923077,"['Get supplies - shirt, new button, thread, needle', 'Select thread of correct color']","[""TIE A KNOT IN THE END OF THE THREAD SO THE BUTTON DOESN'T COME OFF"", 'Place button where desired']",Place button where desired,1,0, A
3,46.15384615384615,"['Get supplies - shirt, new button, thread, needle', 'Select thread of correct color', 'Place button where desired']","['Sew on the button.', 'Find replacement button.']",Sew on the button.,0,0, A
4,53.84615384615385,"['Get supplies - shirt, new button, thread, needle', 'Select thread of correct color', 'Place button where desired', 'Sew on the button.']","['Get button', 'Pull through other end']",Pull through other end,1,0, A
5,80.76923076923077,"['Get supplies - shirt, new button, thread, needle', 'Select thread of correct color', 'Place button where desired', 'Sew on the button.', 'Pull through other end']","['Get clothes', 'tug to make sure it is secure']",tug to make sure it is secure,1,0, A
0,0.0,[],"['Get button, thread, needle and scissors', 'Pull needle and thread']","Get button, thread, needle and scissors",0,0, A
1,26.923076923076923,"['Get button, thread, needle and scissors']","['Tie off thread', 'grab object the button is being sewed']",grab object the button is being sewed,1,0, A
2,34.61538461538461,"['Get button, thread, needle and scissors', 'grab object the button is being sewed']","['Tie off the thread', 'Thread needle with some thread.']",Thread needle with some thread.,1,0, A
3,50.0,"['Get button, thread, needle and scissors', 'grab object the button is being sewed', 'Thread needle with some thread.']","['grab a needle', 'Push needle through button and fabric.']",Push needle through button and fabric.,1,0, A
4,53.84615384615385,"['Get button, thread, needle and scissors', 'grab object the button is being sewed', 'Thread needle with some thread.', 'Push needle through button and fabric.']","['Place button close to clothing.', 'Find button replacement']",Place button close to clothing.,0,0, A
5,57.692307692307686,"['Get button, thread, needle and scissors', 'grab object the button is being sewed', 'Thread needle with some thread.', 'Push needle through button and fabric.', 'Place button close to clothing.']","['Use scissors to cut thread', 'Insert the needle back into the garment from the top of the button']",Insert the needle back into the garment from the top of the button,1,0, A
6,61.53846153846154,"['Get button, thread, needle and scissors', 'grab object the button is being sewed', 'Thread needle with some thread.', 'Push needle through button and fabric.', 'Place button close to clothing.', 'Insert the needle back into the garment from the top of the button']","['Put needle into one button hole through shirt.', 'Ending again in the back of the garment cut off the thread.']",Put needle into one button hole through shirt.,0,0, A
7,76.92307692307693,"['Get button, thread, needle and scissors', 'grab object the button is being sewed', 'Thread needle with some thread.', 'Push needle through button and fabric.', 'Place button close to clothing.', 'Insert the needle back into the garment from the top of the button', 'Put needle into one button hole through shirt.']","['Continue until the button is on tight', 'Cut thread string to how much is needed']",Continue until the button is on tight,0,0, A
0,0.0,[],"['Get out sewing kit.', 'Repeat procedure until button is secure']",Get out sewing kit.,0,0, A
1,23.07692307692308,['Get out sewing kit.'],"['knot thread', 'Get the button.']",Get the button.,1,0, A
2,30.76923076923077,"['Get out sewing kit.', 'Get the button.']","['put sewing kit away', 'Find the location where button needs to be sewn.']",Find the location where button needs to be sewn.,1,0, A
3,34.61538461538461,"['Get out sewing kit.', 'Get the button.', 'Find the location where button needs to be sewn.']","['attach string to needle', 'Push needle under material to next hole']",attach string to needle,0,0, A
4,46.15384615384615,"['Get out sewing kit.', 'Get the button.', 'Find the location where button needs to be sewn.', 'attach string to needle']","['Select needle', 'use needle and thread to sew button onto shirt']",use needle and thread to sew button onto shirt,1,0, A
5,88.46153846153845,"['Get out sewing kit.', 'Get the button.', 'Find the location where button needs to be sewn.', 'attach string to needle', 'use needle and thread to sew button onto shirt']","['measure and cut length of thread', 'put the supplies away']",put the supplies away,1,0, A
0,0.0,[],"['Pull til it stops at the knot, push through fabric and another button hole', 'Get scissors, needle, button and thread']","Get scissors, needle, button and thread",1,0, A
1,30.76923076923077,"['Get scissors, needle, button and thread']","['Get back the needle through the third button hole', 'Place button onto item of clothing']",Place button onto item of clothing,1,0, A
2,42.30769230769231,"['Get scissors, needle, button and thread', 'Place button onto item of clothing']","['Get thread', 'Cut about 16 inches worth of thread.']",Cut about 16 inches worth of thread.,1,0, A
3,61.53846153846154,"['Get scissors, needle, button and thread', 'Place button onto item of clothing', 'Cut about 16 inches worth of thread.']","['Put needle into one button hole through shirt.', 'Cut the thread']",Put needle into one button hole through shirt.,0,0, A
4,65.38461538461539,"['Get scissors, needle, button and thread', 'Place button onto item of clothing', 'Cut about 16 inches worth of thread.', 'Put needle into one button hole through shirt.']","['slide thread through hole', 'Slide button onto needle and thread.']",Slide button onto needle and thread.,1,0, A
5,76.92307692307693,"['Get scissors, needle, button and thread', 'Place button onto item of clothing', 'Cut about 16 inches worth of thread.', 'Put needle into one button hole through shirt.', 'Slide button onto needle and thread.']","['Push thread through needle and tie in a knot', 'Repeat 5 times with other two button holes']",Repeat 5 times with other two button holes,1,0, A
0,0.0,[],"['Get a thimble', 'Continue until the button is on tight']",Get a thimble,0,0, A
1,26.923076923076923,['Get a thimble'],"['Cut off the extra thread', 'Lay down garment']",Lay down garment,1,0, A
2,34.61538461538461,"['Get a thimble', 'Lay down garment']","['Sew button through fourth and final hole', 'Thread needle.']",Thread needle.,1,0, A
3,88.46153846153845,"['Get a thimble', 'Lay down garment', 'Thread needle.']","['put the supplies away', 'Get a needle']",put the supplies away,0,0, A
4,92.3076923076923,"['Get a thimble', 'Lay down garment', 'Thread needle.', 'put the supplies away']","['Check the button', 'Make a knot at end']",Check the button,0,0, A
0,0.0,[],"['Push needle under material to next hole', 'Get sewing kit']",Get sewing kit,1,0, A
1,7.6923076923076925,['Get sewing kit'],"['Tie knot with thread', 'Get thread and needle']",Get thread and needle,1,0, A
2,23.07692307692308,"['Get sewing kit', 'Get thread and needle']","['Continue repeating pushing up and pushing thread back down', 'Find similar button']",Find similar button,1,0, A
3,38.46153846153847,"['Get sewing kit', 'Get thread and needle', 'Find similar button']","['tie knot at end of thread', 'Cut thread from spindle']",tie knot at end of thread,0,0, A
4,42.30769230769231,"['Get sewing kit', 'Get thread and needle', 'Find similar button', 'tie knot at end of thread']","['Cut away any loose threads.', 'Knot thread']",Cut away any loose threads.,0,0, A
5,46.15384615384615,"['Get sewing kit', 'Get thread and needle', 'Find similar button', 'tie knot at end of thread', 'Cut away any loose threads.']","['make few passes', 'Get back the needle through the third button hole']",make few passes,0,0, A
6,61.53846153846154,"['Get sewing kit', 'Get thread and needle', 'Find similar button', 'tie knot at end of thread', 'Cut away any loose threads.', 'make few passes']","['Ending again in the back of the garment cut off the thread.', 'push the needle through the button']",push the needle through the button,1,0, A
7,65.38461538461539,"['Get sewing kit', 'Get thread and needle', 'Find similar button', 'tie knot at end of thread', 'Cut away any loose threads.', 'make few passes', 'push the needle through the button']","['Gather supplies', 'Then push needle through material']",Then push needle through material,1,0, A
8,76.92307692307693,"['Get sewing kit', 'Get thread and needle', 'Find similar button', 'tie knot at end of thread', 'Cut away any loose threads.', 'make few passes', 'push the needle through the button', 'Then push needle through material']","['Cut excess thread', 'Continue repeating pushing up and pushing thread back down']",Continue repeating pushing up and pushing thread back down,1,0, A
0,0.0,[],"['Get supplies - shirt, new button, thread, needle', 'Cut loose ends.']","Get supplies - shirt, new button, thread, needle",0,0, A
1,7.6923076923076925,"['Get supplies - shirt, new button, thread, needle']","['Put all the items away', 'Take a needle and required thread']",Take a needle and required thread,1,0, A
2,26.923076923076923,"['Get supplies - shirt, new button, thread, needle', 'Take a needle and required thread']","['Check if the button is tight', 'Get shirt']",Get shirt,1,0, A
3,46.15384615384615,"['Get supplies - shirt, new button, thread, needle', 'Take a needle and required thread', 'Get shirt']","['Get the button.', 'use needle and thread to sew button onto shirt']",use needle and thread to sew button onto shirt,1,0, A
4,53.84615384615385,"['Get supplies - shirt, new button, thread, needle', 'Take a needle and required thread', 'Get shirt', 'use needle and thread to sew button onto shirt']","['Pull the needle through a hole in the button, then back into the fabric', 'Take out sewing kit.']","Pull the needle through a hole in the button, then back into the fabric",0,0, A
5,80.76923076923077,"['Get supplies - shirt, new button, thread, needle', 'Take a needle and required thread', 'Get shirt', 'use needle and thread to sew button onto shirt', 'Pull the needle through a hole in the button, then back into the fabric']","['Pull through', 'tug to make sure it is secure']",tug to make sure it is secure,1,0, A
6,88.46153846153845,"['Get supplies - shirt, new button, thread, needle', 'Take a needle and required thread', 'Get shirt', 'use needle and thread to sew button onto shirt', 'Pull the needle through a hole in the button, then back into the fabric', 'tug to make sure it is secure']","['Find thread', 'put the supplies away']",put the supplies away,1,0, A
7,92.3076923076923,"['Get supplies - shirt, new button, thread, needle', 'Take a needle and required thread', 'Get shirt', 'use needle and thread to sew button onto shirt', 'Pull the needle through a hole in the button, then back into the fabric', 'tug to make sure it is secure', 'put the supplies away']","['Find similar button', 'MAKE SURE BUTTON IS SECURE']",MAKE SURE BUTTON IS SECURE,1,0, A
0,0.0,[],"['Drive to fabric store', 'Push the needle through one button hole and back out another hole']",Drive to fabric store,0,0, A
1,19.230769230769237,['Drive to fabric store'],"['Cut the thread near the needle to finish', 'Get thread.']",Get thread.,1,0, A
2,34.61538461538461,"['Drive to fabric store', 'Get thread.']","['Poke needle through opposite hole', 'Place the thread through the needle']",Place the thread through the needle,1,0, A
3,50.0,"['Drive to fabric store', 'Get thread.', 'Place the thread through the needle']","['Find a needle and thread', 'push the needle through the fabric']",push the needle through the fabric,1,0, A
4,53.84615384615385,"['Drive to fabric store', 'Get thread.', 'Place the thread through the needle', 'push the needle through the fabric']","['pull thread forward', 'Find button to be sewn']",pull thread forward,0,0, A
5,76.92307692307693,"['Drive to fabric store', 'Get thread.', 'Place the thread through the needle', 'push the needle through the fabric', 'pull thread forward']","[""Make 4 x's in button."", 'Thread the needle.']",Make 4 x's in button.,0,0, A
6,84.61538461538461,"['Drive to fabric store', 'Get thread.', 'Place the thread through the needle', 'push the needle through the fabric', 'pull thread forward', ""Make 4 x's in button.""]","['find a button', 'Cut the needle off of the thread.']",Cut the needle off of the thread.,1,0, A
0,0.0,[],"['Tie off thread', 'Drive to fabric store']",Drive to fabric store,1,0, A
1,19.230769230769237,['Drive to fabric store'],"['Cut thread', 'Get thread']",Get thread,1,0, A
2,30.76923076923077,"['Drive to fabric store', 'Get thread']","['Repeat step 8 until button is sewn on', 'Align the button on the correct place on the cloth']",Align the button on the correct place on the cloth,1,0, A
3,61.53846153846154,"['Drive to fabric store', 'Get thread', 'Align the button on the correct place on the cloth']","['Holding button at appropriate location, press needle through first hole on button.', 'Take shirt']","Holding button at appropriate location, press needle through first hole on button.",0,0, A
4,76.92307692307693,"['Drive to fabric store', 'Get thread', 'Align the button on the correct place on the cloth', 'Holding button at appropriate location, press needle through first hole on button.']","[""Repeat until it's stable"", 'Get a button to match']",Repeat until it's stable,0,0, A
5,80.76923076923077,"['Drive to fabric store', 'Get thread', 'Align the button on the correct place on the cloth', 'Holding button at appropriate location, press needle through first hole on button.', ""Repeat until it's stable""]","['knot thread', 'Find similar color thread to use.']",knot thread,0,0, A
6,84.61538461538461,"['Drive to fabric store', 'Get thread', 'Align the button on the correct place on the cloth', 'Holding button at appropriate location, press needle through first hole on button.', ""Repeat until it's stable"", 'knot thread']","['Cut off excess thread', 'thread a needle']",Cut off excess thread,0,0, A
7,88.46153846153845,"['Drive to fabric store', 'Get thread', 'Align the button on the correct place on the cloth', 'Holding button at appropriate location, press needle through first hole on button.', ""Repeat until it's stable"", 'knot thread', 'Cut off excess thread']","['Align the button on the correct place on the cloth', 'Put everything away.']",Put everything away.,1,0, A
8,92.3076923076923,"['Drive to fabric store', 'Get thread', 'Align the button on the correct place on the cloth', 'Holding button at appropriate location, press needle through first hole on button.', ""Repeat until it's stable"", 'knot thread', 'Cut off excess thread', 'Put everything away.']","['Grab thread and needle', 'Check if the button is tight']",Check if the button is tight,1,0, A
0,0.0,[],"['Find sewing kit', 'push the needle through the button']",Find sewing kit,0,0, A
1,23.07692307692308,['Find sewing kit'],"['Find a suitable button', 'repeat 6 more times']",Find a suitable button,0,0, A
2,30.76923076923077,"['Find sewing kit', 'Find a suitable button']","['Repeat steps 4 through 6 about 30 times', 'Put button in the right area']",Put button in the right area,1,0, A
3,61.53846153846154,"['Find sewing kit', 'Find a suitable button', 'Put button in the right area']","['Find similar color thread to use.', 'Pass the needle through one of the button holes']",Pass the needle through one of the button holes,1,0, A
4,76.92307692307693,"['Find sewing kit', 'Find a suitable button', 'Put button in the right area', 'Pass the needle through one of the button holes']","['Repeat step 8 until button is sewn on', 'Tie knot in other end of thread']",Repeat step 8 until button is sewn on,0,0, A
0,0.0,[],"['Put needle into one button hole through shirt.', 'Drive to fabric store']",Drive to fabric store,1,0, A
1,19.230769230769237,['Drive to fabric store'],"['take needle bring up through the back of the item', 'Get thread.']",Get thread.,1,0, A
2,30.76923076923077,"['Drive to fabric store', 'Get thread.']","['Put the button up to the garment', 'repeat']",Put the button up to the garment,0,0, A
3,50.0,"['Drive to fabric store', 'Get thread.', 'Put the button up to the garment']","['Push needle through the button hole into the fabric', 'Get a needle']",Push needle through the button hole into the fabric,0,0, A
4,76.92307692307693,"['Drive to fabric store', 'Get thread.', 'Put the button up to the garment', 'Push needle through the button hole into the fabric']","['repeat until button is secure', 'Get a shirt.']",repeat until button is secure,0,0, A
0,0.0,[],"['putting the button on the fabric', 'Get out sewing kit']",Get out sewing kit,1,0, A
1,19.230769230769237,['Get out sewing kit'],"['Repeat until sewed on.', 'Find thread that matches']",Find thread that matches,1,0, A
2,34.61538461538461,"['Get out sewing kit', 'Find thread that matches']","['tying a knot with thread', 'Thread the needle']",Thread the needle,1,0, A
3,53.84615384615385,"['Get out sewing kit', 'Find thread that matches', 'Thread the needle']","['Thread the opposite diagonal hole with the needle and tighten the string', 'Find a spare button that matches the other buttons']",Thread the opposite diagonal hole with the needle and tighten the string,0,0, A
4,61.53846153846154,"['Get out sewing kit', 'Find thread that matches', 'Thread the needle', 'Thread the opposite diagonal hole with the needle and tighten the string']","['Holding button at appropriate location, press needle through first hole on button.', 'Get some thread.']","Holding button at appropriate location, press needle through first hole on button.",0,0, A
5,80.76923076923077,"['Get out sewing kit', 'Find thread that matches', 'Thread the needle', 'Thread the opposite diagonal hole with the needle and tighten the string', 'Holding button at appropriate location, press needle through first hole on button.']","['Get some thread', 'tie off thread']",tie off thread,1,0, A
6,84.61538461538461,"['Get out sewing kit', 'Find thread that matches', 'Thread the needle', 'Thread the opposite diagonal hole with the needle and tighten the string', 'Holding button at appropriate location, press needle through first hole on button.', 'tie off thread']","['cut the thread', 'Get out sewing kit.']",cut the thread,0,0, A
0,0.0,[],"['Find sewing kit.', 'Find a piece of clothing.']",Find sewing kit.,0,0, A
1,11.538461538461538,['Find sewing kit.'],"['Cut about 16 inches worth of thread.', 'Get needle.']",Get needle.,1,0, A
2,15.384615384615383,"['Find sewing kit.', 'Get needle.']","['Find right color string', 'Repeat for remaining holes']",Find right color string,0,0, A
3,19.230769230769237,"['Find sewing kit.', 'Get needle.', 'Find right color string']","['Find similar color thread to use.', 'Use scissors to cut thread']",Find similar color thread to use.,0,0, A
4,23.07692307692308,"['Find sewing kit.', 'Get needle.', 'Find right color string', 'Find similar color thread to use.']","['Pull through', 'Find button to be sewn']",Find button to be sewn,1,0, A
5,26.923076923076923,"['Find sewing kit.', 'Get needle.', 'Find right color string', 'Find similar color thread to use.', 'Find button to be sewn']","['Repeat the inserting as above for about 10 times', 'Place item on flat surface']",Place item on flat surface,1,0, A
6,30.76923076923077,"['Find sewing kit.', 'Get needle.', 'Find right color string', 'Find similar color thread to use.', 'Find button to be sewn', 'Place item on flat surface']","['Place new button where I want it to go', 'put the supplies away']",Place new button where I want it to go,0,0, A
7,50.0,"['Find sewing kit.', 'Get needle.', 'Find right color string', 'Find similar color thread to use.', 'Find button to be sewn', 'Place item on flat surface', 'Place new button where I want it to go']","['Stick the needle through', 'Find thread and needle.']",Stick the needle through,0,0, A
8,76.92307692307693,"['Find sewing kit.', 'Get needle.', 'Find right color string', 'Find similar color thread to use.', 'Find button to be sewn', 'Place item on flat surface', 'Place new button where I want it to go', 'Stick the needle through']","['Continue until the button is securely on the clothing', 'Put button in the right area']",Continue until the button is securely on the clothing,0,0, A
9,80.76923076923077,"['Find sewing kit.', 'Get needle.', 'Find right color string', 'Find similar color thread to use.', 'Find button to be sewn', 'Place item on flat surface', 'Place new button where I want it to go', 'Stick the needle through', 'Continue until the button is securely on the clothing']","['Get clothing', 'Tie off thread']",Tie off thread,1,0, A
10,84.61538461538461,"['Find sewing kit.', 'Get needle.', 'Find right color string', 'Find similar color thread to use.', 'Find button to be sewn', 'Place item on flat surface', 'Place new button where I want it to go', 'Stick the needle through', 'Continue until the button is securely on the clothing', 'Tie off thread']","['Thread the needle', 'Cut excess thread']",Cut excess thread,1,0, A
11,88.46153846153845,"['Find sewing kit.', 'Get needle.', 'Find right color string', 'Find similar color thread to use.', 'Find button to be sewn', 'Place item on flat surface', 'Place new button where I want it to go', 'Stick the needle through', 'Continue until the button is securely on the clothing', 'Tie off thread', 'Cut excess thread']","['Put away needle and thread', 'Return the needle through the fabric and through a different button hole']",Put away needle and thread,0,0, A
12,92.3076923076923,"['Find sewing kit.', 'Get needle.', 'Find right color string', 'Find similar color thread to use.', 'Find button to be sewn', 'Place item on flat surface', 'Place new button where I want it to go', 'Stick the needle through', 'Continue until the button is securely on the clothing', 'Tie off thread', 'Cut excess thread', 'Put away needle and thread']","['Check if the button is tight', 'Thread the needle']",Check if the button is tight,0,0, A
0,0.0,[],"['Place button where desired', 'Drive to fabric store']",Drive to fabric store,1,0, A
1,19.230769230769237,['Drive to fabric store'],"['Make a knot in fabric with thread behind the button', 'Get thread.']",Get thread.,1,0, A
2,30.76923076923077,"['Drive to fabric store', 'Get thread.']","['Line the button up in the place where the old one would have been', 'Snip excess thread off']",Line the button up in the place where the old one would have been,0,0, A
3,53.84615384615385,"['Drive to fabric store', 'Get thread.', 'Line the button up in the place where the old one would have been']","['Place button close to clothing.', 'Get out sewing kit.']",Place button close to clothing.,0,0, A
4,57.692307692307686,"['Drive to fabric store', 'Get thread.', 'Line the button up in the place where the old one would have been', 'Place button close to clothing.']","['Get button', 'Place needle through clothing.']",Place needle through clothing.,1,0, A
5,61.53846153846154,"['Drive to fabric store', 'Get thread.', 'Line the button up in the place where the old one would have been', 'Place button close to clothing.', 'Place needle through clothing.']","['Pick up shirt missing button.', 'Holding button at appropriate location, press needle through first hole on button.']","Holding button at appropriate location, press needle through first hole on button.",1,0, A
6,80.76923076923077,"['Drive to fabric store', 'Get thread.', 'Line the button up in the place where the old one would have been', 'Place button close to clothing.', 'Place needle through clothing.', 'Holding button at appropriate location, press needle through first hole on button.']","['pull the thread through the eye of needle', 'Tie knot on thread.']",Tie knot on thread.,1,0, A
7,84.61538461538461,"['Drive to fabric store', 'Get thread.', 'Line the button up in the place where the old one would have been', 'Place button close to clothing.', 'Place needle through clothing.', 'Holding button at appropriate location, press needle through first hole on button.', 'Tie knot on thread.']","['Cut off excess thread', 'Thread needle.']",Cut off excess thread,0,0, A
8,88.46153846153845,"['Drive to fabric store', 'Get thread.', 'Line the button up in the place where the old one would have been', 'Place button close to clothing.', 'Place needle through clothing.', 'Holding button at appropriate location, press needle through first hole on button.', 'Tie knot on thread.', 'Cut off excess thread']","['Push needle through hole', 'put sewing kit away']",put sewing kit away,1,0, A
0,0.0,[],"['Gather supplies', 'Make a knot']",Gather supplies,0,0, A
1,15.384615384615383,['Gather supplies'],"['Sew button through third hole', 'Find matching thread']",Find matching thread,1,0, A
2,34.61538461538461,"['Gather supplies', 'Find matching thread']","['Thread needle.', 'Cut thread close to knot.']",Thread needle.,0,0, A
3,88.46153846153845,"['Gather supplies', 'Find matching thread', 'Thread needle.']","['put sewing kit away', 'Cut excess thread']",put sewing kit away,0,0, A
4,92.3076923076923,"['Gather supplies', 'Find matching thread', 'Thread needle.', 'put sewing kit away']","['Sew on', 'Check new button']",Check new button,1,0, A
0,0.0,[],"['Drive to fabric store', 'Put thread in it']",Drive to fabric store,0,0, A
1,19.230769230769237,['Drive to fabric store'],"['get thread', 'Tie off finishing knot']",get thread,0,0, A
2,26.923076923076923,"['Drive to fabric store', 'get thread']","['Get clothing', 'Tie off the end of the thread']",Get clothing,0,0, A
3,50.0,"['Drive to fabric store', 'get thread', 'Get clothing']","['Find a thread', 'Push the needle through the fabric']",Push the needle through the fabric,1,0, A
4,61.53846153846154,"['Drive to fabric store', 'get thread', 'Get clothing', 'Push the needle through the fabric']","['Find a needle', 'Pull thread through']",Pull thread through,1,0, A
5,76.92307692307693,"['Drive to fabric store', 'get thread', 'Get clothing', 'Push the needle through the fabric', 'Pull thread through']","['repeat until button is secure', 'Find right color string']",repeat until button is secure,0,0, A
6,80.76923076923077,"['Drive to fabric store', 'get thread', 'Get clothing', 'Push the needle through the fabric', 'Pull thread through', 'repeat until button is secure']","['Thread the needle, double it up and tie a knot at the end', 'Repeat to make loop and knot it.']",Repeat to make loop and knot it.,1,0, A
0,0.0,[],"['thread the needle', 'Drive to fabric store']",Drive to fabric store,1,0, A
1,19.230769230769237,['Drive to fabric store'],"['Choose thread to sew button on with.', 'Continue sewing in an X pattern until the button is secure.']",Choose thread to sew button on with.,0,0, A
2,30.76923076923077,"['Drive to fabric store', 'Choose thread to sew button on with.']","['cut loose thread', 'Put button on shirt']",Put button on shirt,1,0, A
3,53.84615384615385,"['Drive to fabric store', 'Choose thread to sew button on with.', 'Put button on shirt']","['put needle and thread away', 'Pull through other end']",Pull through other end,1,0, A
4,76.92307692307693,"['Drive to fabric store', 'Choose thread to sew button on with.', 'Put button on shirt', 'Pull through other end']","['Continue until button is secure', 'Find a button that matches']",Continue until button is secure,0,0, A
5,84.61538461538461,"['Drive to fabric store', 'Choose thread to sew button on with.', 'Put button on shirt', 'Pull through other end', 'Continue until button is secure']","['Stick the needle through', 'Snip excess thread off']",Snip excess thread off,1,0, A
6,88.46153846153845,"['Drive to fabric store', 'Choose thread to sew button on with.', 'Put button on shirt', 'Pull through other end', 'Continue until button is secure', 'Snip excess thread off']","['PUT NEEDLE AND THREAD AWAY', 'Get a replacement button.']",PUT NEEDLE AND THREAD AWAY,0,0, A
7,92.3076923076923,"['Drive to fabric store', 'Choose thread to sew button on with.', 'Put button on shirt', 'Pull through other end', 'Continue until button is secure', 'Snip excess thread off', 'PUT NEEDLE AND THREAD AWAY']","['Get out needle', 'Check new button']",Check new button,1,0, A
0,0.0,[],"['Poke a hole in the fabric', 'Drive to fabric store']",Drive to fabric store,1,0, A
1,19.230769230769237,['Drive to fabric store'],"[""Pull a thread of a matching color through the needle's eye"", 'Put all the items away']",Pull a thread of a matching color through the needle's eye,0,0, A
2,30.76923076923077,"['Drive to fabric store', ""Pull a thread of a matching color through the needle's eye""]","['attach button to shirt', 'PUT NEEDLE AND THREAD AWAY']",attach button to shirt,0,0, A
3,61.53846153846154,"['Drive to fabric store', ""Pull a thread of a matching color through the needle's eye"", 'attach button to shirt']","['Take out the needle', 'take needle bring up through the back of the item']",take needle bring up through the back of the item,1,0, A
4,76.92307692307693,"['Drive to fabric store', ""Pull a thread of a matching color through the needle's eye"", 'attach button to shirt', 'take needle bring up through the back of the item']","['Keep threading until the button is firmly attached', 'Knot the ends of the thread together.']",Keep threading until the button is firmly attached,0,0, A
5,84.61538461538461,"['Drive to fabric store', ""Pull a thread of a matching color through the needle's eye"", 'attach button to shirt', 'take needle bring up through the back of the item', 'Keep threading until the button is firmly attached']","['Cut loose ends', 'Place button in desired position']",Cut loose ends,0,0, A
0,0.0,[],"['Place new button where I want it to go', 'Get the sewing kit.']",Get the sewing kit.,1,0, A
1,19.230769230769237,['Get the sewing kit.'],"['Find thread color to match button or item requiring the button', 'Use the needle to sew the broken button']",Find thread color to match button or item requiring the button,0,0, A
2,26.923076923076923,"['Get the sewing kit.', 'Find thread color to match button or item requiring the button']","['Take the cloth to be sewed', 'Sew button through second hole']",Take the cloth to be sewed,0,0, A
3,50.0,"['Get the sewing kit.', 'Find thread color to match button or item requiring the button', 'Take the cloth to be sewed']","['pull through on the other side', 'Cut excess thread']",pull through on the other side,0,0, A
4,53.84615384615385,"['Get the sewing kit.', 'Find thread color to match button or item requiring the button', 'Take the cloth to be sewed', 'pull through on the other side']","['Run needle and thread through button hole and fabric hole', 'Put all the items away']",Run needle and thread through button hole and fabric hole,0,0, A
0,0.0,[],"['Poke a hole in the fabric', 'Grab the fabric and button']",Grab the fabric and button,1,0, A
1,26.923076923076923,['Grab the fabric and button'],"['Pull the needle until thread is completely on the other side of shirt', 'Lay down garment']",Lay down garment,1,0, A
2,30.76923076923077,"['Grab the fabric and button', 'Lay down garment']","['Tie ends.', 'Place new button where I want it to go']",Place new button where I want it to go,1,0, A
3,42.30769230769231,"['Grab the fabric and button', 'Lay down garment', 'Place new button where I want it to go']","['Tie the thread round in between the garment and button', 'Cut away old strings']",Cut away old strings,1,0, A
4,61.53846153846154,"['Grab the fabric and button', 'Lay down garment', 'Place new button where I want it to go', 'Cut away old strings']","['Get clothing', 'Pull the needle until thread is completely on the other side of shirt']",Pull the needle until thread is completely on the other side of shirt,1,0, A
5,65.38461538461539,"['Grab the fabric and button', 'Lay down garment', 'Place new button where I want it to go', 'Cut away old strings', 'Pull the needle until thread is completely on the other side of shirt']","['Find button', 'Pull needle and thread']",Pull needle and thread,1,0, A
6,69.23076923076923,"['Grab the fabric and button', 'Lay down garment', 'Place new button where I want it to go', 'Cut away old strings', 'Pull the needle until thread is completely on the other side of shirt', 'Pull needle and thread']","['Put needle in other button hole.', 'Get a piece of clothing.']",Put needle in other button hole.,0,0, A
7,73.07692307692307,"['Grab the fabric and button', 'Lay down garment', 'Place new button where I want it to go', 'Cut away old strings', 'Pull the needle until thread is completely on the other side of shirt', 'Pull needle and thread', 'Put needle in other button hole.']","['Get needle', 'Push needle down through other button on hole']",Push needle down through other button on hole,1,0, A
8,84.61538461538461,"['Grab the fabric and button', 'Lay down garment', 'Place new button where I want it to go', 'Cut away old strings', 'Pull the needle until thread is completely on the other side of shirt', 'Pull needle and thread', 'Put needle in other button hole.', 'Push needle down through other button on hole']","['Cut the excess thread', 'Thread needle']",Cut the excess thread,0,0, A
9,88.46153846153845,"['Grab the fabric and button', 'Lay down garment', 'Place new button where I want it to go', 'Cut away old strings', 'Pull the needle until thread is completely on the other side of shirt', 'Pull needle and thread', 'Put needle in other button hole.', 'Push needle down through other button on hole', 'Cut the excess thread']","['Take out sewing kit', 'Put away needle and thread']",Put away needle and thread,1,0, A
0,0.0,[],"['use needle and thread to sew button onto shirt', 'Get out needle, thread, button, and clothing item.']","Get out needle, thread, button, and clothing item.",1,0, A
1,7.6923076923076925,"['Get out needle, thread, button, and clothing item.']","['Put needle away', 'Get needle and thread']",Get needle and thread,1,0, A
2,34.61538461538461,"['Get out needle, thread, button, and clothing item.', 'Get needle and thread']","['Thread the needle', 'Repeat through each button hole']",Thread the needle,0,0, A
3,53.84615384615385,"['Get out needle, thread, button, and clothing item.', 'Get needle and thread', 'Thread the needle']","['Take a needle', 'Return the needle through the fabric and through a different button hole']",Return the needle through the fabric and through a different button hole,1,0, A
4,57.692307692307686,"['Get out needle, thread, button, and clothing item.', 'Get needle and thread', 'Thread the needle', 'Return the needle through the fabric and through a different button hole']","['Pull til it stops at the knot, push through fabric and another button hole', 'Tie knot to secure thread and button to clothes']","Pull til it stops at the knot, push through fabric and another button hole",0,0, A
5,61.53846153846154,"['Get out needle, thread, button, and clothing item.', 'Get needle and thread', 'Thread the needle', 'Return the needle through the fabric and through a different button hole', 'Pull til it stops at the knot, push through fabric and another button hole']","['Cut away any extra string', 'Put needle into one button hole through shirt.']",Put needle into one button hole through shirt.,1,0, A
6,76.92307692307693,"['Get out needle, thread, button, and clothing item.', 'Get needle and thread', 'Thread the needle', 'Return the needle through the fabric and through a different button hole', 'Pull til it stops at the knot, push through fabric and another button hole', 'Put needle into one button hole through shirt.']","['Thread a needle.', 'Continue until the button is securely on the clothing']",Continue until the button is securely on the clothing,1,0, A
7,80.76923076923077,"['Get out needle, thread, button, and clothing item.', 'Get needle and thread', 'Thread the needle', 'Return the needle through the fabric and through a different button hole', 'Pull til it stops at the knot, push through fabric and another button hole', 'Put needle into one button hole through shirt.', 'Continue until the button is securely on the clothing']","['Thread needle', 'make sure button is secure']",make sure button is secure,1,0, A
8,88.46153846153845,"['Get out needle, thread, button, and clothing item.', 'Get needle and thread', 'Thread the needle', 'Return the needle through the fabric and through a different button hole', 'Pull til it stops at the knot, push through fabric and another button hole', 'Put needle into one button hole through shirt.', 'Continue until the button is securely on the clothing', 'make sure button is secure']","['Put away thread and needle', 'Get button']",Put away thread and needle,0,0, A
9,92.3076923076923,"['Get out needle, thread, button, and clothing item.', 'Get needle and thread', 'Thread the needle', 'Return the needle through the fabric and through a different button hole', 'Pull til it stops at the knot, push through fabric and another button hole', 'Put needle into one button hole through shirt.', 'Continue until the button is securely on the clothing', 'make sure button is secure', 'Put away thread and needle']","['Get needle.', 'Check if the button is tight']",Check if the button is tight,1,0, A
0,0.0,[],"['put thread in needle', 'Grab the fabric and button']",Grab the fabric and button,1,0, A
1,30.76923076923077,['Grab the fabric and button'],"['Place button where you want it.', 'Tie the thread at the bottom of the button']",Place button where you want it.,0,0, A
2,50.0,"['Grab the fabric and button', 'Place button where you want it.']","['Stick the needle through', 'Cut off the extra thread']",Stick the needle through,0,0, A
3,61.53846153846154,"['Grab the fabric and button', 'Place button where you want it.', 'Stick the needle through']","['Push needle through hole', 'Find needle and thread']",Push needle through hole,0,0, A
4,80.76923076923077,"['Grab the fabric and button', 'Place button where you want it.', 'Stick the needle through', 'Push needle through hole']","['Get a sewing needle.', 'Tie another knot at the end of the thread.']",Tie another knot at the end of the thread.,1,0, A
0,0.0,[],"['Get sewing kit', 'Take out the needle']",Get sewing kit,0,0, A
1,11.538461538461538,['Get sewing kit'],"['push needle to back of the item', 'Get a needle']",Get a needle,1,0, A
2,15.384615384615383,"['Get sewing kit', 'Get a needle']","['Find right color string', 'tie knot at end of thread']",Find right color string,0,0, A
3,23.07692307692308,"['Get sewing kit', 'Get a needle', 'Find right color string']","['Find a button', 'knot thread']",Find a button,0,0, A
4,61.53846153846154,"['Get sewing kit', 'Get a needle', 'Find right color string', 'Find a button']","['Push needle through first hole', 'Get the thread']",Push needle through first hole,0,0, A
5,65.38461538461539,"['Get sewing kit', 'Get a needle', 'Find right color string', 'Find a button', 'Push needle through first hole']","['Put the needle thorough the back of the button hole.', 'Take the cloth to be sewed']",Put the needle thorough the back of the button hole.,0,0, A
6,69.23076923076923,"['Get sewing kit', 'Get a needle', 'Find right color string', 'Find a button', 'Push needle through first hole', 'Put the needle thorough the back of the button hole.']","['Sew button through third hole', 'Cut thread string to how much is needed']",Sew button through third hole,0,0, A
0,0.0,[],"['Push through other holes', 'Take out sewing kit.']",Take out sewing kit.,1,0, A
1,23.07692307692308,['Take out sewing kit.'],"['Find a button.', 'Sew button through fourth and final hole']",Find a button.,0,0, A
2,30.76923076923077,"['Take out sewing kit.', 'Find a button.']","['Continue repeating pushing up and pushing thread back down', 'Find placement for new button.']",Find placement for new button.,1,0, A
3,50.0,"['Take out sewing kit.', 'Find a button.', 'Find placement for new button.']","['gathering thread', 'Starting on inside of garment, push through with needle.']","Starting on inside of garment, push through with needle.",1,0, A
4,80.76923076923077,"['Take out sewing kit.', 'Find a button.', 'Find placement for new button.', 'Starting on inside of garment, push through with needle.']","['Get clothing', 'tie off thread']",tie off thread,1,0, A
0,0.0,[],"['Tie knot on needle.', 'Drive to fabric store']",Drive to fabric store,1,0, A
1,19.230769230769237,['Drive to fabric store'],"['Pass the needle through one of the button holes', 'Get thread']",Get thread,1,0, A
2,34.61538461538461,"['Drive to fabric store', 'Get thread']","['Sew through the diagonal hole of the button and the garment.', 'put thread in needle']",put thread in needle,1,0, A
3,50.0,"['Drive to fabric store', 'Get thread', 'put thread in needle']","['Get sewing kit', 'Put needle through one hole']",Put needle through one hole,1,0, A
4,53.84615384615385,"['Drive to fabric store', 'Get thread', 'put thread in needle', 'Put needle through one hole']","['Pull thread through and secure button', 'Hold shirt with non-dominant hand']",Pull thread through and secure button,0,0, A
5,76.92307692307693,"['Drive to fabric store', 'Get thread', 'put thread in needle', 'Put needle through one hole', 'Pull thread through and secure button']","['Take out sewing kit', 'repeat until button is secure']",repeat until button is secure,1,0, A
0,0.0,[],"['Get out needle, thread, button, and clothing item.', 'Thread needle']","Get out needle, thread, button, and clothing item.",0,0, A
1,15.384615384615383,"['Get out needle, thread, button, and clothing item.']","['Choose thread color', 'Loop thread to create knot in thread.']",Choose thread color,0,0, A
2,23.07692307692308,"['Get out needle, thread, button, and clothing item.', 'Choose thread color']","['Get button', 'Continue until the button is securely on the clothing']",Get button,0,0, A
3,50.0,"['Get out needle, thread, button, and clothing item.', 'Choose thread color', 'Get button']","['get some thread', 'Stick the needle through']",Stick the needle through,1,0, A
4,65.38461538461539,"['Get out needle, thread, button, and clothing item.', 'Choose thread color', 'Get button', 'Stick the needle through']","['Get needle', 'Pull needle and thread']",Pull needle and thread,1,0, A
5,69.23076923076923,"['Get out needle, thread, button, and clothing item.', 'Choose thread color', 'Get button', 'Stick the needle through', 'Pull needle and thread']","['Grab a needle and thread', 'Hold button in place']",Hold button in place,1,0, A
6,73.07692307692307,"['Get out needle, thread, button, and clothing item.', 'Choose thread color', 'Get button', 'Stick the needle through', 'Pull needle and thread', 'Hold button in place']","['Continue sewing in an X pattern until the button is secure.', 'Get scissors, needle, button and thread']",Continue sewing in an X pattern until the button is secure.,0,0, A
7,80.76923076923077,"['Get out needle, thread, button, and clothing item.', 'Choose thread color', 'Get button', 'Stick the needle through', 'Pull needle and thread', 'Hold button in place', 'Continue sewing in an X pattern until the button is secure.']","['Gather supplies', 'Break the thread and tie a final knot']",Break the thread and tie a final knot,1,0, A
8,88.46153846153845,"['Get out needle, thread, button, and clothing item.', 'Choose thread color', 'Get button', 'Stick the needle through', 'Pull needle and thread', 'Hold button in place', 'Continue sewing in an X pattern until the button is secure.', 'Break the thread and tie a final knot']","['Put away needle and thread', 'Take out sewing kit']",Put away needle and thread,0,0, A
0,0.0,[],"['get thread, needle, button to be sewn', 'Using threaded needle, sew button on to garment.']","get thread, needle, button to be sewn",0,0, A
1,26.923076923076923,"['get thread, needle, button to be sewn']","['repeat 6 more times', 'Hold shirt with non-dominant hand']",Hold shirt with non-dominant hand,1,0, A
2,30.76923076923077,"['get thread, needle, button to be sewn', 'Hold shirt with non-dominant hand']","['Place button where it is to be sewed', 'Secure the button with a knot']",Place button where it is to be sewed,0,0, A
3,34.61538461538461,"['get thread, needle, button to be sewn', 'Hold shirt with non-dominant hand', 'Place button where it is to be sewed']","['repeat until button is secure', 'Thread the needle and tie a knot at end of thread.']",Thread the needle and tie a knot at end of thread.,1,0, A
4,38.46153846153847,"['get thread, needle, button to be sewn', 'Hold shirt with non-dominant hand', 'Place button where it is to be sewed', 'Thread the needle and tie a knot at end of thread.']","['knot thread', 'Cut off any excess thread.']",knot thread,0,0, A
5,61.53846153846154,"['get thread, needle, button to be sewn', 'Hold shirt with non-dominant hand', 'Place button where it is to be sewed', 'Thread the needle and tie a knot at end of thread.', 'knot thread']","['Pull thread through', 'Put away thread and needle']",Pull thread through,0,0, A
6,80.76923076923077,"['get thread, needle, button to be sewn', 'Hold shirt with non-dominant hand', 'Place button where it is to be sewed', 'Thread the needle and tie a knot at end of thread.', 'knot thread', 'Pull thread through']","['Place button in desired position', 'Tie the thread so the button will not come loose']",Tie the thread so the button will not come loose,1,0, A
7,84.61538461538461,"['get thread, needle, button to be sewn', 'Hold shirt with non-dominant hand', 'Place button where it is to be sewed', 'Thread the needle and tie a knot at end of thread.', 'knot thread', 'Pull thread through', 'Tie the thread so the button will not come loose']","['cut the thread', 'Thread the needle']",cut the thread,0,0, A
0,0.0,[],"['Drive to fabric store', 'Tie the thread']",Drive to fabric store,0,0, A
1,19.230769230769237,['Drive to fabric store'],"['Get thread', 'Sew button onto garment.']",Get thread,0,0, A
2,34.61538461538461,"['Drive to fabric store', 'Get thread']","[""Make 4 x's in button."", 'Thread needle.']",Thread needle.,1,0, A
3,38.46153846153847,"['Drive to fabric store', 'Get thread', 'Thread needle.']","['Continue sewing in an X pattern until the button is secure.', 'Tie knot at end of thread.']",Tie knot at end of thread.,1,0, A
4,42.30769230769231,"['Drive to fabric store', 'Get thread', 'Thread needle.', 'Tie knot at end of thread.']","['Find a needle', 'Cut away any loose threads.']",Cut away any loose threads.,1,0, A
5,46.15384615384615,"['Drive to fabric store', 'Get thread', 'Thread needle.', 'Tie knot at end of thread.', 'Cut away any loose threads.']","['Find thread', 'Apply button by driving needle through button']",Apply button by driving needle through button,1,0, A
6,80.76923076923077,"['Drive to fabric store', 'Get thread', 'Thread needle.', 'Tie knot at end of thread.', 'Cut away any loose threads.', 'Apply button by driving needle through button']","['Make a knot', 'Insert thread in needle']",Make a knot,0,0, A
0,0.0,[],"['cut the thread', 'Drive to fabric store']",Drive to fabric store,1,0, A
1,19.230769230769237,['Drive to fabric store'],"['pull the needle through', 'Get thread.']",Get thread.,1,0, A
2,34.61538461538461,"['Drive to fabric store', 'Get thread.']","['Thread needle', 'Poke needle through opposite hole']",Thread needle,0,0, A
3,42.30769230769231,"['Drive to fabric store', 'Get thread.', 'Thread needle']","['Cut thread string to how much is needed', 'Get the proper colored thread']",Cut thread string to how much is needed,0,0, A
4,61.53846153846154,"['Drive to fabric store', 'Get thread.', 'Thread needle', 'Cut thread string to how much is needed']","['Pull the needle until thread is completely on the other side of shirt', 'take the needle and matching thread']",Pull the needle until thread is completely on the other side of shirt,0,0, A
5,65.38461538461539,"['Drive to fabric store', 'Get thread.', 'Thread needle', 'Cut thread string to how much is needed', 'Pull the needle until thread is completely on the other side of shirt']","['Put button in the right area', 'Then push needle through material']",Then push needle through material,1,0, A
6,69.23076923076923,"['Drive to fabric store', 'Get thread.', 'Thread needle', 'Cut thread string to how much is needed', 'Pull the needle until thread is completely on the other side of shirt', 'Then push needle through material']","['Hold button in place', 'Get thread.']",Hold button in place,0,0, A
7,73.07692307692307,"['Drive to fabric store', 'Get thread.', 'Thread needle', 'Cut thread string to how much is needed', 'Pull the needle until thread is completely on the other side of shirt', 'Then push needle through material', 'Hold button in place']","['Find similar color thread to use.', 'Sew button through fourth and final hole']",Sew button through fourth and final hole,1,0, A
0,0.0,[],"['Get out sewing kit', 'Prepare garment for sewing']",Get out sewing kit,0,0, A
1,23.07692307692308,['Get out sewing kit'],"['Cut the needle off of the thread.', 'Get button']",Get button,1,0, A
2,61.53846153846154,"['Get out sewing kit', 'Get button']","['Take a needle', 'Pull thread through']",Pull thread through,1,0, A
3,76.92307692307693,"['Get out sewing kit', 'Get button', 'Pull thread through']","['Continue until the button is securely on the clothing', 'get thread']",Continue until the button is securely on the clothing,0,0, A
4,84.61538461538461,"['Get out sewing kit', 'Get button', 'Pull thread through', 'Continue until the button is securely on the clothing']","['Cut the excess thread', 'Find button that matches lost button.']",Cut the excess thread,0,0, A
5,88.46153846153845,"['Get out sewing kit', 'Get button', 'Pull thread through', 'Continue until the button is securely on the clothing', 'Cut the excess thread']","['Starting from the bottom, poke needle through hole in button', 'Put needle away']",Put needle away,1,0, A
6,92.3076923076923,"['Get out sewing kit', 'Get button', 'Pull thread through', 'Continue until the button is securely on the clothing', 'Cut the excess thread', 'Put needle away']","['Thread the needle', 'Check the button']",Check the button,1,0, A
0,0.0,[],"['Drive to fabric store', 'Find the location where button needs to be sewn.']",Drive to fabric store,0,0, A
1,19.230769230769237,['Drive to fabric store'],"['Get thread', 'Push needle down through other button on hole']",Get thread,0,0, A
2,23.07692307692308,"['Drive to fabric store', 'Get thread']","['repeat until button is secure', 'Get a button to match']",Get a button to match,1,0, A
3,26.923076923076923,"['Drive to fabric store', 'Get thread', 'Get a button to match']","['Get shirt', 'Tie off knot with thread.']",Get shirt,0,0, A
4,50.0,"['Drive to fabric store', 'Get thread', 'Get a button to match', 'Get shirt']","['put the needle into the fabric', 'Select thread']",put the needle into the fabric,0,0, A
5,65.38461538461539,"['Drive to fabric store', 'Get thread', 'Get a button to match', 'Get shirt', 'put the needle into the fabric']","['get needle', 'Cross over to perpendicular hole, push needle back through']","Cross over to perpendicular hole, push needle back through",1,0, A
6,69.23076923076923,"['Drive to fabric store', 'Get thread', 'Get a button to match', 'Get shirt', 'put the needle into the fabric', 'Cross over to perpendicular hole, push needle back through']","['Sew through the diagonal hole of the button and the garment.', 'Get the proper colored thread']",Sew through the diagonal hole of the button and the garment.,0,0, A
0,0.0,[],"['Get a thimble', 'Then push needle through material']",Get a thimble,0,0, A
1,15.384615384615383,['Get a thimble'],"['sew the button with criss-cross movement of needle', 'Choose thread color']",Choose thread color,1,0, A
2,23.07692307692308,"['Get a thimble', 'Choose thread color']","['Cut off remaining thread', 'Find a spare button that matches the other buttons']",Find a spare button that matches the other buttons,1,0, A
3,26.923076923076923,"['Get a thimble', 'Choose thread color', 'Find a spare button that matches the other buttons']","['carefully cut off old button if exists', 'Push needle through button hole']",carefully cut off old button if exists,0,0, A
4,30.76923076923077,"['Get a thimble', 'Choose thread color', 'Find a spare button that matches the other buttons', 'carefully cut off old button if exists']","['line new button up with corresponding button hole', 'Tie end in a knot']",line new button up with corresponding button hole,0,0, A
5,34.61538461538461,"['Get a thimble', 'Choose thread color', 'Find a spare button that matches the other buttons', 'carefully cut off old button if exists', 'line new button up with corresponding button hole']","['Place the thread through the needle', 'Tie off thread']",Place the thread through the needle,0,0, A
6,53.84615384615385,"['Get a thimble', 'Choose thread color', 'Find a spare button that matches the other buttons', 'carefully cut off old button if exists', 'line new button up with corresponding button hole', 'Place the thread through the needle']","['Place button close to clothing.', 'Get needle and thread']",Place button close to clothing.,0,0, A
7,80.76923076923077,"['Get a thimble', 'Choose thread color', 'Find a spare button that matches the other buttons', 'carefully cut off old button if exists', 'line new button up with corresponding button hole', 'Place the thread through the needle', 'Place button close to clothing.']","['Tie off thread', 'Place button in desired position']",Tie off thread,0,0, A
8,88.46153846153845,"['Get a thimble', 'Choose thread color', 'Find a spare button that matches the other buttons', 'carefully cut off old button if exists', 'line new button up with corresponding button hole', 'Place the thread through the needle', 'Place button close to clothing.', 'Tie off thread']","['Clean up.', 'Pull thread through']",Clean up.,0,0, A
0,0.0,[],"['Get out sewing kit', 'Tie knot in thread']",Get out sewing kit,0,0, A
1,19.230769230769237,['Get out sewing kit'],"['Pull it back out the other hole', 'Take out right colored thread.']",Take out right colored thread.,1,0, A
2,23.07692307692308,"['Get out sewing kit', 'Take out right colored thread.']","['Place needle through clothing.', 'Find a button that matches the others on your garment']",Find a button that matches the others on your garment,1,0, A
3,26.923076923076923,"['Get out sewing kit', 'Take out right colored thread.', 'Find a button that matches the others on your garment']","['Check the button', 'gather garment for buttoning']",gather garment for buttoning,1,0, A
4,50.0,"['Get out sewing kit', 'Take out right colored thread.', 'Find a button that matches the others on your garment', 'gather garment for buttoning']","['Insert the thread through the button', 'cut remaining thread away']",Insert the thread through the button,0,0, A
5,76.92307692307693,"['Get out sewing kit', 'Take out right colored thread.', 'Find a button that matches the others on your garment', 'gather garment for buttoning', 'Insert the thread through the button']","['Repeat procedure until button is secure', 'threading the needle']",Repeat procedure until button is secure,0,0, A
0,0.0,[],"['Sew the button', 'Get sewing kit']",Get sewing kit,1,0, A
1,34.61538461538461,['Get sewing kit'],"['Continue sewing in an X pattern until the button is secure.', 'Thread needle with matching thread']",Thread needle with matching thread,1,0, A
2,38.46153846153847,"['Get sewing kit', 'Thread needle with matching thread']","['Tie a knot in the end of thread', 'Drive to fabric store']",Tie a knot in the end of thread,0,0, A
3,61.53846153846154,"['Get sewing kit', 'Thread needle with matching thread', 'Tie a knot in the end of thread']","['Take the cloth to be sewed', 'Pass the needle through one of the button holes']",Pass the needle through one of the button holes,1,0, A
4,80.76923076923077,"['Get sewing kit', 'Thread needle with matching thread', 'Tie a knot in the end of thread', 'Pass the needle through one of the button holes']","['Tie off thread', 'Insert thread in needle']",Tie off thread,0,0, A
0,0.0,[],"['Pull needle and thread', 'Grab the fabric and button']",Grab the fabric and button,1,0, A
1,26.923076923076923,['Grab the fabric and button'],"['Get garment which you would like to sew button on to.', 'Starting from the bottom, poke needle through hole in button']",Get garment which you would like to sew button on to.,0,0, A
2,34.61538461538461,"['Grab the fabric and button', 'Get garment which you would like to sew button on to.']","['Thread sewing needle with chosen thread.', 'when done tie the end properly']",Thread sewing needle with chosen thread.,0,0, A
3,46.15384615384615,"['Grab the fabric and button', 'Get garment which you would like to sew button on to.', 'Thread sewing needle with chosen thread.']","['Find a button to sew.', 'Sew the button onto the garment by passing the needle through all 4 button holes.']",Sew the button onto the garment by passing the needle through all 4 button holes.,1,0, A
4,61.53846153846154,"['Grab the fabric and button', 'Get garment which you would like to sew button on to.', 'Thread sewing needle with chosen thread.', 'Sew the button onto the garment by passing the needle through all 4 button holes.']","['push the needle through the button', 'Pull out a length of thread.']",push the needle through the button,0,0, A
5,80.76923076923077,"['Grab the fabric and button', 'Get garment which you would like to sew button on to.', 'Thread sewing needle with chosen thread.', 'Sew the button onto the garment by passing the needle through all 4 button holes.', 'push the needle through the button']","['Find thread that matches button color.', 'Tie another knot at the end of the thread.']",Tie another knot at the end of the thread.,1,0, A
6,88.46153846153845,"['Grab the fabric and button', 'Get garment which you would like to sew button on to.', 'Thread sewing needle with chosen thread.', 'Sew the button onto the garment by passing the needle through all 4 button holes.', 'push the needle through the button', 'Tie another knot at the end of the thread.']","['Get a sewing needle.', 'Put away thread and needle']",Put away thread and needle,1,0, A
7,92.3076923076923,"['Grab the fabric and button', 'Get garment which you would like to sew button on to.', 'Thread sewing needle with chosen thread.', 'Sew the button onto the garment by passing the needle through all 4 button holes.', 'push the needle through the button', 'Tie another knot at the end of the thread.', 'Put away thread and needle']","['put button where other button was located', 'Check new button']",Check new button,1,0, A
0,0.0,[],"['Get out sewing kit.', 'Continue until the button is on tight']",Get out sewing kit.,0,0, A
1,7.6923076923076925,['Get out sewing kit.'],"['Make a knot at end', 'Get a thread and a needle']",Get a thread and a needle,1,0, A
2,34.61538461538461,"['Get out sewing kit.', 'Get a thread and a needle']","['Thread the needle', 'Get scissors, needle, button and thread']",Thread the needle,0,0, A
3,46.15384615384615,"['Get out sewing kit.', 'Get a thread and a needle', 'Thread the needle']","['Get needle', 'Sew in a pattern that looks like an X through the holes of the button.']",Sew in a pattern that looks like an X through the holes of the button.,1,0, A
4,84.61538461538461,"['Get out sewing kit.', 'Get a thread and a needle', 'Thread the needle', 'Sew in a pattern that looks like an X through the holes of the button.']","['Cut thread close to knot.', 'Get needle and thread']",Cut thread close to knot.,0,0, A
5,88.46153846153845,"['Get out sewing kit.', 'Get a thread and a needle', 'Thread the needle', 'Sew in a pattern that looks like an X through the holes of the button.', 'Cut thread close to knot.']","['Place button on item', 'Put all the items away']",Put all the items away,1,0, A
0,0.0,[],"['Drive to fabric store', 'sew the button on the garment']",Drive to fabric store,0,0, A
1,19.230769230769237,['Drive to fabric store'],"['Put the thread through the button and start threading', 'get thread']",get thread,1,0, A
2,23.07692307692308,"['Drive to fabric store', 'get thread']","['Put everything away.', 'Find a matching button']",Find a matching button,1,0, A
3,26.923076923076923,"['Drive to fabric store', 'get thread', 'Find a matching button']","['taking the right button out', 'Tie end in a knot']",taking the right button out,0,0, A
4,30.76923076923077,"['Drive to fabric store', 'get thread', 'Find a matching button', 'taking the right button out']","['Line the button up in the place where the old one would have been', 'Do this several times until the button is secure']",Line the button up in the place where the old one would have been,0,0, A
5,42.30769230769231,"['Drive to fabric store', 'get thread', 'Find a matching button', 'taking the right button out', 'Line the button up in the place where the old one would have been']","['Cut thread string to how much is needed', 'Collect thread and needle.']",Cut thread string to how much is needed,0,0, A
6,46.15384615384615,"['Drive to fabric store', 'get thread', 'Find a matching button', 'taking the right button out', 'Line the button up in the place where the old one would have been', 'Cut thread string to how much is needed']","['Sew the button onto the garment by passing the needle through all 4 button holes.', 'Find needle']",Sew the button onto the garment by passing the needle through all 4 button holes.,0,0, A
7,80.76923076923077,"['Drive to fabric store', 'get thread', 'Find a matching button', 'taking the right button out', 'Line the button up in the place where the old one would have been', 'Cut thread string to how much is needed', 'Sew the button onto the garment by passing the needle through all 4 button holes.']","['Get a thimble', 'When button is securely in place tie knot in thread at back of garment']",When button is securely in place tie knot in thread at back of garment,1,0, A
0,0.0,[],"['get thread, needle, button to be sewn', 'Sew the button through the button holes onto the shirt']","get thread, needle, button to be sewn",0,0, A
1,7.6923076923076925,"['get thread, needle, button to be sewn']","['Get thread and needle', 'Check if the button is tight']",Get thread and needle,0,0, A
2,34.61538461538461,"['get thread, needle, button to be sewn', 'Get thread and needle']","['thread the needle', 'Sew button through fourth and final hole']",thread the needle,0,0, A
3,42.30769230769231,"['get thread, needle, button to be sewn', 'Get thread and needle', 'thread the needle']","['Cut length of thread', 'Get thread']",Cut length of thread,0,0, A
4,61.53846153846154,"['get thread, needle, button to be sewn', 'Get thread and needle', 'thread the needle', 'Cut length of thread']","['Cut thread', 'push the needle through the button']",push the needle through the button,1,0, A
5,76.92307692307693,"['get thread, needle, button to be sewn', 'Get thread and needle', 'thread the needle', 'Cut length of thread', 'push the needle through the button']","['repeat steps 4-5 until button is secured to shirt', 'Get out sewing kit.']",repeat steps 4-5 until button is secured to shirt,0,0, A
0,0.0,[],"['Tie knot.', 'Drive to fabric store']",Drive to fabric store,1,0, A
1,19.230769230769237,['Drive to fabric store'],"['Get out thread', 'Tie the end of the string so it will not unravel']",Get out thread,0,0, A
2,34.61538461538461,"['Drive to fabric store', 'Get out thread']","['put thread through needle', 'cut remaining thread away']",put thread through needle,0,0, A
3,46.15384615384615,"['Drive to fabric store', 'Get out thread', 'put thread through needle']","['Get a needle.', 'Use the needle to sew the broken button']",Use the needle to sew the broken button,1,0, A
4,88.46153846153845,"['Drive to fabric store', 'Get out thread', 'put thread through needle', 'Use the needle to sew the broken button']","['put needle and thread away', 'Push needle through hole']",put needle and thread away,0,0, A
0,0.0,[],"['Find sewing kit.', 'Put needle in other button hole.']",Find sewing kit.,0,0, A
1,7.6923076923076925,['Find sewing kit.'],"['moving the needle in and out of the button holes', 'Find a needle and thread']",Find a needle and thread,1,0, A
2,26.923076923076923,"['Find sewing kit.', 'Find a needle and thread']","['tying a knot with thread', 'Hold shirt with non-dominant hand']",Hold shirt with non-dominant hand,1,0, A
3,30.76923076923077,"['Find sewing kit.', 'Find a needle and thread', 'Hold shirt with non-dominant hand']","['Take button and put it on shirt where you want it', 'Repeat 5 times with other two button holes']",Take button and put it on shirt where you want it,0,0, A
4,42.30769230769231,"['Find sewing kit.', 'Find a needle and thread', 'Hold shirt with non-dominant hand', 'Take button and put it on shirt where you want it']","['Cross over to perpendicular hole, push needle back through', 'Cut thread string to how much is needed']",Cut thread string to how much is needed,1,0, A
5,61.53846153846154,"['Find sewing kit.', 'Find a needle and thread', 'Hold shirt with non-dominant hand', 'Take button and put it on shirt where you want it', 'Cut thread string to how much is needed']","['Take needle from sewing kit', 'Push needle through hole']",Push needle through hole,1,0, A
6,65.38461538461539,"['Find sewing kit.', 'Find a needle and thread', 'Hold shirt with non-dominant hand', 'Take button and put it on shirt where you want it', 'Cut thread string to how much is needed', 'Push needle through hole']","['Tie knot in thread', 'Pass the needle through the second button hole']",Pass the needle through the second button hole,1,0, A
7,76.92307692307693,"['Find sewing kit.', 'Find a needle and thread', 'Hold shirt with non-dominant hand', 'Take button and put it on shirt where you want it', 'Cut thread string to how much is needed', 'Push needle through hole', 'Pass the needle through the second button hole']","[""Repeat until it's stable"", 'gather button']",Repeat until it's stable,0,0, A
0,0.0,[],"['Get a thimble', 'Use needle to go through button holes']",Get a thimble,0,0, A
1,26.923076923076923,['Get a thimble'],"['Hold button in place', 'Lay down garment']",Lay down garment,1,0, A
2,30.76923076923077,"['Get a thimble', 'Lay down garment']","['PUT NEEDLE AND THREAD AWAY', 'place button on cloth where it needs to go']",place button on cloth where it needs to go,1,0, A
3,46.15384615384615,"['Get a thimble', 'Lay down garment', 'place button on cloth where it needs to go']","['Cut a length of thread more than double what you will need', 'Use the needle to sew the broken button']",Use the needle to sew the broken button,1,0, A
4,61.53846153846154,"['Get a thimble', 'Lay down garment', 'place button on cloth where it needs to go', 'Use the needle to sew the broken button']","['Get a needle.', 'Holding button at appropriate location, press needle through first hole on button.']","Holding button at appropriate location, press needle through first hole on button.",1,0, A
5,80.76923076923077,"['Get a thimble', 'Lay down garment', 'place button on cloth where it needs to go', 'Use the needle to sew the broken button', 'Holding button at appropriate location, press needle through first hole on button.']","['Tie knot on thread.', 'Find a button that matches']",Tie knot on thread.,0,0, A
6,84.61538461538461,"['Get a thimble', 'Lay down garment', 'place button on cloth where it needs to go', 'Use the needle to sew the broken button', 'Holding button at appropriate location, press needle through first hole on button.', 'Tie knot on thread.']","['Find sewing kit.', 'Cut thread close to knot.']",Cut thread close to knot.,1,0, A
7,88.46153846153845,"['Get a thimble', 'Lay down garment', 'place button on cloth where it needs to go', 'Use the needle to sew the broken button', 'Holding button at appropriate location, press needle through first hole on button.', 'Tie knot on thread.', 'Cut thread close to knot.']","['Clean up.', 'Select thread of correct color']",Clean up.,0,0, A
8,92.3076923076923,"['Get a thimble', 'Lay down garment', 'place button on cloth where it needs to go', 'Use the needle to sew the broken button', 'Holding button at appropriate location, press needle through first hole on button.', 'Tie knot on thread.', 'Cut thread close to knot.', 'Clean up.']","['Check if the button is tight', 'GET SOME NEEDLE AND THREAD']",Check if the button is tight,0,0, A
0,0.0,[],"['Take out sewing kit', 'Repeat step 8 until button is sewn on']",Take out sewing kit,0,0, A
1,11.538461538461538,['Take out sewing kit'],"['Clean up.', 'Get a needle']",Get a needle,1,0, A
2,19.230769230769237,"['Take out sewing kit', 'Get a needle']","['Get thread', 'Use the needle to sew the broken button']",Get thread,0,0, A
3,26.923076923076923,"['Take out sewing kit', 'Get a needle', 'Get thread']","['get item to be sewn', 'tie thread at the end']",get item to be sewn,0,0, A
4,50.0,"['Take out sewing kit', 'Get a needle', 'Get thread', 'get item to be sewn']","['Put thread through needle.', 'Get a needle and thread.']",Put thread through needle.,0,0, A
5,53.84615384615385,"['Take out sewing kit', 'Get a needle', 'Get thread', 'get item to be sewn', 'Put thread through needle.']","['Take a needle', 'pull the needle through']",pull the needle through,1,0, A
0,0.0,[],"['tie knot at end of thread', 'Get out needle, thread, button, and clothing item.']","Get out needle, thread, button, and clothing item.",1,0, A
1,26.923076923076923,"['Get out needle, thread, button, and clothing item.']","['Get garment which you would like to sew button on to.', 'Tie of thread on inside']",Get garment which you would like to sew button on to.,0,0, A
2,34.61538461538461,"['Get out needle, thread, button, and clothing item.', 'Get garment which you would like to sew button on to.']","['Insert needle through first side of button (step 3)', 'Thread needle']",Thread needle,1,0, A
3,61.53846153846154,"['Get out needle, thread, button, and clothing item.', 'Get garment which you would like to sew button on to.', 'Thread needle']","['Cut off excess thread', 'push the needle through the button']",push the needle through the button,1,0, A
4,80.76923076923077,"['Get out needle, thread, button, and clothing item.', 'Get garment which you would like to sew button on to.', 'Thread needle', 'push the needle through the button']","['Insert the needle back into the garment from the top of the button', 'Secure the button with a knot']",Secure the button with a knot,1,0, A
0,0.0,[],"['Drive to fabric store', 'Sew button through third hole']",Drive to fabric store,0,0, A
1,19.230769230769237,['Drive to fabric store'],"['Get the thread', 'Continue until the button is on tight']",Get the thread,0,0, A
2,26.923076923076923,"['Drive to fabric store', 'Get the thread']","['Push needle under material to next hole', 'Get the garment']",Get the garment,1,0, A
3,34.61538461538461,"['Drive to fabric store', 'Get the thread', 'Get the garment']","['Continue crisscrossing thread between holes of button until button is tight.', 'put thread in needle']",put thread in needle,1,0, A
4,50.0,"['Drive to fabric store', 'Get the thread', 'Get the garment', 'put thread in needle']","['Purchase thread', 'put the needle into the fabric']",put the needle into the fabric,1,0, A
5,53.84615384615385,"['Drive to fabric store', 'Get the thread', 'Get the garment', 'put thread in needle', 'put the needle into the fabric']","['Purchase buttons', 'Insert the needle into the button hole']",Insert the needle into the button hole,1,0, A
6,84.61538461538461,"['Drive to fabric store', 'Get the thread', 'Get the garment', 'put thread in needle', 'put the needle into the fabric', 'Insert the needle into the button hole']","['Thread needle', 'Cut.']",Cut.,1,0, A
7,88.46153846153845,"['Drive to fabric store', 'Get the thread', 'Get the garment', 'put thread in needle', 'put the needle into the fabric', 'Insert the needle into the button hole', 'Cut.']","['put needle and thread away', 'measure and cut length of thread']",put needle and thread away,0,0, A
0,0.0,[],"['put sewing kit away', 'get sewing kit']",get sewing kit,1,0, A
1,7.6923076923076925,['get sewing kit'],"['grab a needle and string', 'Insert needle through button and into fabric where the button belongs.']",grab a needle and string,0,0, A
2,30.76923076923077,"['get sewing kit', 'grab a needle and string']","['Make a knot', 'Take button and put it on shirt where you want it']",Take button and put it on shirt where you want it,1,0, A
3,46.15384615384615,"['get sewing kit', 'grab a needle and string', 'Take button and put it on shirt where you want it']","['Push the needle through one button hole and back out another hole', 'Select a button']",Push the needle through one button hole and back out another hole,0,0, A
4,88.46153846153845,"['get sewing kit', 'grab a needle and string', 'Take button and put it on shirt where you want it', 'Push the needle through one button hole and back out another hole']","['Put away thread and needle', 'Get garment which you would like to sew button on to.']",Put away thread and needle,0,0, A
5,92.3076923076923,"['get sewing kit', 'grab a needle and string', 'Take button and put it on shirt where you want it', 'Push the needle through one button hole and back out another hole', 'Put away thread and needle']","['Get needle', 'MAKE SURE BUTTON IS SECURE']",MAKE SURE BUTTON IS SECURE,1,0, A
0,0.0,[],"['Get the sewing kit.', 'Get the item of clothing the button is to go on']",Get the sewing kit.,0,0, A
1,11.538461538461538,['Get the sewing kit.'],"['Get needle.', 'Repeat to make loop and knot it.']",Get needle.,0,0, A
2,34.61538461538461,"['Get the sewing kit.', 'Get needle.']","['Thread needle', 'Repeat the inserting as above for about 10 times']",Thread needle,0,0, A
3,38.46153846153847,"['Get the sewing kit.', 'Get needle.', 'Thread needle']","['Use scissors to cut thread', 'Tie thread to needle']",Tie thread to needle,1,0, A
4,50.0,"['Get the sewing kit.', 'Get needle.', 'Thread needle', 'Tie thread to needle']","['Get out needle, thread, button, and clothing item.', 'insert needle through cloth']",insert needle through cloth,1,0, A
5,53.84615384615385,"['Get the sewing kit.', 'Get needle.', 'Thread needle', 'Tie thread to needle', 'insert needle through cloth']","['Cut a length of thread more than double what you will need', 'Pull it back out the other hole']",Pull it back out the other hole,1,0, A
6,61.53846153846154,"['Get the sewing kit.', 'Get needle.', 'Thread needle', 'Tie thread to needle', 'insert needle through cloth', 'Pull it back out the other hole']","['Get the piece of apparel that needs to sew the button on.', 'Push needle through first hole']",Push needle through first hole,1,0, A
7,80.76923076923077,"['Get the sewing kit.', 'Get needle.', 'Thread needle', 'Tie thread to needle', 'insert needle through cloth', 'Pull it back out the other hole', 'Push needle through first hole']","['find the button', 'tying a knot with thread']",tying a knot with thread,1,0, A
8,84.61538461538461,"['Get the sewing kit.', 'Get needle.', 'Thread needle', 'Tie thread to needle', 'insert needle through cloth', 'Pull it back out the other hole', 'Push needle through first hole', 'tying a knot with thread']","['Cut off excess thread', 'Put thread in needle']",Cut off excess thread,0,0, A
9,88.46153846153845,"['Get the sewing kit.', 'Get needle.', 'Thread needle', 'Tie thread to needle', 'insert needle through cloth', 'Pull it back out the other hole', 'Push needle through first hole', 'tying a knot with thread', 'Cut off excess thread']","['Put away needle and thread', 'Find sewing kit.']",Put away needle and thread,0,0, A
10,92.3076923076923,"['Get the sewing kit.', 'Get needle.', 'Thread needle', 'Tie thread to needle', 'insert needle through cloth', 'Pull it back out the other hole', 'Push needle through first hole', 'tying a knot with thread', 'Cut off excess thread', 'Put away needle and thread']","['Take a button', 'Check if the button is tight']",Check if the button is tight,1,0, A
0,0.0,[],"['Get out sewing kit', 'Tie off thread']",Get out sewing kit,0,0, A
1,19.230769230769237,['Get out sewing kit'],"['Choose thread to sew button on with.', 'Push needle through button and fabric.']",Choose thread to sew button on with.,0,0, A
2,23.07692307692308,"['Get out sewing kit', 'Choose thread to sew button on with.']","['Tie knot.', 'Look through sewing kit for a button that matches clothing.']",Look through sewing kit for a button that matches clothing.,1,0, A
3,30.76923076923077,"['Get out sewing kit', 'Choose thread to sew button on with.', 'Look through sewing kit for a button that matches clothing.']","['Put away thread and needle', 'Place button on item']",Place button on item,1,0, A
4,61.53846153846154,"['Get out sewing kit', 'Choose thread to sew button on with.', 'Look through sewing kit for a button that matches clothing.', 'Place button on item']","['Get the sewing kit.', 'Push needle through first hole']",Push needle through first hole,1,0, A
5,80.76923076923077,"['Get out sewing kit', 'Choose thread to sew button on with.', 'Look through sewing kit for a button that matches clothing.', 'Place button on item', 'Push needle through first hole']","['When done knot end.', 'Get button']",When done knot end.,0,0, A
0,0.0,[],"['thread the needle', 'get thread, needle, button to be sewn']","get thread, needle, button to be sewn",1,0, A
1,26.923076923076923,"['get thread, needle, button to be sewn']","['Drive to fabric store', 'take the cloth to be sewed']",take the cloth to be sewed,1,0, A
2,46.15384615384615,"['get thread, needle, button to be sewn', 'take the cloth to be sewed']","['Sew button onto item', 'Get thread and needle']",Sew button onto item,0,0, A
3,88.46153846153845,"['get thread, needle, button to be sewn', 'take the cloth to be sewed', 'Sew button onto item']","['Line the button back into place', 'Put needle and thread back in drawer']",Put needle and thread back in drawer,1,0, A
4,92.3076923076923,"['get thread, needle, button to be sewn', 'take the cloth to be sewed', 'Sew button onto item', 'Put needle and thread back in drawer']","['Get a needle', 'Check if the button is tight']",Check if the button is tight,1,0, A
0,0.0,[],"['Drive to fabric store', 'thread needle']",Drive to fabric store,0,0, A
1,19.230769230769237,['Drive to fabric store'],"['Sew button onto item', 'Take out right colored thread.']",Take out right colored thread.,1,0, A
2,30.76923076923077,"['Drive to fabric store', 'Take out right colored thread.']","['Get the sewing kit.', 'place button on cloth where it needs to go']",place button on cloth where it needs to go,1,0, A
3,61.53846153846154,"['Drive to fabric store', 'Take out right colored thread.', 'place button on cloth where it needs to go']","['Holding button at appropriate location, press needle through first hole on button.', 'Get supplies - shirt, new button, thread, needle']","Holding button at appropriate location, press needle through first hole on button.",0,0, A
4,80.76923076923077,"['Drive to fabric store', 'Take out right colored thread.', 'place button on cloth where it needs to go', 'Holding button at appropriate location, press needle through first hole on button.']","['Get thread and needle', 'make sure button is secure']",make sure button is secure,1,0, A
0,0.0,[],"['Drive to fabric store', 'make few passes']",Drive to fabric store,0,0, A
1,19.230769230769237,['Drive to fabric store'],"['Do this through all holes of button', 'Get thread']",Get thread,1,0, A
2,26.923076923076923,"['Drive to fabric store', 'Get thread']","['gather garment for buttoning', 'Repeat several times until button is attached solidly to the fabric.']",gather garment for buttoning,0,0, A
3,30.76923076923077,"['Drive to fabric store', 'Get thread', 'gather garment for buttoning']","['Clean up.', 'Align button']",Align button,1,0, A
4,34.61538461538461,"['Drive to fabric store', 'Get thread', 'gather garment for buttoning', 'Align button']","['Break the thread and tie a final knot', 'Thread needle']",Thread needle,1,0, A
5,53.84615384615385,"['Drive to fabric store', 'Get thread', 'gather garment for buttoning', 'Align button', 'Thread needle']","['Get needle', 'Place needle through button eyelets.']",Place needle through button eyelets.,1,0, A
6,57.692307692307686,"['Drive to fabric store', 'Get thread', 'gather garment for buttoning', 'Align button', 'Thread needle', 'Place needle through button eyelets.']","['Pull til it stops at the knot, push through fabric and another button hole', 'Tie off your thread.']","Pull til it stops at the knot, push through fabric and another button hole",0,0, A
0,0.0,[],"['Get sewing basket', 'Tie end in a knot']",Get sewing basket,0,0, A
1,11.538461538461538,['Get sewing basket'],"['Get needle', 'Loop thread to create knot in thread.']",Get needle,0,0, A
2,30.76923076923077,"['Get sewing basket', 'Get needle']","['Place button on fabric and hold with thumb and index finger', 'Clean up.']",Place button on fabric and hold with thumb and index finger,0,0, A
3,46.15384615384615,"['Get sewing basket', 'Get needle', 'Place button on fabric and hold with thumb and index finger']","['Take out right colored thread.', 'Start to sew the button onto the fabric.']",Start to sew the button onto the fabric.,1,0, A
0,0.0,[],"['Put button on shirt.', 'Drive to fabric store']",Drive to fabric store,1,0, A
1,19.230769230769237,['Drive to fabric store'],"['Cut thread', 'Find similar color thread to use.']",Find similar color thread to use.,1,0, A
2,34.61538461538461,"['Drive to fabric store', 'Find similar color thread to use.']","['Repeat until button is tight', 'Thread a needle.']",Thread a needle.,1,0, A
3,88.46153846153845,"['Drive to fabric store', 'Find similar color thread to use.', 'Thread a needle.']","['Put needle away', 'Place button close to clothing.']",Put needle away,0,0, A
0,0.0,[],"['Drive to fabric store', 'Start sewing']",Drive to fabric store,0,0, A
1,19.230769230769237,['Drive to fabric store'],"['Repeat step 8 until button is sewn on', 'gathering thread']",gathering thread,1,0, A
2,26.923076923076923,"['Drive to fabric store', 'gathering thread']","['get item to be sewn', 'Tie the thread']",get item to be sewn,0,0, A
3,50.0,"['Drive to fabric store', 'gathering thread', 'get item to be sewn']","['Find matching thread', 'pull through on the other side']",pull through on the other side,1,0, A
4,65.38461538461539,"['Drive to fabric store', 'gathering thread', 'get item to be sewn', 'pull through on the other side']","['Get a shirt.', 'Pull needle out other side.']",Pull needle out other side.,1,0, A
5,76.92307692307693,"['Drive to fabric store', 'gathering thread', 'get item to be sewn', 'pull through on the other side', 'Pull needle out other side.']","['Keep repeating the sewing to reinforce the strength', 'get thread']",Keep repeating the sewing to reinforce the strength,0,0, A
6,84.61538461538461,"['Drive to fabric store', 'gathering thread', 'get item to be sewn', 'pull through on the other side', 'Pull needle out other side.', 'Keep repeating the sewing to reinforce the strength']","['Cut the excess thread', 'line new button up with corresponding button hole']",Cut the excess thread,0,0, A
0,0.0,[],"['Gather supplies', 'Take out the needle']",Gather supplies,0,0, A
1,15.384615384615383,['Gather supplies'],"['Select thread of correct color', 'Tie end in a knot']",Select thread of correct color,0,0, A
2,34.61538461538461,"['Gather supplies', 'Select thread of correct color']","['Check new button', 'Thread needle.']",Thread needle.,1,0, A
3,53.84615384615385,"['Gather supplies', 'Select thread of correct color', 'Thread needle.']","['Take button.', 'Crisscross on the button']",Crisscross on the button,1,0, A
4,76.92307692307693,"['Gather supplies', 'Select thread of correct color', 'Thread needle.', 'Crisscross on the button']","['Repeat several times, going through a different hole each time.', 'take the needle and matching thread']","Repeat several times, going through a different hole each time.",0,0, A
5,84.61538461538461,"['Gather supplies', 'Select thread of correct color', 'Thread needle.', 'Crisscross on the button', 'Repeat several times, going through a different hole each time.']","['Cut off any excess thread.', 'Thread the needle']",Cut off any excess thread.,0,0, A
6,88.46153846153845,"['Gather supplies', 'Select thread of correct color', 'Thread needle.', 'Crisscross on the button', 'Repeat several times, going through a different hole each time.', 'Cut off any excess thread.']","['Get a thread and a needle', 'Put away needle and thread']",Put away needle and thread,1,0, A
7,92.3076923076923,"['Gather supplies', 'Select thread of correct color', 'Thread needle.', 'Crisscross on the button', 'Repeat several times, going through a different hole each time.', 'Cut off any excess thread.', 'Put away needle and thread']","['Check the button', 'Pull thread through']",Check the button,0,0, A
0,0.0,[],"['Take out sewing kit.', 'Apply button by driving needle through button']",Take out sewing kit.,0,0, A
1,34.61538461538461,['Take out sewing kit.'],"['slide thread through hole', 'Cut off any loose threads with a scissors.']",slide thread through hole,0,0, A
2,50.0,"['Take out sewing kit.', 'slide thread through hole']","['Poke a hole in the fabric', 'Cut the excess thread']",Poke a hole in the fabric,0,0, A
3,76.92307692307693,"['Take out sewing kit.', 'slide thread through hole', 'Poke a hole in the fabric']","['Continue until the button is on tight', 'Get out needle']",Continue until the button is on tight,0,0, A
0,0.0,[],"['Put button in the right area', 'Find sewing kit']",Find sewing kit,1,0, A
1,19.230769230769237,['Find sewing kit'],"['Cut thread', 'Find thread that matches']",Find thread that matches,1,0, A
2,26.923076923076923,"['Find sewing kit', 'Find thread that matches']","['Thread the opposite diagonal hole with the needle and tighten the string', 'Take the cloth to be sewed']",Take the cloth to be sewed,1,0, A
3,30.76923076923077,"['Find sewing kit', 'Find thread that matches', 'Take the cloth to be sewed']","['Tie knot to secure thread and button to clothes', 'Place the button in the right spot']",Place the button in the right spot,1,0, A
4,50.0,"['Find sewing kit', 'Find thread that matches', 'Take the cloth to be sewed', 'Place the button in the right spot']","['insert needle through cloth', 'Find thread that matches']",insert needle through cloth,0,0, A
5,76.92307692307693,"['Find sewing kit', 'Find thread that matches', 'Take the cloth to be sewed', 'Place the button in the right spot', 'insert needle through cloth']","['Keep threading until the button is firmly attached', 'Take shirt']",Keep threading until the button is firmly attached,0,0, A
0,0.0,[],"['Find shirt', 'Get sewing basket']",Get sewing basket,1,0, A
1,23.07692307692308,['Get sewing basket'],"['Find matching button, or old button.', 'Push through other holes']","Find matching button, or old button.",0,0, A
2,26.923076923076923,"['Get sewing basket', 'Find matching button, or old button.']","['gather garment for buttoning', 'Continue until the button is on tight']",gather garment for buttoning,0,0, A
3,34.61538461538461,"['Get sewing basket', 'Find matching button, or old button.', 'gather garment for buttoning']","['Cut excess thread', 'Thread a needle']",Thread a needle,1,0, A
4,46.15384615384615,"['Get sewing basket', 'Find matching button, or old button.', 'gather garment for buttoning', 'Thread a needle']","['Sew through the holes of the button', 'Get thread']",Sew through the holes of the button,0,0, A
0,0.0,[],"['push the needle through the fabric', 'Drive to fabric store']",Drive to fabric store,1,0, A
1,19.230769230769237,['Drive to fabric store'],"['Find thread', 'Tie the thread round in between the garment and button']",Find thread,0,0, A
2,23.07692307692308,"['Drive to fabric store', 'Find thread']","['get button', 'Sew on button']",get button,0,0, A
3,34.61538461538461,"['Drive to fabric store', 'Find thread', 'get button']","['Thread needle.', 'Cut off excess thread']",Thread needle.,0,0, A
4,88.46153846153845,"['Drive to fabric store', 'Find thread', 'get button', 'Thread needle.']","['Put away needle and thread', 'Take a matching button']",Put away needle and thread,0,0, A
5,92.3076923076923,"['Drive to fabric store', 'Find thread', 'get button', 'Thread needle.', 'Put away needle and thread']","['Check if the button is tight', 'Find some thread']",Check if the button is tight,0,0, A
0,0.0,[],"['Drive to fabric store', 'Put thread through needle.']",Drive to fabric store,0,0, A
1,19.230769230769237,['Drive to fabric store'],"[""Make sure it's secure"", 'Get some thread']",Get some thread,1,0, A
2,34.61538461538461,"['Drive to fabric store', 'Get some thread']","['when done tie the end properly', 'Insert thread in needle']",Insert thread in needle,1,0, A
3,38.46153846153847,"['Drive to fabric store', 'Get some thread', 'Insert thread in needle']","['Cut the thread near the needle to finish', 'Tie knot in thread.']",Tie knot in thread.,1,0, A
4,42.30769230769231,"['Drive to fabric store', 'Get some thread', 'Insert thread in needle', 'Tie knot in thread.']","['Cut away any loose threads.', 'Check the button']",Cut away any loose threads.,0,0, A
5,61.53846153846154,"['Drive to fabric store', 'Get some thread', 'Insert thread in needle', 'Tie knot in thread.', 'Cut away any loose threads.']","['Cut thread', 'push the needle through the button']",push the needle through the button,1,0, A
6,80.76923076923077,"['Drive to fabric store', 'Get some thread', 'Insert thread in needle', 'Tie knot in thread.', 'Cut away any loose threads.', 'push the needle through the button']","['Make a knot', 'Thread the needle']",Make a knot,0,0, A
0,0.0,[],"['Tie thread at end', 'Grab the fabric and button']",Grab the fabric and button,1,0, A
1,7.6923076923076925,['Grab the fabric and button'],"['Get needle and thread', 'Knot the ends of the thread together.']",Get needle and thread,0,0, A
2,26.923076923076923,"['Grab the fabric and button', 'Get needle and thread']","['Find sewing kit.', 'Lay down garment']",Lay down garment,1,0, A
3,34.61538461538461,"['Grab the fabric and button', 'Get needle and thread', 'Lay down garment']","['Thread the needle', 'Repeat procedure until button is secure']",Thread the needle,0,0, A
4,50.0,"['Grab the fabric and button', 'Get needle and thread', 'Lay down garment', 'Thread the needle']","['gather needle and thread', 'Push the needle through the fabric']",Push the needle through the fabric,1,0, A
5,65.38461538461539,"['Grab the fabric and button', 'Get needle and thread', 'Lay down garment', 'Thread the needle', 'Push the needle through the fabric']","['pull needle through to knot', 'Take a needle and required thread']",pull needle through to knot,0,0, A
6,76.92307692307693,"['Grab the fabric and button', 'Get needle and thread', 'Lay down garment', 'Thread the needle', 'Push the needle through the fabric', 'pull needle through to knot']","['Keep threading until the button is firmly attached', 'Get sewing kit']",Keep threading until the button is firmly attached,0,0, A
7,84.61538461538461,"['Grab the fabric and button', 'Get needle and thread', 'Lay down garment', 'Thread the needle', 'Push the needle through the fabric', 'pull needle through to knot', 'Keep threading until the button is firmly attached']","['Cut off remaining thread', 'Look through sewing kit for a button that matches clothing.']",Cut off remaining thread,0,0, A
8,88.46153846153845,"['Grab the fabric and button', 'Get needle and thread', 'Lay down garment', 'Thread the needle', 'Push the needle through the fabric', 'pull needle through to knot', 'Keep threading until the button is firmly attached', 'Cut off remaining thread']","['put needle and thread away', 'Get button']",put needle and thread away,0,0, A
9,92.3076923076923,"['Grab the fabric and button', 'Get needle and thread', 'Lay down garment', 'Thread the needle', 'Push the needle through the fabric', 'pull needle through to knot', 'Keep threading until the button is firmly attached', 'Cut off remaining thread', 'put needle and thread away']","['Start to sew on button', 'Check the button']",Check the button,1,0, A
0,0.0,[],"['Grab the fabric and button', 'Push the needle through one button hole and back out another hole']",Grab the fabric and button,0,0, A
1,26.923076923076923,['Grab the fabric and button'],"['Place item on flat surface', 'Repeat 4 or 5 times']",Place item on flat surface,0,0, A
2,34.61538461538461,"['Grab the fabric and button', 'Place item on flat surface']","['Do this through all holes of button', 'Thread the needle']",Thread the needle,1,0, A
3,50.0,"['Grab the fabric and button', 'Place item on flat surface', 'Thread the needle']","['Put needle and thread through shirt', 'Get a sewing needle.']",Put needle and thread through shirt,0,0, A
4,65.38461538461539,"['Grab the fabric and button', 'Place item on flat surface', 'Thread the needle', 'Put needle and thread through shirt']","['Put the needle thorough the back of the button hole.', 'Find an extra button']",Put the needle thorough the back of the button hole.,0,0, A
5,69.23076923076923,"['Grab the fabric and button', 'Place item on flat surface', 'Thread the needle', 'Put needle and thread through shirt', 'Put the needle thorough the back of the button hole.']","['Put thread through needle hole', 'Push needle under material to next hole']",Push needle under material to next hole,1,0, A
0,0.0,[],"['Get your sewing kit', 'Sew the button in place with the needle and thread']",Get your sewing kit,0,0, A
1,23.07692307692308,['Get your sewing kit'],"['Knot thread', 'Get button']",Get button,1,0, A
2,50.0,"['Get your sewing kit', 'Get button']","['Starting on inside of garment, push through with needle.', 'Get needle and thread']","Starting on inside of garment, push through with needle.",0,0, A
3,80.76923076923077,"['Get your sewing kit', 'Get button', 'Starting on inside of garment, push through with needle.']","['Get scissors, needle, button and thread', 'Tie off thread']",Tie off thread,1,0, A
4,88.46153846153845,"['Get your sewing kit', 'Get button', 'Starting on inside of garment, push through with needle.', 'Tie off thread']","['Clean up.', 'FIND THE REPLACEMENT BUTTON']",Clean up.,0,0, A
5,92.3076923076923,"['Get your sewing kit', 'Get button', 'Starting on inside of garment, push through with needle.', 'Tie off thread', 'Clean up.']","['Check if the button is tight', 'Put the button in the correct spot.']",Check if the button is tight,0,0, A
0,0.0,[],"['Find sewing kit', 'use needle and thread to sew button onto shirt']",Find sewing kit,0,0, A
1,34.61538461538461,['Find sewing kit'],"['thread the needle', 'Pass the needle through the second button hole']",thread the needle,0,0, A
2,61.53846153846154,"['Find sewing kit', 'thread the needle']","['Sew button onto fabric through the first hole', 'Get the item of clothing the button is to go on']",Sew button onto fabric through the first hole,0,0, A
3,76.92307692307693,"['Find sewing kit', 'thread the needle', 'Sew button onto fabric through the first hole']","['Find the location where button needs to be sewn.', 'Repeat several times, going through a different hole each time.']","Repeat several times, going through a different hole each time.",1,0, A
0,0.0,[],"['Take out sewing kit.', 'Stitch the button on']",Take out sewing kit.,0,0, A
1,7.6923076923076925,['Take out sewing kit.'],"['Get needle and thread', 'Put needle in other button hole.']",Get needle and thread,0,0, A
2,23.07692307692308,"['Take out sewing kit.', 'Get needle and thread']","['Secure the button with a knot', 'Get your button']",Get your button,1,0, A
3,26.923076923076923,"['Take out sewing kit.', 'Get needle and thread', 'Get your button']","['carefully cut off old button if exists', 'tying a knot with thread']",carefully cut off old button if exists,0,0, A
4,30.76923076923077,"['Take out sewing kit.', 'Get needle and thread', 'Get your button', 'carefully cut off old button if exists']","['cut the thread', 'Hold button to material.']",Hold button to material.,1,0, A
5,34.61538461538461,"['Take out sewing kit.', 'Get needle and thread', 'Get your button', 'carefully cut off old button if exists', 'Hold button to material.']","['Thread needle.', 'Cut off end from needle']",Thread needle.,0,0, A
6,53.84615384615385,"['Take out sewing kit.', 'Get needle and thread', 'Get your button', 'carefully cut off old button if exists', 'Hold button to material.', 'Thread needle.']","['Get a needle', 'Pull thread through opposite button hole']",Pull thread through opposite button hole,1,0, A
7,80.76923076923077,"['Take out sewing kit.', 'Get needle and thread', 'Get your button', 'carefully cut off old button if exists', 'Hold button to material.', 'Thread needle.', 'Pull thread through opposite button hole']","['Get button', 'Tie the thread in a knot to secure it']",Tie the thread in a knot to secure it,1,0, A
8,88.46153846153845,"['Take out sewing kit.', 'Get needle and thread', 'Get your button', 'carefully cut off old button if exists', 'Hold button to material.', 'Thread needle.', 'Pull thread through opposite button hole', 'Tie the thread in a knot to secure it']","['Put needle and thread back in drawer', 'Find matching thread']",Put needle and thread back in drawer,0,0, A
0,0.0,[],"['Thread one hole with the needle', 'Find sewing kit.']",Find sewing kit.,1,0, A
1,19.230769230769237,['Find sewing kit.'],"['Place needle through button eyelets.', 'Take out right colored thread.']",Take out right colored thread.,1,0, A
2,34.61538461538461,"['Find sewing kit.', 'Take out right colored thread.']","['repeat 6 more times', 'put thread in needle']",put thread in needle,1,0, A
3,61.53846153846154,"['Find sewing kit.', 'Take out right colored thread.', 'put thread in needle']","['Cut thread', 'Holding button at appropriate location, press needle through first hole on button.']","Holding button at appropriate location, press needle through first hole on button.",1,0, A
4,65.38461538461539,"['Find sewing kit.', 'Take out right colored thread.', 'put thread in needle', 'Holding button at appropriate location, press needle through first hole on button.']","['Put the button up to the garment', 'Then push needle through material']",Then push needle through material,1,0, A
5,76.92307692307693,"['Find sewing kit.', 'Take out right colored thread.', 'put thread in needle', 'Holding button at appropriate location, press needle through first hole on button.', 'Then push needle through material']","['Repeat', 'Find button']",Repeat,0,0, A
0,0.0,[],"['repeat 5-8 several times until button is secure', 'Gather supplies']",Gather supplies,1,0, A
1,7.6923076923076925,['Gather supplies'],"['tie thread at the end', 'Find some thread and needle']",Find some thread and needle,1,0, A
2,26.923076923076923,"['Gather supplies', 'Find some thread and needle']","['Place item on flat surface', 'Tie the thread in a knot to secure it']",Place item on flat surface,0,0, A
3,34.61538461538461,"['Gather supplies', 'Find some thread and needle', 'Place item on flat surface']","['Repeat until button is tight', 'Thread needle with matching thread']",Thread needle with matching thread,1,0, A
4,50.0,"['Gather supplies', 'Find some thread and needle', 'Place item on flat surface', 'Thread needle with matching thread']","['Find a needle', 'push needle through button and shirt']",push needle through button and shirt,1,0, A
5,53.84615384615385,"['Gather supplies', 'Find some thread and needle', 'Place item on flat surface', 'Thread needle with matching thread', 'push needle through button and shirt']","['take the cloth to be sewed', 'Pull the needle through a hole in the button, then back into the fabric']","Pull the needle through a hole in the button, then back into the fabric",1,0, A
0,0.0,[],"['thread needle with thread', 'Get a thimble']",Get a thimble,1,0, A
1,26.923076923076923,['Get a thimble'],"['Take the cloth to be sewed', 'Place needle through button eyelets.']",Take the cloth to be sewed,0,0, A
2,50.0,"['Get a thimble', 'Take the cloth to be sewed']","['pull through on the other side', 'get thread and needle']",pull through on the other side,0,0, A
3,61.53846153846154,"['Get a thimble', 'Take the cloth to be sewed', 'pull through on the other side']","['take needle bring up through the back of the item', 'Cut away any extra string']",take needle bring up through the back of the item,0,0, A
4,65.38461538461539,"['Get a thimble', 'Take the cloth to be sewed', 'pull through on the other side', 'take needle bring up through the back of the item']","['Put thread in it', 'pull needle through to knot']",pull needle through to knot,1,0, A
5,76.92307692307693,"['Get a thimble', 'Take the cloth to be sewed', 'pull through on the other side', 'take needle bring up through the back of the item', 'pull needle through to knot']","['Get needle', 'Repeat until sewed on.']",Repeat until sewed on.,1,0, A
6,84.61538461538461,"['Get a thimble', 'Take the cloth to be sewed', 'pull through on the other side', 'take needle bring up through the back of the item', 'pull needle through to knot', 'Repeat until sewed on.']","['Get thread', 'Cut off excess thread']",Cut off excess thread,1,0, A
0,0.0,[],"['Get clothes', 'get sewing kit']",get sewing kit,1,0, A
1,19.230769230769237,['get sewing kit'],"['Get thread', 'Continue sewing in an X pattern until the button is secure.']",Get thread,0,0, A
2,26.923076923076923,"['get sewing kit', 'Get thread']","['Find sewing kit', 'Get clothing']",Get clothing,1,0, A
3,34.61538461538461,"['get sewing kit', 'Get thread', 'Get clothing']","['tug to make sure it is secure', 'thread the needle']",thread the needle,1,0, A
4,61.53846153846154,"['get sewing kit', 'Get thread', 'Get clothing', 'thread the needle']","['Push needle through first hole', 'Grab the garment that you would like to sew the button to.']",Push needle through first hole,0,0, A
5,65.38461538461539,"['get sewing kit', 'Get thread', 'Get clothing', 'thread the needle', 'Push needle through first hole']","['Put the needle thorough the back of the button hole.', 'Tie a knot at the end of thread']",Put the needle thorough the back of the button hole.,0,0, A
6,76.92307692307693,"['get sewing kit', 'Get thread', 'Get clothing', 'thread the needle', 'Push needle through first hole', 'Put the needle thorough the back of the button hole.']","['Get thread and needle', ""Make 4 x's in button.""]",Make 4 x's in button.,1,0, A
0,0.0,[],"['Insert the thread through the button', 'Get out needle, thread, button, and clothing item.']","Get out needle, thread, button, and clothing item.",1,0, A
1,15.384615384615383,"['Get out needle, thread, button, and clothing item.']","['Repeat for remaining holes', 'Choose thread color']",Choose thread color,1,0, A
2,23.07692307692308,"['Get out needle, thread, button, and clothing item.', 'Choose thread color']","['Find a button', 'Do this several times until the button is secure']",Find a button,0,0, A
3,50.0,"['Get out needle, thread, button, and clothing item.', 'Choose thread color', 'Find a button']","['Prepare needle and thread.', 'Stick the needle through']",Stick the needle through,1,0, A
4,53.84615384615385,"['Get out needle, thread, button, and clothing item.', 'Choose thread color', 'Find a button', 'Stick the needle through']","['Find some thread', 'Continue to push and pull needle through button holes until button is secure']",Continue to push and pull needle through button holes until button is secure,1,0, A
0,0.0,[],"['Find sewing kit.', 'Get back the needle through the third button hole']",Find sewing kit.,0,0, A
1,19.230769230769237,['Find sewing kit.'],"['Find a thread', 'Sew the button on the cloth using the needle']",Find a thread,0,0, A
2,30.76923076923077,"['Find sewing kit.', 'Find a thread']","['Find placement for new button.', 'Loop thread to create knot in thread.']",Find placement for new button.,0,0, A
3,50.0,"['Find sewing kit.', 'Find a thread', 'Find placement for new button.']","['getting out thread', 'Push needle through back of clothes and through hole of button']",Push needle through back of clothes and through hole of button,1,0, A
4,61.53846153846154,"['Find sewing kit.', 'Find a thread', 'Find placement for new button.', 'Push needle through back of clothes and through hole of button']","['Get a needle and thread.', 'Sew button onto fabric through the first hole']",Sew button onto fabric through the first hole,1,0, A
5,76.92307692307693,"['Find sewing kit.', 'Find a thread', 'Find placement for new button.', 'Push needle through back of clothes and through hole of button', 'Sew button onto fabric through the first hole']","['repeat', 'Take out thread and needle']",repeat,0,0, A
6,84.61538461538461,"['Find sewing kit.', 'Find a thread', 'Find placement for new button.', 'Push needle through back of clothes and through hole of button', 'Sew button onto fabric through the first hole', 'repeat']","['Get shirt', 'break the thread']",break the thread,1,0, A
0,0.0,[],"['take needle bring up through the back of the item', 'Get sewing kit']",Get sewing kit,1,0, A
1,11.538461538461538,['Get sewing kit'],"['Find a needle', 'Keep threading until the button is firmly attached']",Find a needle,0,0, A
2,34.61538461538461,"['Get sewing kit', 'Find a needle']","['Push thread through needle and tie in a knot', 'Ending again in the back of the garment cut off the thread.']",Push thread through needle and tie in a knot,0,0, A
3,61.53846153846154,"['Get sewing kit', 'Find a needle', 'Push thread through needle and tie in a knot']","['push the needle through the button', 'Put everything away.']",push the needle through the button,0,0, A
4,80.76923076923077,"['Get sewing kit', 'Find a needle', 'Push thread through needle and tie in a knot', 'push the needle through the button']","['make sure button is secure', 'Get the sewing kit.']",make sure button is secure,0,0, A
5,84.61538461538461,"['Get sewing kit', 'Find a needle', 'Push thread through needle and tie in a knot', 'push the needle through the button', 'make sure button is secure']","['Place item on flat surface', 'cut the thread when finished']",cut the thread when finished,1,0, A
6,88.46153846153845,"['Get sewing kit', 'Find a needle', 'Push thread through needle and tie in a knot', 'push the needle through the button', 'make sure button is secure', 'cut the thread when finished']","['Lay down garment', 'Clean up.']",Clean up.,1,0, A
0,0.0,[],"['Drive to fabric store', 'Repeat the inserting as above for about 10 times']",Drive to fabric store,0,0, A
1,19.230769230769237,['Drive to fabric store'],"['Put the thread through the button and start threading', 'get thread']",get thread,1,0, A
2,26.923076923076923,"['Drive to fabric store', 'get thread']","['Tie knot on thread.', 'Get clothes']",Get clothes,1,0, A
3,34.61538461538461,"['Drive to fabric store', 'get thread', 'Get clothes']","['Make knot between thread and clothing.', 'Thread the needle']",Thread the needle,1,0, A
4,53.84615384615385,"['Drive to fabric store', 'get thread', 'Get clothes', 'Thread the needle']","['Select thread', 'Pull through other end']",Pull through other end,1,0, A
5,57.692307692307686,"['Drive to fabric store', 'get thread', 'Get clothes', 'Thread the needle', 'Pull through other end']","['Insert needle through first side of button (step 3)', 'cut the thread']",Insert needle through first side of button (step 3),0,0, A
6,76.92307692307693,"['Drive to fabric store', 'get thread', 'Get clothes', 'Thread the needle', 'Pull through other end', 'Insert needle through first side of button (step 3)']","['Repeat this until the button is secure', 'Get needle']",Repeat this until the button is secure,0,0, A
0,0.0,[],"['place button where you want it', 'Get out sewing kit']",Get out sewing kit,1,0, A
1,7.6923076923076925,['Get out sewing kit'],"['Get a needle and thread.', 'Cut off any loose threads with a scissors.']",Get a needle and thread.,0,0, A
2,26.923076923076923,"['Get out sewing kit', 'Get a needle and thread.']","['Lay down garment', 'Wrap the thread']",Lay down garment,0,0, A
3,30.76923076923077,"['Get out sewing kit', 'Get a needle and thread.', 'Lay down garment']","['Hold button in place on clothing.', 'tie thread at the end']",Hold button in place on clothing.,0,0, A
4,34.61538461538461,"['Get out sewing kit', 'Get a needle and thread.', 'Lay down garment', 'Hold button in place on clothing.']","['thread a needle', 'Continue sewing in an X pattern until the button is secure.']",thread a needle,0,0, A
5,46.15384615384615,"['Get out sewing kit', 'Get a needle and thread.', 'Lay down garment', 'Hold button in place on clothing.', 'thread a needle']","['moving the needle in and out of the button holes', 'Get a needle and thread']",moving the needle in and out of the button holes,0,0, A
6,88.46153846153845,"['Get out sewing kit', 'Get a needle and thread.', 'Lay down garment', 'Hold button in place on clothing.', 'thread a needle', 'moving the needle in and out of the button holes']","['Put away thread and needle', 'Purchase thread']",Put away thread and needle,0,0, A
0,0.0,[],"['Put everything away.', 'Get your sewing kit']",Get your sewing kit,1,0, A
1,7.6923076923076925,['Get your sewing kit'],"['Collect thread and needle.', 'Put needle through button and clothing.']",Collect thread and needle.,0,0, A
2,30.76923076923077,"['Get your sewing kit', 'Collect thread and needle.']","['repeat 6 more times', 'place the button']",place the button,1,0, A
3,46.15384615384615,"['Get your sewing kit', 'Collect thread and needle.', 'place the button']","['Move needle in and out of button holes to secure to shirt.', 'take the button']",Move needle in and out of button holes to secure to shirt.,0,0, A
4,61.53846153846154,"['Get your sewing kit', 'Collect thread and needle.', 'place the button', 'Move needle in and out of button holes to secure to shirt.']","['push the needle through the button', 'Cut off the extra thread']",push the needle through the button,0,0, A
5,76.92307692307693,"['Get your sewing kit', 'Collect thread and needle.', 'place the button', 'Move needle in and out of button holes to secure to shirt.', 'push the needle through the button']","['repeat until button is secure', 'Line the button back into place']",repeat until button is secure,0,0, A
6,80.76923076923077,"['Get your sewing kit', 'Collect thread and needle.', 'place the button', 'Move needle in and out of button holes to secure to shirt.', 'push the needle through the button', 'repeat until button is secure']","['Tie off knot with thread.', 'Get needle and thread']",Tie off knot with thread.,0,0, A
7,84.61538461538461,"['Get your sewing kit', 'Collect thread and needle.', 'place the button', 'Move needle in and out of button holes to secure to shirt.', 'push the needle through the button', 'repeat until button is secure', 'Tie off knot with thread.']","['Cut off any excess thread.', 'find the needle']",Cut off any excess thread.,0,0, A
8,88.46153846153845,"['Get your sewing kit', 'Collect thread and needle.', 'place the button', 'Move needle in and out of button holes to secure to shirt.', 'push the needle through the button', 'repeat until button is secure', 'Tie off knot with thread.', 'Cut off any excess thread.']","['Clean up.', 'getting out thread']",Clean up.,0,0, A
0,0.0,[],"['Repeat for all holes to reinforce', 'Drive to fabric store']",Drive to fabric store,1,0, A
1,19.230769230769237,['Drive to fabric store'],"['Cut a length of thread more than double what you will need', 'Apply button by driving needle through button']",Cut a length of thread more than double what you will need,0,0, A
2,30.76923076923077,"['Drive to fabric store', 'Cut a length of thread more than double what you will need']","['Repeat the inserting as above for about 10 times', 'Mark on clothing where button is to go']",Mark on clothing where button is to go,1,0, A
3,42.30769230769231,"['Drive to fabric store', 'Cut a length of thread more than double what you will need', 'Mark on clothing where button is to go']","['Cut away old strings', 'Repeat procedure until button is secure']",Cut away old strings,0,0, A
4,61.53846153846154,"['Drive to fabric store', 'Cut a length of thread more than double what you will need', 'Mark on clothing where button is to go', 'Cut away old strings']","['Holding button at appropriate location, press needle through first hole on button.', 'Get a needle and thread']","Holding button at appropriate location, press needle through first hole on button.",0,0, A
5,65.38461538461539,"['Drive to fabric store', 'Cut a length of thread more than double what you will need', 'Mark on clothing where button is to go', 'Cut away old strings', 'Holding button at appropriate location, press needle through first hole on button.']","['Sew button through second hole', 'Tie knot in other end of thread']",Sew button through second hole,0,0, A
6,69.23076923076923,"['Drive to fabric store', 'Cut a length of thread more than double what you will need', 'Mark on clothing where button is to go', 'Cut away old strings', 'Holding button at appropriate location, press needle through first hole on button.', 'Sew button through second hole']","['Find similar button', 'Put needle in other button hole.']",Put needle in other button hole.,1,0, A
7,73.07692307692307,"['Drive to fabric store', 'Cut a length of thread more than double what you will need', 'Mark on clothing where button is to go', 'Cut away old strings', 'Holding button at appropriate location, press needle through first hole on button.', 'Sew button through second hole', 'Put needle in other button hole.']","['find button', 'Repeat for remaining holes']",Repeat for remaining holes,1,0, A
8,84.61538461538461,"['Drive to fabric store', 'Cut a length of thread more than double what you will need', 'Mark on clothing where button is to go', 'Cut away old strings', 'Holding button at appropriate location, press needle through first hole on button.', 'Sew button through second hole', 'Put needle in other button hole.', 'Repeat for remaining holes']","['Snip excess thread off', 'Get needle and thread']",Snip excess thread off,0,0, A
0,0.0,[],"['Get out sewing kit.', 'cut the thread']",Get out sewing kit.,0,0, A
1,11.538461538461538,['Get out sewing kit.'],"['Tie a knot at the end of thread', 'Find a needle']",Find a needle,1,0, A
2,23.07692307692308,"['Get out sewing kit.', 'Find a needle']","['Cut thread', 'FIND THE REPLACEMENT BUTTON']",FIND THE REPLACEMENT BUTTON,1,0, A
3,26.923076923076923,"['Get out sewing kit.', 'Find a needle', 'FIND THE REPLACEMENT BUTTON']","['Remove the old button', 'push the needle through the button']",Remove the old button,0,0, A
4,30.76923076923077,"['Get out sewing kit.', 'Find a needle', 'FIND THE REPLACEMENT BUTTON', 'Remove the old button']","['Cut the excess thread', 'attach button']",attach button,1,0, A
5,34.61538461538461,"['Get out sewing kit.', 'Find a needle', 'FIND THE REPLACEMENT BUTTON', 'Remove the old button', 'attach button']","['make sure button is secure', 'Hook thread through needle']",Hook thread through needle,1,0, A
6,53.84615384615385,"['Get out sewing kit.', 'Find a needle', 'FIND THE REPLACEMENT BUTTON', 'Remove the old button', 'attach button', 'Hook thread through needle']","['Take shirt', 'repeat the same way']",repeat the same way,1,0, A
7,57.692307692307686,"['Get out sewing kit.', 'Find a needle', 'FIND THE REPLACEMENT BUTTON', 'Remove the old button', 'attach button', 'Hook thread through needle', 'repeat the same way']","['Find thread that matches button color.', 'Pull through']",Pull through,1,0, A
8,76.92307692307693,"['Get out sewing kit.', 'Find a needle', 'FIND THE REPLACEMENT BUTTON', 'Remove the old button', 'attach button', 'Hook thread through needle', 'repeat the same way', 'Pull through']","['Continue until the button is securely on the clothing', 'Get button']",Continue until the button is securely on the clothing,0,0, A
9,84.61538461538461,"['Get out sewing kit.', 'Find a needle', 'FIND THE REPLACEMENT BUTTON', 'Remove the old button', 'attach button', 'Hook thread through needle', 'repeat the same way', 'Pull through', 'Continue until the button is securely on the clothing']","['Get needle', 'Cut thread.']",Cut thread.,1,0, A
10,88.46153846153845,"['Get out sewing kit.', 'Find a needle', 'FIND THE REPLACEMENT BUTTON', 'Remove the old button', 'attach button', 'Hook thread through needle', 'repeat the same way', 'Pull through', 'Continue until the button is securely on the clothing', 'Cut thread.']","['Put everything away.', 'Cut length of thread']",Put everything away.,0,0, A
11,92.3076923076923,"['Get out sewing kit.', 'Find a needle', 'FIND THE REPLACEMENT BUTTON', 'Remove the old button', 'attach button', 'Hook thread through needle', 'repeat the same way', 'Pull through', 'Continue until the button is securely on the clothing', 'Cut thread.', 'Put everything away.']","['get needle', 'Check new button']",Check new button,1,0, A
0,0.0,[],"['Drive to fabric store', 'thread a needle']",Drive to fabric store,0,0, A
1,19.230769230769237,['Drive to fabric store'],"['Find thread', 'Tie ends.']",Find thread,0,0, A
2,23.07692307692308,"['Drive to fabric store', 'Find thread']","['cut thread from button', 'Get a replacement button.']",Get a replacement button.,1,0, A
3,34.61538461538461,"['Drive to fabric store', 'Find thread', 'Get a replacement button.']","['Thread needle.', 'repeat steps 4-5 until button is secured to shirt']",Thread needle.,0,0, A
4,61.53846153846154,"['Drive to fabric store', 'Find thread', 'Get a replacement button.', 'Thread needle.']","['Cut excess thread', 'Holding button at appropriate location, press needle through first hole on button.']","Holding button at appropriate location, press needle through first hole on button.",1,0, A
5,76.92307692307693,"['Drive to fabric store', 'Find thread', 'Get a replacement button.', 'Thread needle.', 'Holding button at appropriate location, press needle through first hole on button.']","['Thread a needle', 'Repeat several times until button is secure']",Repeat several times until button is secure,1,0, A
6,80.76923076923077,"['Drive to fabric store', 'Find thread', 'Get a replacement button.', 'Thread needle.', 'Holding button at appropriate location, press needle through first hole on button.', 'Repeat several times until button is secure']","['Make a knot', 'Take shirt']",Make a knot,0,0, A
7,88.46153846153845,"['Drive to fabric store', 'Find thread', 'Get a replacement button.', 'Thread needle.', 'Holding button at appropriate location, press needle through first hole on button.', 'Repeat several times until button is secure', 'Make a knot']","['put needle and thread away', 'Push needle through other hole of button and through clothes']",put needle and thread away,0,0, A
8,92.3076923076923,"['Drive to fabric store', 'Find thread', 'Get a replacement button.', 'Thread needle.', 'Holding button at appropriate location, press needle through first hole on button.', 'Repeat several times until button is secure', 'Make a knot', 'put needle and thread away']","['Check new button', 'Find thread that matches']",Check new button,0,0, A
0,0.0,[],"['Cut excess thread', 'Get scissors, needle, button and thread']","Get scissors, needle, button and thread",1,0, A
1,26.923076923076923,"['Get scissors, needle, button and thread']","['grab object the button is being sewed', 'Push needle through back of clothes and through hole of button']",grab object the button is being sewed,0,0, A
2,30.76923076923077,"['Get scissors, needle, button and thread', 'grab object the button is being sewed']","['Pull til it stops at the knot, push through fabric and another button hole', 'place button where you want it']",place button where you want it,1,0, A
3,53.84615384615385,"['Get scissors, needle, button and thread', 'grab object the button is being sewed', 'place button where you want it']","['Sew needle through other holes in an X formation', 'Get a thread and a needle']",Sew needle through other holes in an X formation,0,0, A
0,0.0,[],"['Sew through holes or shank in button.', 'Grab the fabric and button']",Grab the fabric and button,1,0, A
1,30.76923076923077,['Grab the fabric and button'],"['Find placement for new button.', 'cut remaining thread away']",Find placement for new button.,0,0, A
2,61.53846153846154,"['Grab the fabric and button', 'Find placement for new button.']","['Put everything away.', 'Put needle into one button hole through shirt.']",Put needle into one button hole through shirt.,1,0, A
3,80.76923076923077,"['Grab the fabric and button', 'Find placement for new button.', 'Put needle into one button hole through shirt.']","['Tie off the end of the thread', 'taking the right button out']",Tie off the end of the thread,0,0, A
0,0.0,[],"['Drive to fabric store', 'Thread needle']",Drive to fabric store,0,0, A
1,19.230769230769237,['Drive to fabric store'],"['Put needle away', 'Get some thread']",Get some thread,1,0, A
2,26.923076923076923,"['Drive to fabric store', 'Get some thread']","['Then push needle through material', 'Get a piece of clothing.']",Get a piece of clothing.,1,0, A
3,46.15384615384615,"['Drive to fabric store', 'Get some thread', 'Get a piece of clothing.']","['Push the needle through one button hole and back out another hole', 'Find replacement button.']",Push the needle through one button hole and back out another hole,0,0, A
4,50.0,"['Drive to fabric store', 'Get some thread', 'Get a piece of clothing.', 'Push the needle through one button hole and back out another hole']","['Put needle through one hole', 'Find needle']",Put needle through one hole,0,0, A
5,61.53846153846154,"['Drive to fabric store', 'Get some thread', 'Get a piece of clothing.', 'Push the needle through one button hole and back out another hole', 'Put needle through one hole']","['Cut loose ends.', 'Push needle through first hole']",Push needle through first hole,1,0, A
6,65.38461538461539,"['Drive to fabric store', 'Get some thread', 'Get a piece of clothing.', 'Push the needle through one button hole and back out another hole', 'Put needle through one hole', 'Push needle through first hole']","['Find a button', 'Slide button onto needle and thread.']",Slide button onto needle and thread.,1,0, A
7,76.92307692307693,"['Drive to fabric store', 'Get some thread', 'Get a piece of clothing.', 'Push the needle through one button hole and back out another hole', 'Put needle through one hole', 'Push needle through first hole', 'Slide button onto needle and thread.']","['repeat 5-8 several times until button is secure', 'Get a thread and a needle']",repeat 5-8 several times until button is secure,0,0, A
8,84.61538461538461,"['Drive to fabric store', 'Get some thread', 'Get a piece of clothing.', 'Push the needle through one button hole and back out another hole', 'Put needle through one hole', 'Push needle through first hole', 'Slide button onto needle and thread.', 'repeat 5-8 several times until button is secure']","['Cut thread', 'Get thread']",Cut thread,0,0, A
0,0.0,[],"['Cut away any extra string', 'Get sewing kit']",Get sewing kit,1,0, A
1,7.6923076923076925,['Get sewing kit'],"['Do this several times until the button is secure', 'Find a needle and thread']",Find a needle and thread,1,0, A
2,26.923076923076923,"['Get sewing kit', 'Find a needle and thread']","['Lay down garment', 'Put needle and thread back in drawer']",Lay down garment,0,0, A
3,30.76923076923077,"['Get sewing kit', 'Find a needle and thread', 'Lay down garment']","['Place button where it is to be sewed', 'cut the thread']",Place button where it is to be sewed,0,0, A
4,46.15384615384615,"['Get sewing kit', 'Find a needle and thread', 'Lay down garment', 'Place button where it is to be sewed']","['Start to sew on button', 'Find a button']",Start to sew on button,0,0, A
5,53.84615384615385,"['Get sewing kit', 'Find a needle and thread', 'Lay down garment', 'Place button where it is to be sewed', 'Start to sew on button']","['Run needle and thread through button hole and fabric hole', 'Find shirt']",Run needle and thread through button hole and fabric hole,0,0, A
6,84.61538461538461,"['Get sewing kit', 'Find a needle and thread', 'Lay down garment', 'Place button where it is to be sewed', 'Start to sew on button', 'Run needle and thread through button hole and fabric hole']","['find needle and thread', 'Cut thread']",Cut thread,1,0, A
0,0.0,[],"['make sure button is secure', 'Get a thimble']",Get a thimble,1,0, A
1,7.6923076923076925,['Get a thimble'],"['Sew button.', 'Collect thread and needle.']",Collect thread and needle.,1,0, A
2,30.76923076923077,"['Get a thimble', 'Collect thread and needle.']","['tie knot on thread', 'Place button onto item of clothing']",Place button onto item of clothing,1,0, A
3,53.84615384615385,"['Get a thimble', 'Collect thread and needle.', 'Place button onto item of clothing']","['pull thread forward', 'Take needle from sewing kit']",pull thread forward,0,0, A
4,57.692307692307686,"['Get a thimble', 'Collect thread and needle.', 'Place button onto item of clothing', 'pull thread forward']","['get thread, needle, button to be sewn', 'Place needle through clothing.']",Place needle through clothing.,1,0, A
5,76.92307692307693,"['Get a thimble', 'Collect thread and needle.', 'Place button onto item of clothing', 'pull thread forward', 'Place needle through clothing.']","['attach button to shirt', ""Make 4 x's in button.""]",Make 4 x's in button.,1,0, A
6,80.76923076923077,"['Get a thimble', 'Collect thread and needle.', 'Place button onto item of clothing', 'pull thread forward', 'Place needle through clothing.', ""Make 4 x's in button.""]","['THREAD THE THREAD ONTO THE NEEDLE', 'Loop thread to create knot in thread.']",Loop thread to create knot in thread.,1,0, A
7,88.46153846153845,"['Get a thimble', 'Collect thread and needle.', 'Place button onto item of clothing', 'pull thread forward', 'Place needle through clothing.', ""Make 4 x's in button."", 'Loop thread to create knot in thread.']","['Put needle and thread back in drawer', 'Push needle through back of clothes and through hole of button']",Put needle and thread back in drawer,0,0, A
8,92.3076923076923,"['Get a thimble', 'Collect thread and needle.', 'Place button onto item of clothing', 'pull thread forward', 'Place needle through clothing.', ""Make 4 x's in button."", 'Loop thread to create knot in thread.', 'Put needle and thread back in drawer']","['Pull thread through', 'Check new button']",Check new button,1,0, A
0,0.0,[],"['Bring the needle up through another hole on button.', 'Get sewing kit']",Get sewing kit,1,0, A
1,11.538461538461538,['Get sewing kit'],"['Tie knot at end of thread.', 'Get needle.']",Get needle.,1,0, A
2,34.61538461538461,"['Get sewing kit', 'Get needle.']","['Thread the needle', 'Continue repeating pushing up and pushing thread back down']",Thread the needle,0,0, A
3,50.0,"['Get sewing kit', 'Get needle.', 'Thread the needle']","['Cut thread', 'Push needle through the button holes']",Push needle through the button holes,1,0, A
4,76.92307692307693,"['Get sewing kit', 'Get needle.', 'Thread the needle', 'Push needle through the button holes']","['place button where you want it', ""Repeat until it's stable""]",Repeat until it's stable,1,0, A
0,0.0,[],"['Clean up.', 'Get sewing kit']",Get sewing kit,1,0, A
1,11.538461538461538,['Get sewing kit'],"['Find needle', 'Repeat to make loop and knot it.']",Find needle,0,0, A
2,23.07692307692308,"['Get sewing kit', 'Find needle']","['Find a button.', 'Tie the end of the string so it will not unravel']",Find a button.,0,0, A
3,26.923076923076923,"['Get sewing kit', 'Find needle', 'Find a button.']","['Get a piece of clothing.', 'Cut off remaining thread']",Get a piece of clothing.,0,0, A
4,50.0,"['Get sewing kit', 'Find needle', 'Find a button.', 'Get a piece of clothing.']","['Cut away any extra string', 'Put needle through button and shirt']",Put needle through button and shirt,1,0, A
5,76.92307692307693,"['Get sewing kit', 'Find needle', 'Find a button.', 'Get a piece of clothing.', 'Put needle through button and shirt']","['Repeat several times, going through a different hole each time.', 'Purchase thread']","Repeat several times, going through a different hole each time.",0,0, A
6,84.61538461538461,"['Get sewing kit', 'Find needle', 'Find a button.', 'Get a piece of clothing.', 'Put needle through button and shirt', 'Repeat several times, going through a different hole each time.']","['Line the button back into place', 'cut the thread when finished']",cut the thread when finished,1,0, A
7,88.46153846153845,"['Get sewing kit', 'Find needle', 'Find a button.', 'Get a piece of clothing.', 'Put needle through button and shirt', 'Repeat several times, going through a different hole each time.', 'cut the thread when finished']","['Take out the needle', 'Place button onto item of clothing']",Take out the needle,0,0, A
8,92.3076923076923,"['Get sewing kit', 'Find needle', 'Find a button.', 'Get a piece of clothing.', 'Put needle through button and shirt', 'Repeat several times, going through a different hole each time.', 'cut the thread when finished', 'Take out the needle']","['Push needle through back of clothes and through hole of button', 'Check if the button is tight']",Check if the button is tight,1,0, A
0,0.0,[],"['Put thread through button', 'Get button, thread, needle and scissors']","Get button, thread, needle and scissors",1,0, A
1,26.923076923076923,"['Get button, thread, needle and scissors']","['Take shirt', 'Push needle down through other button on hole']",Take shirt,0,0, A
2,46.15384615384615,"['Get button, thread, needle and scissors', 'Take shirt']","['get thread', 'Sew button']",Sew button,1,0, A
3,80.76923076923077,"['Get button, thread, needle and scissors', 'Take shirt', 'Sew button']","['Wrap the thread', 'Get button, thread, needle and scissors']",Wrap the thread,0,0, A
4,84.61538461538461,"['Get button, thread, needle and scissors', 'Take shirt', 'Sew button', 'Wrap the thread']","['Cut off excess thread', 'Find a thread']",Cut off excess thread,0,0, A
0,0.0,[],"['tie a knot in thread', 'Grab the fabric and button']",Grab the fabric and button,1,0, A
1,15.384615384615383,['Grab the fabric and button'],"['use needle and thread to sew button onto shirt', 'Find right color string']",Find right color string,1,0, A
2,23.07692307692308,"['Grab the fabric and button', 'Find right color string']","['Look through sewing kit for a button that matches clothing.', 'Tie the end of the string so it will not unravel']",Look through sewing kit for a button that matches clothing.,0,0, A
3,50.0,"['Grab the fabric and button', 'Find right color string', 'Look through sewing kit for a button that matches clothing.']","['Put needle and thread back in drawer', 'push the needle through the fabric']",push the needle through the fabric,1,0, A
4,65.38461538461539,"['Grab the fabric and button', 'Find right color string', 'Look through sewing kit for a button that matches clothing.', 'push the needle through the fabric']","['Then push needle through material', 'Cut away any loose threads.']",Then push needle through material,0,0, A
5,76.92307692307693,"['Grab the fabric and button', 'Find right color string', 'Look through sewing kit for a button that matches clothing.', 'push the needle through the fabric', 'Then push needle through material']","['repeat 6 more times', 'Get needle']",repeat 6 more times,0,0, A
6,84.61538461538461,"['Grab the fabric and button', 'Find right color string', 'Look through sewing kit for a button that matches clothing.', 'push the needle through the fabric', 'Then push needle through material', 'repeat 6 more times']","['cut remaining thread away', 'Place the thread through the needle']",cut remaining thread away,0,0, A
7,88.46153846153845,"['Grab the fabric and button', 'Find right color string', 'Look through sewing kit for a button that matches clothing.', 'push the needle through the fabric', 'Then push needle through material', 'repeat 6 more times', 'cut remaining thread away']","['Find thread that matches button color.', 'put the supplies away']",put the supplies away,1,0, A
8,92.3076923076923,"['Grab the fabric and button', 'Find right color string', 'Look through sewing kit for a button that matches clothing.', 'push the needle through the fabric', 'Then push needle through material', 'repeat 6 more times', 'cut remaining thread away', 'put the supplies away']","['MAKE SURE BUTTON IS SECURE', 'Put the button up to the garment']",MAKE SURE BUTTON IS SECURE,0,0, A
0,0.0,[],"['Get sewing kit', 'sew the button on the garment']",Get sewing kit,0,0, A
1,7.6923076923076925,['Get sewing kit'],"['Insert needle through first side of button (step 3)', 'Find a needle and thread']",Find a needle and thread,1,0, A
2,30.76923076923077,"['Get sewing kit', 'Find a needle and thread']","['Place button onto item of clothing', 'Tie off the thread']",Place button onto item of clothing,0,0, A
3,42.30769230769231,"['Get sewing kit', 'Find a needle and thread', 'Place button onto item of clothing']","['Remove thread and needle from kit', 'Cut about 16 inches worth of thread.']",Cut about 16 inches worth of thread.,1,0, A
4,61.53846153846154,"['Get sewing kit', 'Find a needle and thread', 'Place button onto item of clothing', 'Cut about 16 inches worth of thread.']","['Insert needle through one side of button', 'Cut off the extra thread']",Insert needle through one side of button,0,0, A
5,76.92307692307693,"['Get sewing kit', 'Find a needle and thread', 'Place button onto item of clothing', 'Cut about 16 inches worth of thread.', 'Insert needle through one side of button']","['repeat 5-8 several times until button is secure', 'Get a button to match']",repeat 5-8 several times until button is secure,0,0, A
6,80.76923076923077,"['Get sewing kit', 'Find a needle and thread', 'Place button onto item of clothing', 'Cut about 16 inches worth of thread.', 'Insert needle through one side of button', 'repeat 5-8 several times until button is secure']","['place the button', 'Tie off thread']",Tie off thread,1,0, A
7,84.61538461538461,"['Get sewing kit', 'Find a needle and thread', 'Place button onto item of clothing', 'Cut about 16 inches worth of thread.', 'Insert needle through one side of button', 'repeat 5-8 several times until button is secure', 'Tie off thread']","['place button where you want it', 'cut the thread']",cut the thread,1,0, A
8,88.46153846153845,"['Get sewing kit', 'Find a needle and thread', 'Place button onto item of clothing', 'Cut about 16 inches worth of thread.', 'Insert needle through one side of button', 'repeat 5-8 several times until button is secure', 'Tie off thread', 'cut the thread']","['Purchase buttons', 'PUT NEEDLE AND THREAD AWAY']",PUT NEEDLE AND THREAD AWAY,1,0, A
0,0.0,[],"['Drive to fabric store', 'Cut the excess thread']",Drive to fabric store,0,0, A
1,19.230769230769237,['Drive to fabric store'],"['Tie a knot.', ""Pull a thread of a matching color through the needle's eye""]",Pull a thread of a matching color through the needle's eye,1,0, A
2,34.61538461538461,"['Drive to fabric store', ""Pull a thread of a matching color through the needle's eye""]","['tie the thread to the sewing needle', 'Repeat through each button hole']",tie the thread to the sewing needle,0,0, A
3,38.46153846153847,"['Drive to fabric store', ""Pull a thread of a matching color through the needle's eye"", 'tie the thread to the sewing needle']","['knot thread', 'Tie knot at end of thread.']",Tie knot at end of thread.,1,0, A
4,61.53846153846154,"['Drive to fabric store', ""Pull a thread of a matching color through the needle's eye"", 'tie the thread to the sewing needle', 'Tie knot at end of thread.']","['Starting from the bottom, poke needle through hole in button', 'Find some thread']","Starting from the bottom, poke needle through hole in button",0,0, A
5,80.76923076923077,"['Drive to fabric store', ""Pull a thread of a matching color through the needle's eye"", 'tie the thread to the sewing needle', 'Tie knot at end of thread.', 'Starting from the bottom, poke needle through hole in button']","['Tie off thread', 'grab a needle']",Tie off thread,0,0, A
0,0.0,[],"['Drive to fabric store', 'line new button up with corresponding button hole']",Drive to fabric store,0,0, A
1,19.230769230769237,['Drive to fabric store'],"['repeat steps 4-5 until button is secured to shirt', 'Find thread that matches']",Find thread that matches,1,0, A
2,26.923076923076923,"['Drive to fabric store', 'Find thread that matches']","['Get the garment', 'Pull thread through and secure button']",Get the garment,0,0, A
3,34.61538461538461,"['Drive to fabric store', 'Find thread that matches', 'Get the garment']","['Insert the thread into the needle hole', 'tie thread at the end']",Insert the thread into the needle hole,0,0, A
4,53.84615384615385,"['Drive to fabric store', 'Find thread that matches', 'Get the garment', 'Insert the thread into the needle hole']","['Sew needle through other holes in an X formation', 'Check new button']",Sew needle through other holes in an X formation,0,0, A
5,76.92307692307693,"['Drive to fabric store', 'Find thread that matches', 'Get the garment', 'Insert the thread into the needle hole', 'Sew needle through other holes in an X formation']","['Get button, thread, needle and scissors', 'Repeat several times, going through a different hole each time.']","Repeat several times, going through a different hole each time.",1,0, A
6,84.61538461538461,"['Drive to fabric store', 'Find thread that matches', 'Get the garment', 'Insert the thread into the needle hole', 'Sew needle through other holes in an X formation', 'Repeat several times, going through a different hole each time.']","['line new button up with corresponding button hole', 'Cut loose ends.']",Cut loose ends.,1,0, A
7,88.46153846153845,"['Drive to fabric store', 'Find thread that matches', 'Get the garment', 'Insert the thread into the needle hole', 'Sew needle through other holes in an X formation', 'Repeat several times, going through a different hole each time.', 'Cut loose ends.']","['put needle and thread away', 'Pull thread through and secure button']",put needle and thread away,0,0, A
8,92.3076923076923,"['Drive to fabric store', 'Find thread that matches', 'Get the garment', 'Insert the thread into the needle hole', 'Sew needle through other holes in an X formation', 'Repeat several times, going through a different hole each time.', 'Cut loose ends.', 'put needle and thread away']","['Check if the button is tight', 'Push needle through fabric and button hole']",Check if the button is tight,0,0, A
0,0.0,[],"['Get out needle, thread, button, and clothing item.', 'put back all the materials']","Get out needle, thread, button, and clothing item.",0,0, A
1,7.6923076923076925,"['Get out needle, thread, button, and clothing item.']","['cut thread so that need will detach', 'Find needle and thread']",Find needle and thread,1,0, A
2,30.76923076923077,"['Get out needle, thread, button, and clothing item.', 'Find needle and thread']","['Pull needle and thread', 'Place button where desired']",Place button where desired,1,0, A
3,34.61538461538461,"['Get out needle, thread, button, and clothing item.', 'Find needle and thread', 'Place button where desired']","['Push through other holes', 'Put thread through needle hole']",Put thread through needle hole,1,0, A
4,50.0,"['Get out needle, thread, button, and clothing item.', 'Find needle and thread', 'Place button where desired', 'Put thread through needle hole']","['cut the thread', 'push the needle through the fabric']",push the needle through the fabric,1,0, A
5,80.76923076923077,"['Get out needle, thread, button, and clothing item.', 'Find needle and thread', 'Place button where desired', 'Put thread through needle hole', 'push the needle through the fabric']","['Tie the end of the string so it will not unravel', 'Find a button that matches the others on your garment']",Tie the end of the string so it will not unravel,0,0, A
6,88.46153846153845,"['Get out needle, thread, button, and clothing item.', 'Find needle and thread', 'Place button where desired', 'Put thread through needle hole', 'push the needle through the fabric', 'Tie the end of the string so it will not unravel']","['PUT NEEDLE AND THREAD AWAY', 'Line the button up in the place where the old one would have been']",PUT NEEDLE AND THREAD AWAY,0,0, A
7,92.3076923076923,"['Get out needle, thread, button, and clothing item.', 'Find needle and thread', 'Place button where desired', 'Put thread through needle hole', 'push the needle through the fabric', 'Tie the end of the string so it will not unravel', 'PUT NEEDLE AND THREAD AWAY']","['Insert the needle from the bottom where the button is to be sewn', 'Check if the button is tight']",Check if the button is tight,1,0, A
0,0.0,[],"['cut thread from button', 'Take out sewing kit.']",Take out sewing kit.,1,0, A
1,34.61538461538461,['Take out sewing kit.'],"['Push needle under material to next hole', 'Thread needle']",Thread needle,1,0, A
2,38.46153846153847,"['Take out sewing kit.', 'Thread needle']","['Get a needle and thread', 'Knot the end to make it stay']",Knot the end to make it stay,1,0, A
3,42.30769230769231,"['Take out sewing kit.', 'Thread needle', 'Knot the end to make it stay']","['Cut length of thread', 'Clean up.']",Cut length of thread,0,0, A
4,61.53846153846154,"['Take out sewing kit.', 'Thread needle', 'Knot the end to make it stay', 'Cut length of thread']","['Pass the needle through one of the button holes', 'Select thread']",Pass the needle through one of the button holes,0,0, A
5,76.92307692307693,"['Take out sewing kit.', 'Thread needle', 'Knot the end to make it stay', 'Cut length of thread', 'Pass the needle through one of the button holes']","['Repeat steps 4 through 6 about 30 times', 'Take out sewing kit']",Repeat steps 4 through 6 about 30 times,0,0, A
0,0.0,[],"['Get out sewing kit.', 'putting the button on the fabric']",Get out sewing kit.,0,0, A
1,23.07692307692308,['Get out sewing kit.'],"['Find replacement button.', 'cut the thread when finished']",Find replacement button.,0,0, A
2,38.46153846153847,"['Get out sewing kit.', 'Find replacement button.']","['Get out sewing kit.', 'Tie knot in thread.']",Tie knot in thread.,1,0, A
3,50.0,"['Get out sewing kit.', 'Find replacement button.', 'Tie knot in thread.']","['put the needle into the fabric', 'Lay down garment']",put the needle into the fabric,0,0, A
4,61.53846153846154,"['Get out sewing kit.', 'Find replacement button.', 'Tie knot in thread.', 'put the needle into the fabric']","['Cut excess thread', 'Start sewing going into the back of the garment.']",Start sewing going into the back of the garment.,1,0, A
5,65.38461538461539,"['Get out sewing kit.', 'Find replacement button.', 'Tie knot in thread.', 'put the needle into the fabric', 'Start sewing going into the back of the garment.']","['Put the needle thorough the back of the button hole.', 'Take thread from sewing kit']",Put the needle thorough the back of the button hole.,0,0, A
6,69.23076923076923,"['Get out sewing kit.', 'Find replacement button.', 'Tie knot in thread.', 'put the needle into the fabric', 'Start sewing going into the back of the garment.', 'Put the needle thorough the back of the button hole.']","['sew the button on carefully', 'Hold button in place']",Hold button in place,1,0, A
7,73.07692307692307,"['Get out sewing kit.', 'Find replacement button.', 'Tie knot in thread.', 'put the needle into the fabric', 'Start sewing going into the back of the garment.', 'Put the needle thorough the back of the button hole.', 'Hold button in place']","['Repeat for remaining holes', 'gather needle']",Repeat for remaining holes,0,0, A
8,84.61538461538461,"['Get out sewing kit.', 'Find replacement button.', 'Tie knot in thread.', 'put the needle into the fabric', 'Start sewing going into the back of the garment.', 'Put the needle thorough the back of the button hole.', 'Hold button in place', 'Repeat for remaining holes']","['Cut the thread.', 'put thread in needle']",Cut the thread.,0,0, A
9,88.46153846153845,"['Get out sewing kit.', 'Find replacement button.', 'Tie knot in thread.', 'put the needle into the fabric', 'Start sewing going into the back of the garment.', 'Put the needle thorough the back of the button hole.', 'Hold button in place', 'Repeat for remaining holes', 'Cut the thread.']","['Clean up.', 'Look through sewing kit for a button that matches clothing.']",Clean up.,0,0, A
0,0.0,[],"['Get a thimble', 'put sewing kit away']",Get a thimble,0,0, A
1,15.384615384615383,['Get a thimble'],"['Find right color string', 'Keep repeating the sewing to reinforce the strength']",Find right color string,0,0, A
2,30.76923076923077,"['Get a thimble', 'Find right color string']","['Continue until the button is securely on the clothing', 'Line the button up in the place where the old one would have been']",Line the button up in the place where the old one would have been,1,0, A
3,34.61538461538461,"['Get a thimble', 'Find right color string', 'Line the button up in the place where the old one would have been']","['Tie knot in thread', 'Thread needle']",Thread needle,1,0, A
4,53.84615384615385,"['Get a thimble', 'Find right color string', 'Line the button up in the place where the old one would have been', 'Thread needle']","['pass needle through needle hole in button', 'Place item on flat surface']",pass needle through needle hole in button,0,0, A
0,0.0,[],"['Get your sewing kit', 'sew the button with criss-cross movement of needle']",Get your sewing kit,0,0, A
1,19.230769230769237,['Get your sewing kit'],"['Get thread.', 'Sew the button in place with the needle and thread']",Get thread.,0,0, A
2,30.76923076923077,"['Get your sewing kit', 'Get thread.']","['put needle and thread away', 'Position button in correct place.']",Position button in correct place.,1,0, A
3,53.84615384615385,"['Get your sewing kit', 'Get thread.', 'Position button in correct place.']","['Run needle and thread through button hole and fabric hole', 'Get out sewing kit.']",Run needle and thread through button hole and fabric hole,0,0, A
4,80.76923076923077,"['Get your sewing kit', 'Get thread.', 'Position button in correct place.', 'Run needle and thread through button hole and fabric hole']","['Tie the thread round in between the garment and button', 'Push thread through needle and tie in a knot']",Tie the thread round in between the garment and button,0,0, A
0,0.0,[],"['Find sewing kit', 'repeat the same way']",Find sewing kit,0,0, A
1,19.230769230769237,['Find sewing kit'],"['sew the button on carefully', ""Pull a thread of a matching color through the needle's eye""]",Pull a thread of a matching color through the needle's eye,1,0, A
2,30.76923076923077,"['Find sewing kit', ""Pull a thread of a matching color through the needle's eye""]","['Get your sewing kit', 'Mark on clothing where button is to go']",Mark on clothing where button is to go,1,0, A
3,50.0,"['Find sewing kit', ""Pull a thread of a matching color through the needle's eye"", 'Mark on clothing where button is to go']","['Get supplies - shirt, new button, thread, needle', 'pull through on the other side']",pull through on the other side,1,0, A
4,53.84615384615385,"['Find sewing kit', ""Pull a thread of a matching color through the needle's eye"", 'Mark on clothing where button is to go', 'pull through on the other side']","['Pull through other end', 'get some thread']",Pull through other end,0,0, A
5,57.692307692307686,"['Find sewing kit', ""Pull a thread of a matching color through the needle's eye"", 'Mark on clothing where button is to go', 'pull through on the other side', 'Pull through other end']","['Insert needle through first side of button (step 3)', 'Get your sewing kit']",Insert needle through first side of button (step 3),0,0, A
6,61.53846153846154,"['Find sewing kit', ""Pull a thread of a matching color through the needle's eye"", 'Mark on clothing where button is to go', 'pull through on the other side', 'Pull through other end', 'Insert needle through first side of button (step 3)']","['Thread one hole with the needle', 'Take out sewing kit']",Thread one hole with the needle,0,0, A
7,76.92307692307693,"['Find sewing kit', ""Pull a thread of a matching color through the needle's eye"", 'Mark on clothing where button is to go', 'pull through on the other side', 'Pull through other end', 'Insert needle through first side of button (step 3)', 'Thread one hole with the needle']","['Continue until button is secure', ""Pull a thread of a matching color through the needle's eye""]",Continue until button is secure,0,0, A
0,0.0,[],"['Get out sewing kit.', 'Push the needle through one button hole and back out another hole']",Get out sewing kit.,0,0, A
1,34.61538461538461,['Get out sewing kit.'],"['thread needle with thread', 'Sew button through second hole']",thread needle with thread,0,0, A
2,61.53846153846154,"['Get out sewing kit.', 'thread needle with thread']","['Cut away any extra string', 'Thread one hole with the needle']",Thread one hole with the needle,1,0, A
3,80.76923076923077,"['Get out sewing kit.', 'thread needle with thread', 'Thread one hole with the needle']","['Tie the end of the string', 'Place button where it belongs on garment']",Tie the end of the string,0,0, A
4,84.61538461538461,"['Get out sewing kit.', 'thread needle with thread', 'Thread one hole with the needle', 'Tie the end of the string']","['find the needle', 'Cut loose ends.']",Cut loose ends.,1,0, A
5,88.46153846153845,"['Get out sewing kit.', 'thread needle with thread', 'Thread one hole with the needle', 'Tie the end of the string', 'Cut loose ends.']","['Put away needle and thread', 'Get a needle.']",Put away needle and thread,0,0, A
6,92.3076923076923,"['Get out sewing kit.', 'thread needle with thread', 'Thread one hole with the needle', 'Tie the end of the string', 'Cut loose ends.', 'Put away needle and thread']","['Check new button', 'Get out sewing kit']",Check new button,0,0, A
0,0.0,[],"['Drive to fabric store', 'Thread the needle']",Drive to fabric store,0,0, A
1,19.230769230769237,['Drive to fabric store'],"['Return the needle through the fabric and through a different button hole', 'Purchase thread']",Purchase thread,1,0, A
2,34.61538461538461,"['Drive to fabric store', 'Purchase thread']","['Thread needle', 'Tie off your thread.']",Thread needle,0,0, A
3,42.30769230769231,"['Drive to fabric store', 'Purchase thread', 'Thread needle']","['Cut away old strings', 'Tie knot to secure thread and button to clothes']",Cut away old strings,0,0, A
4,46.15384615384615,"['Drive to fabric store', 'Purchase thread', 'Thread needle', 'Cut away old strings']","['Repeat for remaining holes', 'Start to sew on button']",Start to sew on button,1,0, A
5,50.0,"['Drive to fabric store', 'Purchase thread', 'Thread needle', 'Cut away old strings', 'Start to sew on button']","['Poke hole with needle through button hole and fabric', 'Get needle and thread']",Poke hole with needle through button hole and fabric,0,0, A
6,53.84615384615385,"['Drive to fabric store', 'Purchase thread', 'Thread needle', 'Cut away old strings', 'Start to sew on button', 'Poke hole with needle through button hole and fabric']","['repeat the same way', 'Choose a button.']",repeat the same way,0,0, A
7,84.61538461538461,"['Drive to fabric store', 'Purchase thread', 'Thread needle', 'Cut away old strings', 'Start to sew on button', 'Poke hole with needle through button hole and fabric', 'repeat the same way']","['Align the button on the correct place on the cloth', 'Cut thread close to knot.']",Cut thread close to knot.,1,0, A
0,0.0,[],"['Drive to fabric store', 'push needle through button and shirt']",Drive to fabric store,0,0, A
1,19.230769230769237,['Drive to fabric store'],"['Cut away any loose threads.', 'get some thread']",get some thread,1,0, A
2,34.61538461538461,"['Drive to fabric store', 'get some thread']","['Pull needle and thread', 'Thread the needle']",Thread the needle,1,0, A
3,50.0,"['Drive to fabric store', 'get some thread', 'Thread the needle']","['Get out sewing kit.', 'Push needle through the button hole into the fabric']",Push needle through the button hole into the fabric,1,0, A
4,76.92307692307693,"['Drive to fabric store', 'get some thread', 'Thread the needle', 'Push needle through the button hole into the fabric']","['Continue sewing.', 'thread needle']",Continue sewing.,0,0, A
5,84.61538461538461,"['Drive to fabric store', 'get some thread', 'Thread the needle', 'Push needle through the button hole into the fabric', 'Continue sewing.']","['Thread needle', 'break the thread']",break the thread,1,0, A
6,88.46153846153845,"['Drive to fabric store', 'get some thread', 'Thread the needle', 'Push needle through the button hole into the fabric', 'Continue sewing.', 'break the thread']","['Place button on item', 'Put the needle and thread away']",Put the needle and thread away,1,0, A
7,92.3076923076923,"['Drive to fabric store', 'get some thread', 'Thread the needle', 'Push needle through the button hole into the fabric', 'Continue sewing.', 'break the thread', 'Put the needle and thread away']","['Sew the button on the cloth using the needle', 'Check new button']",Check new button,1,0, A
0,0.0,[],"['sew onto fabric securely', 'get thread, needle, button to be sewn']","get thread, needle, button to be sewn",1,0, A
1,26.923076923076923,"['get thread, needle, button to be sewn']","['Put needle and thread through shirt', 'Hold shirt with non-dominant hand']",Hold shirt with non-dominant hand,1,0, A
2,34.61538461538461,"['get thread, needle, button to be sewn', 'Hold shirt with non-dominant hand']","['thread the needle', 'Snip excess thread off']",thread the needle,0,0, A
3,53.84615384615385,"['get thread, needle, button to be sewn', 'Hold shirt with non-dominant hand', 'thread the needle']","['Purchase thread', 'Place button close to clothing.']",Place button close to clothing.,1,0, A
4,61.53846153846154,"['get thread, needle, button to be sewn', 'Hold shirt with non-dominant hand', 'thread the needle', 'Place button close to clothing.']","['Get out needle', 'Sew button onto fabric through the first hole']",Sew button onto fabric through the first hole,1,0, A
5,65.38461538461539,"['get thread, needle, button to be sewn', 'Hold shirt with non-dominant hand', 'thread the needle', 'Place button close to clothing.', 'Sew button onto fabric through the first hole']","['Tie knot in end of thread', 'Bring the needle up through another hole on button.']",Bring the needle up through another hole on button.,1,0, A
6,69.23076923076923,"['get thread, needle, button to be sewn', 'Hold shirt with non-dominant hand', 'thread the needle', 'Place button close to clothing.', 'Sew button onto fabric through the first hole', 'Bring the needle up through another hole on button.']","['Get back the needle through the third button hole', 'Place the thread through the needle']",Get back the needle through the third button hole,0,0, A
7,73.07692307692307,"['get thread, needle, button to be sewn', 'Hold shirt with non-dominant hand', 'thread the needle', 'Place button close to clothing.', 'Sew button onto fabric through the first hole', 'Bring the needle up through another hole on button.', 'Get back the needle through the third button hole']","['Get back the needle through the fourth button hole', 'get needle']",Get back the needle through the fourth button hole,0,0, A
0,0.0,[],"['Continue to loop the needle and thread through the button holes.', 'Drive to fabric store']",Drive to fabric store,1,0, A
1,19.230769230769237,['Drive to fabric store'],"['put items away when done', 'Find thread that matches']",Find thread that matches,1,0, A
2,34.61538461538461,"['Drive to fabric store', 'Find thread that matches']","['Tie a knot.', 'Thread needle']",Thread needle,1,0, A
3,61.53846153846154,"['Drive to fabric store', 'Find thread that matches', 'Thread needle']","['Push needle through first hole', 'Find some thread']",Push needle through first hole,0,0, A
4,65.38461538461539,"['Drive to fabric store', 'Find thread that matches', 'Thread needle', 'Push needle through first hole']","['Put the needle thorough the back of the button hole.', 'Stick the head through the needle eye']",Put the needle thorough the back of the button hole.,0,0, A
5,69.23076923076923,"['Drive to fabric store', 'Find thread that matches', 'Thread needle', 'Push needle through first hole', 'Put the needle thorough the back of the button hole.']","['With needle and thread push needle through cloth and through button hole', 'Move needle down to hole opposite first hole']",Move needle down to hole opposite first hole,1,0, A
0,0.0,[],"['Take out sewing kit', 'Get a shirt.']",Take out sewing kit,0,0, A
1,7.6923076923076925,['Take out sewing kit'],"['Sew button through third hole', 'gather needle and thread']",gather needle and thread,1,0, A
2,11.538461538461538,"['Take out sewing kit', 'gather needle and thread']","['tie thread at the end', 'Get a sewing needle.']",Get a sewing needle.,1,0, A
3,23.07692307692308,"['Take out sewing kit', 'gather needle and thread', 'Get a sewing needle.']","['Cut off excess thread', 'Take a button']",Take a button,1,0, A
4,26.923076923076923,"['Take out sewing kit', 'gather needle and thread', 'Get a sewing needle.', 'Take a button']","['Make a knot', 'Place item on flat surface']",Place item on flat surface,1,0, A
5,34.61538461538461,"['Take out sewing kit', 'gather needle and thread', 'Get a sewing needle.', 'Take a button', 'Place item on flat surface']","[""pass needle and thread back through another of the button's needle holes"", 'Thread the needle']",Thread the needle,1,0, A
6,42.30769230769231,"['Take out sewing kit', 'gather needle and thread', 'Get a sewing needle.', 'Take a button', 'Place item on flat surface', 'Thread the needle']","['Find thread that matches button color.', 'Cut away old strings']",Cut away old strings,1,0, A
7,61.53846153846154,"['Take out sewing kit', 'gather needle and thread', 'Get a sewing needle.', 'Take a button', 'Place item on flat surface', 'Thread the needle', 'Cut away old strings']","['Find a thread', 'Insert needle through one side of button']",Insert needle through one side of button,1,0, A
8,80.76923076923077,"['Take out sewing kit', 'gather needle and thread', 'Get a sewing needle.', 'Take a button', 'Place item on flat surface', 'Thread the needle', 'Cut away old strings', 'Insert needle through one side of button']","['Tie off thread', 'Thread the needle, double it up and tie a knot at the end']",Tie off thread,0,0, A
9,84.61538461538461,"['Take out sewing kit', 'gather needle and thread', 'Get a sewing needle.', 'Take a button', 'Place item on flat surface', 'Thread the needle', 'Cut away old strings', 'Insert needle through one side of button', 'Tie off thread']","['cut remaining thread away', 'Get a thimble']",cut remaining thread away,0,0, A
10,88.46153846153845,"['Take out sewing kit', 'gather needle and thread', 'Get a sewing needle.', 'Take a button', 'Place item on flat surface', 'Thread the needle', 'Cut away old strings', 'Insert needle through one side of button', 'Tie off thread', 'cut remaining thread away']","['Push needle through button hole', 'PUT NEEDLE AND THREAD AWAY']",PUT NEEDLE AND THREAD AWAY,1,0, A
11,92.3076923076923,"['Take out sewing kit', 'gather needle and thread', 'Get a sewing needle.', 'Take a button', 'Place item on flat surface', 'Thread the needle', 'Cut away old strings', 'Insert needle through one side of button', 'Tie off thread', 'cut remaining thread away', 'PUT NEEDLE AND THREAD AWAY']","['Check if the button is tight', 'Find thread and needle.']",Check if the button is tight,0,0, A
0,0.0,[],"['cut the thread', 'Get the sewing kit.']",Get the sewing kit.,1,0, A
1,11.538461538461538,['Get the sewing kit.'],"['Tie off the thread', 'find the needle']",find the needle,1,0, A
2,34.61538461538461,"['Get the sewing kit.', 'find the needle']","['Thread needle', 'Cut the needle off of the thread.']",Thread needle,0,0, A
3,46.15384615384615,"['Get the sewing kit.', 'find the needle', 'Thread needle']","['grab a needle', 'sew onto fabric securely']",sew onto fabric securely,1,0, A
4,76.92307692307693,"['Get the sewing kit.', 'find the needle', 'Thread needle', 'sew onto fabric securely']","['Keep repeating the sewing to reinforce the strength', 'Pick up shirt missing button.']",Keep repeating the sewing to reinforce the strength,0,0, A
0,0.0,[],"['Do this several times until the button is secure', 'Get out sewing kit.']",Get out sewing kit.,1,0, A
1,34.61538461538461,['Get out sewing kit.'],"['Grab the fabric and button', 'Thread needle']",Thread needle,1,0, A
2,50.0,"['Get out sewing kit.', 'Thread needle']","['Stick the needle through', 'get sewing kit']",Stick the needle through,0,0, A
3,61.53846153846154,"['Get out sewing kit.', 'Thread needle', 'Stick the needle through']","['Cut the thread near the needle to finish', 'push the needle through the button']",push the needle through the button,1,0, A
4,80.76923076923077,"['Get out sewing kit.', 'Thread needle', 'Stick the needle through', 'push the needle through the button']","['tie a knot at the end of the string', 'Get thread.']",tie a knot at the end of the string,0,0, A
0,0.0,[],"['Tie the end of the string', 'get sewing kit']",get sewing kit,1,0, A
1,7.6923076923076925,['get sewing kit'],"['GET SOME NEEDLE AND THREAD', 'Move needle down to hole opposite first hole']",GET SOME NEEDLE AND THREAD,0,0, A
2,26.923076923076923,"['get sewing kit', 'GET SOME NEEDLE AND THREAD']","['Continue sewing.', 'Place item on flat surface']",Place item on flat surface,1,0, A
3,30.76923076923077,"['get sewing kit', 'GET SOME NEEDLE AND THREAD', 'Place item on flat surface']","['Place button where it belongs on garment', 'Repeat steps 4 through 6 about 30 times']",Place button where it belongs on garment,0,0, A
4,53.84615384615385,"['get sewing kit', 'GET SOME NEEDLE AND THREAD', 'Place item on flat surface', 'Place button where it belongs on garment']","['Get sewing kit', 'Pull thread through opposite button hole']",Pull thread through opposite button hole,1,0, A
0,0.0,[],"['Drive to fabric store', 'cut thread from button']",Drive to fabric store,0,0, A
1,19.230769230769237,['Drive to fabric store'],"['get some thread', 'Tie knot.']",get some thread,0,0, A
2,23.07692307692308,"['Drive to fabric store', 'get some thread']","['Sew through the diagonal hole of the button and the garment.', 'Get a button.']",Get a button.,1,0, A
3,38.46153846153847,"['Drive to fabric store', 'get some thread', 'Get a button.']","['Tie a knot in the end of thread', 'Take out sewing kit.']",Tie a knot in the end of thread,0,0, A
4,50.0,"['Drive to fabric store', 'get some thread', 'Get a button.', 'Tie a knot in the end of thread']","['Take a needle and required thread', 'Push needle through button and fabric.']",Push needle through button and fabric.,1,0, A
5,61.53846153846154,"['Drive to fabric store', 'get some thread', 'Get a button.', 'Tie a knot in the end of thread', 'Push needle through button and fabric.']","['Thread one hole with the needle', 'cut thread so that need will detach']",Thread one hole with the needle,0,0, A
6,65.38461538461539,"['Drive to fabric store', 'get some thread', 'Get a button.', 'Tie a knot in the end of thread', 'Push needle through button and fabric.', 'Thread one hole with the needle']","['Thread the needle', 'Push needle through other hole of button and through clothes']",Push needle through other hole of button and through clothes,1,0, A
7,69.23076923076923,"['Drive to fabric store', 'get some thread', 'Get a button.', 'Tie a knot in the end of thread', 'Push needle through button and fabric.', 'Thread one hole with the needle', 'Push needle through other hole of button and through clothes']","['Find placement for new button.', 'Put needle in other button hole.']",Put needle in other button hole.,1,0, A
8,73.07692307692307,"['Drive to fabric store', 'get some thread', 'Get a button.', 'Tie a knot in the end of thread', 'Push needle through button and fabric.', 'Thread one hole with the needle', 'Push needle through other hole of button and through clothes', 'Put needle in other button hole.']","['Thread the needle', 'Sew button through fourth and final hole']",Sew button through fourth and final hole,1,0, A
0,0.0,[],"['Grab the fabric and button', 'Tie thread at end']",Grab the fabric and button,0,0, A
1,26.923076923076923,['Grab the fabric and button'],"['tie a knot at the end of the string', 'Get a piece of clothing.']",Get a piece of clothing.,1,0, A
2,30.76923076923077,"['Grab the fabric and button', 'Get a piece of clothing.']","['Align button', 'Put everything away.']",Align button,0,0, A
3,50.0,"['Grab the fabric and button', 'Get a piece of clothing.', 'Align button']","['Get button, thread, needle and scissors', 'Stick the needle through']",Stick the needle through,1,0, A
4,65.38461538461539,"['Grab the fabric and button', 'Get a piece of clothing.', 'Align button', 'Stick the needle through']","['Get item that needs a button', 'Bring the needle up through another hole on button.']",Bring the needle up through another hole on button.,1,0, A
5,69.23076923076923,"['Grab the fabric and button', 'Get a piece of clothing.', 'Align button', 'Stick the needle through', 'Bring the needle up through another hole on button.']","['Move needle down to hole opposite first hole', 'getting out thread']",Move needle down to hole opposite first hole,0,0, A
0,0.0,[],"['Get your sewing kit', 'With other hand, push needle through button hole']",Get your sewing kit,0,0, A
1,11.538461538461538,['Get your sewing kit'],"['Pick a needle', 'Cut the thread.']",Pick a needle,0,0, A
2,15.384615384615383,"['Get your sewing kit', 'Pick a needle']","['Tie knot in thread', 'Select thread of correct color']",Select thread of correct color,1,0, A
3,34.61538461538461,"['Get your sewing kit', 'Pick a needle', 'Select thread of correct color']","['Get supplies - shirt, new button, thread, needle', 'Thread needle']",Thread needle,1,0, A
4,38.46153846153847,"['Get your sewing kit', 'Pick a needle', 'Select thread of correct color', 'Thread needle']","['Tie knot in thread', 'Find a needle']",Tie knot in thread,0,0, A
5,61.53846153846154,"['Get your sewing kit', 'Pick a needle', 'Select thread of correct color', 'Thread needle', 'Tie knot in thread']","['Get thread', 'Sew button onto fabric through the first hole']",Sew button onto fabric through the first hole,1,0, A
6,80.76923076923077,"['Get your sewing kit', 'Pick a needle', 'Select thread of correct color', 'Thread needle', 'Tie knot in thread', 'Sew button onto fabric through the first hole']","['Tie the end with a knot.', 'Get supplies - shirt, new button, thread, needle']",Tie the end with a knot.,0,0, A
7,84.61538461538461,"['Get your sewing kit', 'Pick a needle', 'Select thread of correct color', 'Thread needle', 'Tie knot in thread', 'Sew button onto fabric through the first hole', 'Tie the end with a knot.']","['Cut the thread near the needle to finish', 'Find a spare button that matches the other buttons']",Cut the thread near the needle to finish,0,0, A
0,0.0,[],"['get thread, needle, button to be sewn', 'Insert the needle back into the garment from the top of the button']","get thread, needle, button to be sewn",0,0, A
1,26.923076923076923,"['get thread, needle, button to be sewn']","['Poke hole with needle through button hole and fabric', 'Lay down garment']",Lay down garment,1,0, A
2,34.61538461538461,"['get thread, needle, button to be sewn', 'Lay down garment']","['Thread needle', 'Ending again in the back of the garment cut off the thread.']",Thread needle,0,0, A
3,46.15384615384615,"['get thread, needle, button to be sewn', 'Lay down garment', 'Thread needle']","['Sew the button through the button holes onto the shirt', 'get thread, needle, button to be sewn']",Sew the button through the button holes onto the shirt,0,0, A
4,53.84615384615385,"['get thread, needle, button to be sewn', 'Lay down garment', 'Thread needle', 'Sew the button through the button holes onto the shirt']","['Get the garment', 'Insert the needle into the button hole']",Insert the needle into the button hole,1,0, A
5,61.53846153846154,"['get thread, needle, button to be sewn', 'Lay down garment', 'Thread needle', 'Sew the button through the button holes onto the shirt', 'Insert the needle into the button hole']","['Find thread', 'Start sewing going into the back of the garment.']",Start sewing going into the back of the garment.,1,0, A
6,76.92307692307693,"['get thread, needle, button to be sewn', 'Lay down garment', 'Thread needle', 'Sew the button through the button holes onto the shirt', 'Insert the needle into the button hole', 'Start sewing going into the back of the garment.']","['Thread the needle', 'Continue until button is secure']",Continue until button is secure,1,0, A
7,84.61538461538461,"['get thread, needle, button to be sewn', 'Lay down garment', 'Thread needle', 'Sew the button through the button holes onto the shirt', 'Insert the needle into the button hole', 'Start sewing going into the back of the garment.', 'Continue until button is secure']","['Get button', 'Cut off excess thread']",Cut off excess thread,1,0, A
0,0.0,[],"['Get out needle, thread, button, and clothing item.', 'Pull the needle through a hole in the button, then back into the fabric']","Get out needle, thread, button, and clothing item.",0,0, A
1,15.384615384615383,"['Get out needle, thread, button, and clothing item.']","['Find matching thread', 'Tie the thread']",Find matching thread,0,0, A
2,30.76923076923077,"['Get out needle, thread, button, and clothing item.', 'Find matching thread']","['Continue crisscrossing thread between holes of button until button is tight.', 'attach button to shirt']",attach button to shirt,1,0, A
3,42.30769230769231,"['Get out needle, thread, button, and clothing item.', 'Find matching thread', 'attach button to shirt']","['Push needle under material to next hole', 'Cut about 16 inches worth of thread.']",Cut about 16 inches worth of thread.,1,0, A
4,61.53846153846154,"['Get out needle, thread, button, and clothing item.', 'Find matching thread', 'attach button to shirt', 'Cut about 16 inches worth of thread.']","['Put all the items away', 'Insert needle through one side of button']",Insert needle through one side of button,1,0, A
5,76.92307692307693,"['Get out needle, thread, button, and clothing item.', 'Find matching thread', 'attach button to shirt', 'Cut about 16 inches worth of thread.', 'Insert needle through one side of button']","['repeat until button is secure', 'Get needle']",repeat until button is secure,0,0, A
0,0.0,[],"[""Make sure it's secure"", 'Get your sewing kit']",Get your sewing kit,1,0, A
1,11.538461538461538,['Get your sewing kit'],"['cut the thread', 'Get needle.']",Get needle.,1,0, A
2,30.76923076923077,"['Get your sewing kit', 'Get needle.']","['Place button on fabric', 'Tie another knot at the end of the thread.']",Place button on fabric,0,0, A
3,53.84615384615385,"['Get your sewing kit', 'Get needle.', 'Place button on fabric']","['Place button close to clothing.', 'Lay down garment']",Place button close to clothing.,0,0, A
4,61.53846153846154,"['Get your sewing kit', 'Get needle.', 'Place button on fabric', 'Place button close to clothing.']","['Hold shirt with non-dominant hand', 'Starting from the bottom, poke needle through hole in button']","Starting from the bottom, poke needle through hole in button",1,0, A
5,65.38461538461539,"['Get your sewing kit', 'Get needle.', 'Place button on fabric', 'Place button close to clothing.', 'Starting from the bottom, poke needle through hole in button']","['Put thread in it', 'Pass the needle through the second button hole']",Pass the needle through the second button hole,1,0, A
6,69.23076923076923,"['Get your sewing kit', 'Get needle.', 'Place button on fabric', 'Place button close to clothing.', 'Starting from the bottom, poke needle through hole in button', 'Pass the needle through the second button hole']","['Sew button onto garment', 'Sew button through third hole']",Sew button through third hole,1,0, A
7,73.07692307692307,"['Get your sewing kit', 'Get needle.', 'Place button on fabric', 'Place button close to clothing.', 'Starting from the bottom, poke needle through hole in button', 'Pass the needle through the second button hole', 'Sew button through third hole']","['push needle to back of the item', 'Stitch the button on']",push needle to back of the item,0,0, A
8,76.92307692307693,"['Get your sewing kit', 'Get needle.', 'Place button on fabric', 'Place button close to clothing.', 'Starting from the bottom, poke needle through hole in button', 'Pass the needle through the second button hole', 'Sew button through third hole', 'push needle to back of the item']","['Repeat several times, going through a different hole each time.', 'take the cloth to be sewed']","Repeat several times, going through a different hole each time.",0,0, A
9,80.76923076923077,"['Get your sewing kit', 'Get needle.', 'Place button on fabric', 'Place button close to clothing.', 'Starting from the bottom, poke needle through hole in button', 'Pass the needle through the second button hole', 'Sew button through third hole', 'push needle to back of the item', 'Repeat several times, going through a different hole each time.']","['Tie a knot.', 'find the needle']",Tie a knot.,0,0, A
10,84.61538461538461,"['Get your sewing kit', 'Get needle.', 'Place button on fabric', 'Place button close to clothing.', 'Starting from the bottom, poke needle through hole in button', 'Pass the needle through the second button hole', 'Sew button through third hole', 'push needle to back of the item', 'Repeat several times, going through a different hole each time.', 'Tie a knot.']","['take needle bring up through the back of the item', 'cut thread so that need will detach']",cut thread so that need will detach,1,0, A
11,88.46153846153845,"['Get your sewing kit', 'Get needle.', 'Place button on fabric', 'Place button close to clothing.', 'Starting from the bottom, poke needle through hole in button', 'Pass the needle through the second button hole', 'Sew button through third hole', 'push needle to back of the item', 'Repeat several times, going through a different hole each time.', 'Tie a knot.', 'cut thread so that need will detach']","['Get the sewing kit.', 'PUT NEEDLE AND THREAD AWAY']",PUT NEEDLE AND THREAD AWAY,1,0, A
12,92.3076923076923,"['Get your sewing kit', 'Get needle.', 'Place button on fabric', 'Place button close to clothing.', 'Starting from the bottom, poke needle through hole in button', 'Pass the needle through the second button hole', 'Sew button through third hole', 'push needle to back of the item', 'Repeat several times, going through a different hole each time.', 'Tie a knot.', 'cut thread so that need will detach', 'PUT NEEDLE AND THREAD AWAY']","['Check if the button is tight', 'Sew button onto garment']",Check if the button is tight,0,0, A
0,0.0,[],"['Push the needle through the fabric', 'Grab the fabric and button']",Grab the fabric and button,1,0, A
1,30.76923076923077,['Grab the fabric and button'],"['Continue until the button is securely on the clothing', 'Put the button in the correct spot.']",Put the button in the correct spot.,1,0, A
2,42.30769230769231,"['Grab the fabric and button', 'Put the button in the correct spot.']","['measure and cut length of thread', 'Keep threading until the button is firmly attached']",measure and cut length of thread,0,0, A
3,46.15384615384615,"['Grab the fabric and button', 'Put the button in the correct spot.', 'measure and cut length of thread']","['Use the needle to go through the button holes and the fabric', 'Get extra button']",Use the needle to go through the button holes and the fabric,0,0, A
4,88.46153846153845,"['Grab the fabric and button', 'Put the button in the correct spot.', 'measure and cut length of thread', 'Use the needle to go through the button holes and the fabric']","['Put all the items away', 'line it up with the hole']",Put all the items away,0,0, A
5,92.3076923076923,"['Grab the fabric and button', 'Put the button in the correct spot.', 'measure and cut length of thread', 'Use the needle to go through the button holes and the fabric', 'Put all the items away']","['Check if the button is tight', 'Find similar color thread to use.']",Check if the button is tight,0,0, A
0,0.0,[],"['Sew thread on needle through hole of button.', 'Get scissors, needle, button and thread']","Get scissors, needle, button and thread",1,0, A
1,26.923076923076923,"['Get scissors, needle, button and thread']","['Put needle in other button hole.', 'find shirt with missing button']",find shirt with missing button,1,0, A
2,34.61538461538461,"['Get scissors, needle, button and thread', 'find shirt with missing button']","['Thread the needle', 'Tie off your thread.']",Thread the needle,0,0, A
3,42.30769230769231,"['Get scissors, needle, button and thread', 'find shirt with missing button', 'Thread the needle']","['Cut length of thread', 'Get sewing kit']",Cut length of thread,0,0, A
4,46.15384615384615,"['Get scissors, needle, button and thread', 'find shirt with missing button', 'Thread the needle', 'Cut length of thread']","['Pass needle through shirt and button holes', 'take the button']",Pass needle through shirt and button holes,0,0, A
0,0.0,[],"['sew the button with criss-cross movement of needle', 'Drive to fabric store']",Drive to fabric store,1,0, A
1,19.230769230769237,['Drive to fabric store'],"['Find thread that matches', 'Cut the needle off of the thread.']",Find thread that matches,0,0, A
2,26.923076923076923,"['Drive to fabric store', 'Find thread that matches']","['Insert the needle into the button hole', 'Take shirt']",Take shirt,1,0, A
3,46.15384615384615,"['Drive to fabric store', 'Find thread that matches', 'Take shirt']","['sew onto fabric securely', 'gather needle and thread']",sew onto fabric securely,0,0, A
4,88.46153846153845,"['Drive to fabric store', 'Find thread that matches', 'Take shirt', 'sew onto fabric securely']","['Take out the needle', 'Get a thimble']",Take out the needle,0,0, A
5,92.3076923076923,"['Drive to fabric store', 'Find thread that matches', 'Take shirt', 'sew onto fabric securely', 'Take out the needle']","['Put thread through button', 'Check the button']",Check the button,1,0, A
0,0.0,[],"['Drive to fabric store', 'Cut loose ends']",Drive to fabric store,0,0, A
1,19.230769230769237,['Drive to fabric store'],"['Sew button onto garment.', 'Get thread.']",Get thread.,1,0, A
2,23.07692307692308,"['Drive to fabric store', 'Get thread.']","['Get a button.', 'Keep repeating the sewing to reinforce the strength']",Get a button.,0,0, A
3,26.923076923076923,"['Drive to fabric store', 'Get thread.', 'Get a button.']","['carefully cut off old button if exists', 'Use the needle to guide the thread']",carefully cut off old button if exists,0,0, A
4,30.76923076923077,"['Drive to fabric store', 'Get thread.', 'Get a button.', 'carefully cut off old button if exists']","['Loop thread to create knot in thread.', 'Put the button in the correct spot.']",Put the button in the correct spot.,1,0, A
5,61.53846153846154,"['Drive to fabric store', 'Get thread.', 'Get a button.', 'carefully cut off old button if exists', 'Put the button in the correct spot.']","['Get thread', 'Put needle into one button hole through shirt.']",Put needle into one button hole through shirt.,1,0, A
6,76.92307692307693,"['Drive to fabric store', 'Get thread.', 'Get a button.', 'carefully cut off old button if exists', 'Put the button in the correct spot.', 'Put needle into one button hole through shirt.']","['Repeat several times until button is attached solidly to the fabric.', 'Cut away any loose threads.']",Repeat several times until button is attached solidly to the fabric.,0,0, A
7,84.61538461538461,"['Drive to fabric store', 'Get thread.', 'Get a button.', 'carefully cut off old button if exists', 'Put the button in the correct spot.', 'Put needle into one button hole through shirt.', 'Repeat several times until button is attached solidly to the fabric.']","['find needle and thread', 'cut the thread']",cut the thread,1,0, A
8,88.46153846153845,"['Drive to fabric store', 'Get thread.', 'Get a button.', 'carefully cut off old button if exists', 'Put the button in the correct spot.', 'Put needle into one button hole through shirt.', 'Repeat several times until button is attached solidly to the fabric.', 'cut the thread']","['put the supplies away', 'Start sewing going into the back of the garment.']",put the supplies away,0,0, A
9,92.3076923076923,"['Drive to fabric store', 'Get thread.', 'Get a button.', 'carefully cut off old button if exists', 'Put the button in the correct spot.', 'Put needle into one button hole through shirt.', 'Repeat several times until button is attached solidly to the fabric.', 'cut the thread', 'put the supplies away']","['Get a needle', 'Check if the button is tight']",Check if the button is tight,1,0, A
0,0.0,[],"['Thread needle.', 'Get supplies - shirt, new button, thread, needle']","Get supplies - shirt, new button, thread, needle",1,0, A
1,26.923076923076923,"['Get supplies - shirt, new button, thread, needle']","['Do this several times until the button is secure', 'Hold shirt with non-dominant hand']",Hold shirt with non-dominant hand,1,0, A
2,30.76923076923077,"['Get supplies - shirt, new button, thread, needle', 'Hold shirt with non-dominant hand']","['Place the button at right place', 'Hold button in place']",Place the button at right place,0,0, A
3,42.30769230769231,"['Get supplies - shirt, new button, thread, needle', 'Hold shirt with non-dominant hand', 'Place the button at right place']","['Continue repeating pushing up and pushing thread back down', 'Cut thread string to how much is needed']",Cut thread string to how much is needed,1,0, A
4,61.53846153846154,"['Get supplies - shirt, new button, thread, needle', 'Hold shirt with non-dominant hand', 'Place the button at right place', 'Cut thread string to how much is needed']","['take the cloth to be sewed', 'Push needle through first hole']",Push needle through first hole,1,0, A
5,76.92307692307693,"['Get supplies - shirt, new button, thread, needle', 'Hold shirt with non-dominant hand', 'Place the button at right place', 'Cut thread string to how much is needed', 'Push needle through first hole']","['Continue sewing.', 'Take out right colored thread.']",Continue sewing.,0,0, A
6,84.61538461538461,"['Get supplies - shirt, new button, thread, needle', 'Hold shirt with non-dominant hand', 'Place the button at right place', 'Cut thread string to how much is needed', 'Push needle through first hole', 'Continue sewing.']","['Place the thread through the needle', 'cut the thread']",cut the thread,1,0, A
0,0.0,[],"['Drive to fabric store', 'Pull through other side.']",Drive to fabric store,0,0, A
1,19.230769230769237,['Drive to fabric store'],"['Repeat for all holes to reinforce', 'Get thread.']",Get thread.,1,0, A
2,34.61538461538461,"['Drive to fabric store', 'Get thread.']","['Thread needle', 'Keep repeating the sewing to reinforce the strength']",Thread needle,0,0, A
3,38.46153846153847,"['Drive to fabric store', 'Get thread.', 'Thread needle']","['tie knot at end of thread', 'Continue crisscrossing thread between holes of button until button is tight.']",tie knot at end of thread,0,0, A
4,50.0,"['Drive to fabric store', 'Get thread.', 'Thread needle', 'tie knot at end of thread']","['Put away needle and thread', 'push the needle through the fabric']",push the needle through the fabric,1,0, A
5,53.84615384615385,"['Drive to fabric store', 'Get thread.', 'Thread needle', 'tie knot at end of thread', 'push the needle through the fabric']","['Use the needle to guide the thread', 'Get thread']",Use the needle to guide the thread,0,0, A
6,57.692307692307686,"['Drive to fabric store', 'Get thread.', 'Thread needle', 'tie knot at end of thread', 'push the needle through the fabric', 'Use the needle to guide the thread']","['Cut off any excess thread.', 'Place needle through clothing.']",Place needle through clothing.,1,0, A
7,76.92307692307693,"['Drive to fabric store', 'Get thread.', 'Thread needle', 'tie knot at end of thread', 'push the needle through the fabric', 'Use the needle to guide the thread', 'Place needle through clothing.']","['Continue crisscrossing thread between holes of button until button is tight.', 'getting out needle']",Continue crisscrossing thread between holes of button until button is tight.,0,0, A
8,80.76923076923077,"['Drive to fabric store', 'Get thread.', 'Thread needle', 'tie knot at end of thread', 'push the needle through the fabric', 'Use the needle to guide the thread', 'Place needle through clothing.', 'Continue crisscrossing thread between holes of button until button is tight.']","['Put the button in the correct spot.', 'when done tie the end properly']",when done tie the end properly,1,0, A
0,0.0,[],"['Use the needle to sew the broken button', 'Get sewing kit']",Get sewing kit,1,0, A
1,11.538461538461538,['Get sewing kit'],"['Push needle through button hole', 'Get needle']",Get needle,1,0, A
2,15.384615384615383,"['Get sewing kit', 'Get needle']","['Select thread of correct color', 'Sew needle through other holes in an X formation']",Select thread of correct color,0,0, A
3,23.07692307692308,"['Get sewing kit', 'Get needle', 'Select thread of correct color']","['Get button', 'Tie the thread so the button will not come loose']",Get button,0,0, A
4,30.76923076923077,"['Get sewing kit', 'Get needle', 'Select thread of correct color', 'Get button']","['Line the button back into place', 'Make a knot']",Line the button back into place,0,0, A
5,34.61538461538461,"['Get sewing kit', 'Get needle', 'Select thread of correct color', 'Get button', 'Line the button back into place']","['Thread the needle', 'Cut loose ends']",Thread the needle,0,0, A
6,46.15384615384615,"['Get sewing kit', 'Get needle', 'Select thread of correct color', 'Get button', 'Line the button back into place', 'Thread the needle']","['Find a button', 'Insert needle through button and into fabric where the button belongs.']",Insert needle through button and into fabric where the button belongs.,1,0, A
7,50.0,"['Get sewing kit', 'Get needle', 'Select thread of correct color', 'Get button', 'Line the button back into place', 'Thread the needle', 'Insert needle through button and into fabric where the button belongs.']","['Put needle and thread through shirt', 'put needle and thread away']",Put needle and thread through shirt,0,0, A
8,53.84615384615385,"['Get sewing kit', 'Get needle', 'Select thread of correct color', 'Get button', 'Line the button back into place', 'Thread the needle', 'Insert needle through button and into fabric where the button belongs.', 'Put needle and thread through shirt']","['Insert needle through other side of button on back side', 'Find a needle']",Insert needle through other side of button on back side,0,0, A
9,84.61538461538461,"['Get sewing kit', 'Get needle', 'Select thread of correct color', 'Get button', 'Line the button back into place', 'Thread the needle', 'Insert needle through button and into fabric where the button belongs.', 'Put needle and thread through shirt', 'Insert needle through other side of button on back side']","['Cut thread.', 'line it up with the hole']",Cut thread.,0,0, A
0,0.0,[],"['Put needle through button and shirt', 'Get the sewing kit.']",Get the sewing kit.,1,0, A
1,23.07692307692308,['Get the sewing kit.'],"['find button', 'Tie knot.']",find button,0,0, A
2,26.923076923076923,"['Get the sewing kit.', 'find button']","['Repeat procedure until button is secure', 'Grab the garment that you would like to sew the button to.']",Grab the garment that you would like to sew the button to.,1,0, A
3,46.15384615384615,"['Get the sewing kit.', 'find button', 'Grab the garment that you would like to sew the button to.']","['Start to sew.', 'Find a needle']",Start to sew.,0,0, A
0,0.0,[],"['Get out sewing kit.', 'Get the item of clothing the button is to go on']",Get out sewing kit.,0,0, A
1,23.07692307692308,['Get out sewing kit.'],"['put items away when done', 'Find a button']",Find a button,1,0, A
2,38.46153846153847,"['Get out sewing kit.', 'Find a button']","['Tie knot at end of thread.', 'Use scissors to cut thread']",Tie knot at end of thread.,0,0, A
3,42.30769230769231,"['Get out sewing kit.', 'Find a button', 'Tie knot at end of thread.']","['Cut thread', 'Cut excess thread']",Cut excess thread,1,0, A
4,46.15384615384615,"['Get out sewing kit.', 'Find a button', 'Tie knot at end of thread.', 'Cut excess thread']","['Take out thread and needle', 'Pass needle through shirt and button holes']",Pass needle through shirt and button holes,1,0, A
5,53.84615384615385,"['Get out sewing kit.', 'Find a button', 'Tie knot at end of thread.', 'Cut excess thread', 'Pass needle through shirt and button holes']","['gather needle', 'Run needle and thread through button hole and fabric hole']",Run needle and thread through button hole and fabric hole,1,0, A
6,61.53846153846154,"['Get out sewing kit.', 'Find a button', 'Tie knot at end of thread.', 'Cut excess thread', 'Pass needle through shirt and button holes', 'Run needle and thread through button hole and fabric hole']","['Grab the garment that you would like to sew the button to.', 'Push needle through first hole']",Push needle through first hole,1,0, A
7,65.38461538461539,"['Get out sewing kit.', 'Find a button', 'Tie knot at end of thread.', 'Cut excess thread', 'Pass needle through shirt and button holes', 'Run needle and thread through button hole and fabric hole', 'Push needle through first hole']","['Put thread in needle', 'pull needle through to knot']",pull needle through to knot,1,0, A
8,76.92307692307693,"['Get out sewing kit.', 'Find a button', 'Tie knot at end of thread.', 'Cut excess thread', 'Pass needle through shirt and button holes', 'Run needle and thread through button hole and fabric hole', 'Push needle through first hole', 'pull needle through to knot']","['Repeat 4 or 5 times', 'Thread the needle']",Repeat 4 or 5 times,0,0, A
0,0.0,[],"['Position needle with thread', 'Drive to fabric store']",Drive to fabric store,1,0, A
1,19.230769230769237,['Drive to fabric store'],"['Get the thread', 'Put thread through needle.']",Get the thread,0,0, A
2,23.07692307692308,"['Drive to fabric store', 'Get the thread']","[""Repeat until it's stable"", 'Find matching button, or old button.']","Find matching button, or old button.",1,0, A
3,30.76923076923077,"['Drive to fabric store', 'Get the thread', 'Find matching button, or old button.']","['put items away when done', 'Put button in proper place']",Put button in proper place,1,0, A
4,61.53846153846154,"['Drive to fabric store', 'Get the thread', 'Find matching button, or old button.', 'Put button in proper place']","['Insert needle through one side of button', 'Get clothing']",Insert needle through one side of button,0,0, A
5,65.38461538461539,"['Drive to fabric store', 'Get the thread', 'Find matching button, or old button.', 'Put button in proper place', 'Insert needle through one side of button']","['Get out needle', 'Sew button through second hole']",Sew button through second hole,1,0, A
6,76.92307692307693,"['Drive to fabric store', 'Get the thread', 'Find matching button, or old button.', 'Put button in proper place', 'Insert needle through one side of button', 'Sew button through second hole']","['Find similar button', 'stitching the button on']",stitching the button on,1,0, A
7,84.61538461538461,"['Drive to fabric store', 'Get the thread', 'Find matching button, or old button.', 'Put button in proper place', 'Insert needle through one side of button', 'Sew button through second hole', 'stitching the button on']","['cut the thread', 'Put the button in the correct spot.']",cut the thread,0,0, A
0,0.0,[],"['Tie knot at end of thread.', 'Get out sewing kit.']",Get out sewing kit.,1,0, A
1,11.538461538461538,['Get out sewing kit.'],"['use needle and thread to sew button onto shirt', 'Get needle']",Get needle,1,0, A
2,19.230769230769237,"['Get out sewing kit.', 'Get needle']","['Put away needle and thread', 'Find thread color to match button or item requiring the button']",Find thread color to match button or item requiring the button,1,0, A
3,26.923076923076923,"['Get out sewing kit.', 'Get needle', 'Find thread color to match button or item requiring the button']","['Make a knot in fabric with thread behind the button', 'Take shirt']",Take shirt,1,0, A
4,46.15384615384615,"['Get out sewing kit.', 'Get needle', 'Find thread color to match button or item requiring the button', 'Take shirt']","['Push needle down through other button on hole', 'Sew button onto garment']",Sew button onto garment,1,0, A
5,88.46153846153845,"['Get out sewing kit.', 'Get needle', 'Find thread color to match button or item requiring the button', 'Take shirt', 'Sew button onto garment']","['put back all the materials', 'Get sewing kit']",put back all the materials,0,0, A
6,92.3076923076923,"['Get out sewing kit.', 'Get needle', 'Find thread color to match button or item requiring the button', 'Take shirt', 'Sew button onto garment', 'put back all the materials']","['Check new button', 'FIND THE REPLACEMENT BUTTON']",Check new button,0,0, A
0,0.0,[],"['put needle and thread away', 'Get button, thread, needle and scissors']","Get button, thread, needle and scissors",1,0, A
1,7.6923076923076925,"['Get button, thread, needle and scissors']","['Tie knot to secure thread and button to clothes', 'Prepare needle and thread.']",Prepare needle and thread.,1,0, A
2,11.538461538461538,"['Get button, thread, needle and scissors', 'Prepare needle and thread.']","['Insert the needle from the bottom where the button is to be sewn', 'Pick a needle']",Pick a needle,1,0, A
3,19.230769230769237,"['Get button, thread, needle and scissors', 'Prepare needle and thread.', 'Pick a needle']","['Purchase thread', 'Repeat to make loop and knot it.']",Purchase thread,0,0, A
4,34.61538461538461,"['Get button, thread, needle and scissors', 'Prepare needle and thread.', 'Pick a needle', 'Purchase thread']","['Thread the needle', 'tie knot on thread']",Thread the needle,0,0, A
5,42.30769230769231,"['Get button, thread, needle and scissors', 'Prepare needle and thread.', 'Pick a needle', 'Purchase thread', 'Thread the needle']","['Cut length of thread', 'Get a needle and thread']",Cut length of thread,0,0, A
6,61.53846153846154,"['Get button, thread, needle and scissors', 'Prepare needle and thread.', 'Pick a needle', 'Purchase thread', 'Thread the needle', 'Cut length of thread']","['Starting from the bottom, poke needle through hole in button', 'Get sewing kit']","Starting from the bottom, poke needle through hole in button",0,0, A
7,80.76923076923077,"['Get button, thread, needle and scissors', 'Prepare needle and thread.', 'Pick a needle', 'Purchase thread', 'Thread the needle', 'Cut length of thread', 'Starting from the bottom, poke needle through hole in button']","['Find a needle and thread', ""Make sure it's secure""]",Make sure it's secure,1,0, A
0,0.0,[],"['thread a needle', 'Get scissors, needle, button and thread']","Get scissors, needle, button and thread",1,0, A
1,7.6923076923076925,"['Get scissors, needle, button and thread']","['Repeat 4 or 5 times', 'find needle and thread']",find needle and thread,1,0, A
2,26.923076923076923,"['Get scissors, needle, button and thread', 'find needle and thread']","['Place item on flat surface', 'Pull through other end']",Place item on flat surface,0,0, A
3,30.76923076923077,"['Get scissors, needle, button and thread', 'find needle and thread', 'Place item on flat surface']","['put back all the materials', 'put button where other button was located']",put button where other button was located,1,0, A
4,34.61538461538461,"['Get scissors, needle, button and thread', 'find needle and thread', 'Place item on flat surface', 'put button where other button was located']","['thread needle', 'Repeat several times until button is attached solidly to the fabric.']",thread needle,0,0, A
5,61.53846153846154,"['Get scissors, needle, button and thread', 'find needle and thread', 'Place item on flat surface', 'put button where other button was located', 'thread needle']","['Put needle into one button hole through shirt.', 'put needle and thread away']",Put needle into one button hole through shirt.,0,0, A
6,80.76923076923077,"['Get scissors, needle, button and thread', 'find needle and thread', 'Place item on flat surface', 'put button where other button was located', 'thread needle', 'Put needle into one button hole through shirt.']","['Find button that matches lost button.', 'knot thread']",knot thread,1,0, A
7,88.46153846153845,"['Get scissors, needle, button and thread', 'find needle and thread', 'Place item on flat surface', 'put button where other button was located', 'thread needle', 'Put needle into one button hole through shirt.', 'knot thread']","['Put supplies away', 'Tie a knot in the thread']",Put supplies away,0,0, A
8,92.3076923076923,"['Get scissors, needle, button and thread', 'find needle and thread', 'Place item on flat surface', 'put button where other button was located', 'thread needle', 'Put needle into one button hole through shirt.', 'knot thread', 'Put supplies away']","['find a button', 'Check if the button is tight']",Check if the button is tight,1,0, A
0,0.0,[],"['Get clothes', 'Drive to fabric store']",Drive to fabric store,1,0, A
1,19.230769230769237,['Drive to fabric store'],"['Get the thread', 'Continue until button is secure']",Get the thread,0,0, A
2,23.07692307692308,"['Drive to fabric store', 'Get the thread']","['Purchase buttons', 'Tie the thread at the bottom of the button']",Purchase buttons,0,0, A
3,26.923076923076923,"['Drive to fabric store', 'Get the thread', 'Purchase buttons']","['Get the piece of apparel that needs to sew the button on.', 'Move needle down to hole opposite first hole']",Get the piece of apparel that needs to sew the button on.,0,0, A
4,30.76923076923077,"['Drive to fabric store', 'Get the thread', 'Purchase buttons', 'Get the piece of apparel that needs to sew the button on.']","[""Make 4 x's in button."", 'put button where other button was located']",put button where other button was located,1,0, A
5,46.15384615384615,"['Drive to fabric store', 'Get the thread', 'Purchase buttons', 'Get the piece of apparel that needs to sew the button on.', 'put button where other button was located']","['Use needle to go through button holes', 'Sew through the diagonal hole of the button and the garment.']",Use needle to go through button holes,0,0, A
6,61.53846153846154,"['Drive to fabric store', 'Get the thread', 'Purchase buttons', 'Get the piece of apparel that needs to sew the button on.', 'put button where other button was located', 'Use needle to go through button holes']","['Push needle through hole', 'Check if the button is tight']",Push needle through hole,0,0, A
7,76.92307692307693,"['Drive to fabric store', 'Get the thread', 'Purchase buttons', 'Get the piece of apparel that needs to sew the button on.', 'put button where other button was located', 'Use needle to go through button holes', 'Push needle through hole']","['Repeat steps 4 through 6 about 30 times', 'thread needle']",Repeat steps 4 through 6 about 30 times,0,0, A
8,80.76923076923077,"['Drive to fabric store', 'Get the thread', 'Purchase buttons', 'Get the piece of apparel that needs to sew the button on.', 'put button where other button was located', 'Use needle to go through button holes', 'Push needle through hole', 'Repeat steps 4 through 6 about 30 times']","['Tie off thread', 'Purchase buttons']",Tie off thread,0,0, A
0,0.0,[],"['Find sewing kit', 'Do this several times until the button is secure']",Find sewing kit,0,0, A
1,19.230769230769237,['Find sewing kit'],"['Pick thread to use', 'Poke hole with needle through button hole and fabric']",Pick thread to use,0,0, A
2,23.07692307692308,"['Find sewing kit', 'Pick thread to use']","['Find button that matches lost button.', 'Continue repeating pushing up and pushing thread back down']",Find button that matches lost button.,0,0, A
3,30.76923076923077,"['Find sewing kit', 'Pick thread to use', 'Find button that matches lost button.']","['Secure the button with a knot', 'Put the button in the correct spot.']",Put the button in the correct spot.,1,0, A
4,34.61538461538461,"['Find sewing kit', 'Pick thread to use', 'Find button that matches lost button.', 'Put the button in the correct spot.']","['Repeat procedure until button is secure', 'Thread needle.']",Thread needle.,1,0, A
5,53.84615384615385,"['Find sewing kit', 'Pick thread to use', 'Find button that matches lost button.', 'Put the button in the correct spot.', 'Thread needle.']","['pass needle through needle hole in button', 'Find thread that matches']",pass needle through needle hole in button,0,0, A
6,57.692307692307686,"['Find sewing kit', 'Pick thread to use', 'Find button that matches lost button.', 'Put the button in the correct spot.', 'Thread needle.', 'pass needle through needle hole in button']","['Pull through', 'Thread the needle.']",Pull through,0,0, A
7,61.53846153846154,"['Find sewing kit', 'Pick thread to use', 'Find button that matches lost button.', 'Put the button in the correct spot.', 'Thread needle.', 'pass needle through needle hole in button', 'Pull through']","['Push needle through hole', 'getting out needle']",Push needle through hole,0,0, A
8,80.76923076923077,"['Find sewing kit', 'Pick thread to use', 'Find button that matches lost button.', 'Put the button in the correct spot.', 'Thread needle.', 'pass needle through needle hole in button', 'Pull through', 'Push needle through hole']","['Tie thread to needle', 'Tie the end of the string so it will not unravel']",Tie the end of the string so it will not unravel,1,0, A
9,84.61538461538461,"['Find sewing kit', 'Pick thread to use', 'Find button that matches lost button.', 'Put the button in the correct spot.', 'Thread needle.', 'pass needle through needle hole in button', 'Pull through', 'Push needle through hole', 'Tie the end of the string so it will not unravel']","['tie knot at end of thread', 'Cut thread']",Cut thread,1,0, A
0,0.0,[],"['get thread, needle, button to be sewn', 'Put away thread and needle']","get thread, needle, button to be sewn",0,0, A
1,15.384615384615383,"['get thread, needle, button to be sewn']","['cut thread', 'Choose thread color']",Choose thread color,1,0, A
2,30.76923076923077,"['get thread, needle, button to be sewn', 'Choose thread color']","['Push through other holes', 'Put the button in the correct spot.']",Put the button in the correct spot.,1,0, A
3,61.53846153846154,"['get thread, needle, button to be sewn', 'Choose thread color', 'Put the button in the correct spot.']","['Find thread that matches', 'Sew button onto fabric through the first hole']",Sew button onto fabric through the first hole,1,0, A
4,65.38461538461539,"['get thread, needle, button to be sewn', 'Choose thread color', 'Put the button in the correct spot.', 'Sew button onto fabric through the first hole']","['Select thread', 'pull needle through to knot']",pull needle through to knot,1,0, A
5,69.23076923076923,"['get thread, needle, button to be sewn', 'Choose thread color', 'Put the button in the correct spot.', 'Sew button onto fabric through the first hole', 'pull needle through to knot']","['Poke needle through opposite hole', 'Thread the needle']",Poke needle through opposite hole,0,0, A
0,0.0,[],"['place button on cloth where it needs to go', 'Get sewing basket']",Get sewing basket,1,0, A
1,7.6923076923076925,['Get sewing basket'],"['Put everything away.', 'get thread and needle']",get thread and needle,1,0, A
2,23.07692307692308,"['Get sewing basket', 'get thread and needle']","['Find a button', 'pull thread forward']",Find a button,0,0, A
3,26.923076923076923,"['Get sewing basket', 'get thread and needle', 'Find a button']","['tie a knot in the thread', 'taking the right button out']",taking the right button out,1,0, A
4,30.76923076923077,"['Get sewing basket', 'get thread and needle', 'Find a button', 'taking the right button out']","['Put all the items away', 'attach button to shirt']",attach button to shirt,1,0, A
5,42.30769230769231,"['Get sewing basket', 'get thread and needle', 'Find a button', 'taking the right button out', 'attach button to shirt']","['Tie another knot at the end of the thread.', 'Cut about 16 inches worth of thread.']",Cut about 16 inches worth of thread.,1,0, A
6,46.15384615384615,"['Get sewing basket', 'get thread and needle', 'Find a button', 'taking the right button out', 'attach button to shirt', 'Cut about 16 inches worth of thread.']","['Use needle and thread to sew button', 'Find some thread']",Use needle and thread to sew button,0,0, A
7,50.0,"['Get sewing basket', 'get thread and needle', 'Find a button', 'taking the right button out', 'attach button to shirt', 'Cut about 16 inches worth of thread.', 'Use needle and thread to sew button']","['Poke a hole in the fabric', 'Get needle and thread']",Poke a hole in the fabric,0,0, A
8,53.84615384615385,"['Get sewing basket', 'get thread and needle', 'Find a button', 'taking the right button out', 'attach button to shirt', 'Cut about 16 inches worth of thread.', 'Use needle and thread to sew button', 'Poke a hole in the fabric']","['pull thread forward', 'Get needle and thread']",pull thread forward,0,0, A
0,0.0,[],"['Insert thread in needle', 'Drive to fabric store']",Drive to fabric store,1,0, A
1,19.230769230769237,['Drive to fabric store'],"['tie off thread', 'Get thread.']",Get thread.,1,0, A
2,34.61538461538461,"['Drive to fabric store', 'Get thread.']","['Repeat the inserting as above for about 10 times', 'Thread needle']",Thread needle,1,0, A
3,46.15384615384615,"['Drive to fabric store', 'Get thread.', 'Thread needle']","['Find similar color thread to use.', 'sew the button on the garment']",sew the button on the garment,1,0, A
4,50.0,"['Drive to fabric store', 'Get thread.', 'Thread needle', 'sew the button on the garment']","['Cut thread', 'Put needle and thread through shirt']",Put needle and thread through shirt,1,0, A
5,80.76923076923077,"['Drive to fabric store', 'Get thread.', 'Thread needle', 'sew the button on the garment', 'Put needle and thread through shirt']","['Take button.', ""TIE A KNOT IN THE END OF THE THREAD SO THE BUTTON DOESN'T COME OFF""]",TIE A KNOT IN THE END OF THE THREAD SO THE BUTTON DOESN'T COME OFF,1,0, A
6,88.46153846153845,"['Drive to fabric store', 'Get thread.', 'Thread needle', 'sew the button on the garment', 'Put needle and thread through shirt', ""TIE A KNOT IN THE END OF THE THREAD SO THE BUTTON DOESN'T COME OFF""]","[""pass needle and thread back through another of the button's needle holes"", 'Put the needle and thread away']",Put the needle and thread away,1,0, A
0,0.0,[],"['Get the sewing kit.', 'Place the button in the right spot']",Get the sewing kit.,0,0, A
1,34.61538461538461,['Get the sewing kit.'],"['Insert the needle back into the garment from the top of the button', 'Thread needle.']",Thread needle.,1,0, A
2,50.0,"['Get the sewing kit.', 'Thread needle.']","['Insert the thread through the button', 'Choose thread to sew button on with.']",Insert the thread through the button,0,0, A
3,80.76923076923077,"['Get the sewing kit.', 'Thread needle.', 'Insert the thread through the button']","['get thread, needle, button to be sewn', 'knot thread']",knot thread,1,0, A
4,88.46153846153845,"['Get the sewing kit.', 'Thread needle.', 'Insert the thread through the button', 'knot thread']","['Clean up.', 'Start sewing going into the back of the garment.']",Clean up.,0,0, A
5,92.3076923076923,"['Get the sewing kit.', 'Thread needle.', 'Insert the thread through the button', 'knot thread', 'Clean up.']","['Check new button', 'Gather supplies']",Check new button,0,0, A
0,0.0,[],"['Drive to fabric store', 'place button where you want it']",Drive to fabric store,0,0, A
1,19.230769230769237,['Drive to fabric store'],"['Push the needle through the fabric', 'Pick thread to use']",Pick thread to use,1,0, A
2,30.76923076923077,"['Drive to fabric store', 'Pick thread to use']","['Mark on clothing where button is to go', 'Repeat to make loop and knot it.']",Mark on clothing where button is to go,0,0, A
3,42.30769230769231,"['Drive to fabric store', 'Pick thread to use', 'Mark on clothing where button is to go']","['Take out right colored thread.', 'Cut about 16 inches worth of thread.']",Cut about 16 inches worth of thread.,1,0, A
4,61.53846153846154,"['Drive to fabric store', 'Pick thread to use', 'Mark on clothing where button is to go', 'Cut about 16 inches worth of thread.']","['PUT NEEDLE AND THREAD AWAY', 'Thread one hole with the needle']",Thread one hole with the needle,1,0, A
5,80.76923076923077,"['Drive to fabric store', 'Pick thread to use', 'Mark on clothing where button is to go', 'Cut about 16 inches worth of thread.', 'Thread one hole with the needle']","['taking the right button out', 'When button is securely in place tie knot in thread at back of garment']",When button is securely in place tie knot in thread at back of garment,1,0, A
6,84.61538461538461,"['Drive to fabric store', 'Pick thread to use', 'Mark on clothing where button is to go', 'Cut about 16 inches worth of thread.', 'Thread one hole with the needle', 'When button is securely in place tie knot in thread at back of garment']","['Place button where you want it to go', 'Cut off any excess thread.']",Cut off any excess thread.,1,0, A
0,0.0,[],"['Get scissors, needle, button and thread', 'put the needle in and out through the holes']","Get scissors, needle, button and thread",0,0, A
1,30.76923076923077,"['Get scissors, needle, button and thread']","['Tie knot in thread', 'putting the button on the fabric']",putting the button on the fabric,1,0, A
2,50.0,"['Get scissors, needle, button and thread', 'putting the button on the fabric']","['Put thread through needle.', 'Cut off excess thread']",Put thread through needle.,0,0, A
3,53.84615384615385,"['Get scissors, needle, button and thread', 'putting the button on the fabric', 'Put thread through needle.']","['Get your button', 'With other hand, push needle through button hole']","With other hand, push needle through button hole",1,0, A
4,76.92307692307693,"['Get scissors, needle, button and thread', 'putting the button on the fabric', 'Put thread through needle.', 'With other hand, push needle through button hole']","['repeat until button is secure', 'Put thread through a needle.']",repeat until button is secure,0,0, A
0,0.0,[],"['Tie off thread', 'Get button, thread, needle and scissors']","Get button, thread, needle and scissors",1,0, A
1,30.76923076923077,"['Get button, thread, needle and scissors']","['Cut off excess thread', 'Hold button in place on clothing.']",Hold button in place on clothing.,1,0, A
2,61.53846153846154,"['Get button, thread, needle and scissors', 'Hold button in place on clothing.']","['Sew button onto fabric through the first hole', 'Find a needle and thread']",Sew button onto fabric through the first hole,0,0, A
3,80.76923076923077,"['Get button, thread, needle and scissors', 'Hold button in place on clothing.', 'Sew button onto fabric through the first hole']","['Tie knot in thread', 'When button is securely in place tie knot in thread at back of garment']",When button is securely in place tie knot in thread at back of garment,1,0, A
4,88.46153846153845,"['Get button, thread, needle and scissors', 'Hold button in place on clothing.', 'Sew button onto fabric through the first hole', 'When button is securely in place tie knot in thread at back of garment']","['PUT NEEDLE AND THREAD AWAY', 'carefully cut off old button if exists']",PUT NEEDLE AND THREAD AWAY,0,0, A
0,0.0,[],"['Get sewing kit', 'Pass the needle in and out of holes on button']",Get sewing kit,0,0, A
1,19.230769230769237,['Get sewing kit'],"['Tie the thread', 'Find thread that matches']",Find thread that matches,1,0, A
2,34.61538461538461,"['Get sewing kit', 'Find thread that matches']","['Thread needle', 'Ending again in the back of the garment cut off the thread.']",Thread needle,0,0, A
3,38.46153846153847,"['Get sewing kit', 'Find thread that matches', 'Thread needle']","['Cut off any excess thread.', 'Tie a knot in the thread']",Tie a knot in the thread,1,0, A
4,42.30769230769231,"['Get sewing kit', 'Find thread that matches', 'Thread needle', 'Tie a knot in the thread']","['Cut excess thread', 'Take out right colored thread.']",Cut excess thread,0,0, A
5,61.53846153846154,"['Get sewing kit', 'Find thread that matches', 'Thread needle', 'Tie a knot in the thread', 'Cut excess thread']","['Get thread', 'Pull thread through']",Pull thread through,1,0, A
6,80.76923076923077,"['Get sewing kit', 'Find thread that matches', 'Thread needle', 'Tie a knot in the thread', 'Cut excess thread', 'Pull thread through']","['knot thread', 'Thread needle']",knot thread,0,0, A
7,88.46153846153845,"['Get sewing kit', 'Find thread that matches', 'Thread needle', 'Tie a knot in the thread', 'Cut excess thread', 'Pull thread through', 'knot thread']","['put items away when done', ""pass needle and thread back through another of the button's needle holes""]",put items away when done,0,0, A
8,92.3076923076923,"['Get sewing kit', 'Find thread that matches', 'Thread needle', 'Tie a knot in the thread', 'Cut excess thread', 'Pull thread through', 'knot thread', 'put items away when done']","['Find shirt', 'Check the button']",Check the button,1,0, A
0,0.0,[],"['Continue to push and pull needle through button holes until button is secure', 'Get sewing kit']",Get sewing kit,1,0, A
1,34.61538461538461,['Get sewing kit'],"['Cut the thread', 'Thread the needle']",Thread the needle,1,0, A
2,38.46153846153847,"['Get sewing kit', 'Thread the needle']","['Tie knot at end of thread.', 'Cut thread from spindle']",Tie knot at end of thread.,0,0, A
3,61.53846153846154,"['Get sewing kit', 'Thread the needle', 'Tie knot at end of thread.']","['put needle and thread away', 'take needle bring up through the back of the item']",take needle bring up through the back of the item,1,0, A
4,80.76923076923077,"['Get sewing kit', 'Thread the needle', 'Tie knot at end of thread.', 'take needle bring up through the back of the item']","['put button where other button was located', 'Tie off thread']",Tie off thread,1,0, A
5,88.46153846153845,"['Get sewing kit', 'Thread the needle', 'Tie knot at end of thread.', 'take needle bring up through the back of the item', 'Tie off thread']","['Get a thimble', 'put sewing kit away']",put sewing kit away,1,0, A
0,0.0,[],"['Drive to fabric store', 'With other hand, push needle through button hole']",Drive to fabric store,0,0, A
1,19.230769230769237,['Drive to fabric store'],"['Choose thread to sew button on with.', 'Put supplies away']",Choose thread to sew button on with.,0,0, A
2,30.76923076923077,"['Drive to fabric store', 'Choose thread to sew button on with.']","['Place button on fabric and hold with thumb and index finger', 'Cut away any extra string']",Place button on fabric and hold with thumb and index finger,0,0, A
3,50.0,"['Drive to fabric store', 'Choose thread to sew button on with.', 'Place button on fabric and hold with thumb and index finger']","['Take out the needle', 'insert needle through cloth']",insert needle through cloth,1,0, A
4,76.92307692307693,"['Drive to fabric store', 'Choose thread to sew button on with.', 'Place button on fabric and hold with thumb and index finger', 'insert needle through cloth']","['Repeat for all holes to reinforce', 'Find placement for new button.']",Repeat for all holes to reinforce,0,0, A
0,0.0,[],"['Get button, thread, needle and scissors', 'Tie the thread in a knot to secure it']","Get button, thread, needle and scissors",0,0, A
1,15.384615384615383,"['Get button, thread, needle and scissors']","['Put needle and thread through shirt', 'Find matching thread']",Find matching thread,1,0, A
2,19.230769230769237,"['Get button, thread, needle and scissors', 'Find matching thread']","['Get some thread.', 'Return the needle through the fabric and through a different button hole']",Get some thread.,0,0, A
3,23.07692307692308,"['Get button, thread, needle and scissors', 'Find matching thread', 'Get some thread.']","['Push the needle through the garment into the button', 'Take a matching button']",Take a matching button,1,0, A
4,38.46153846153847,"['Get button, thread, needle and scissors', 'Find matching thread', 'Get some thread.', 'Take a matching button']","['Tie knot in other end of thread', 'Tie off thread']",Tie knot in other end of thread,0,0, A
5,42.30769230769231,"['Get button, thread, needle and scissors', 'Find matching thread', 'Get some thread.', 'Take a matching button', 'Tie knot in other end of thread']","['put the supplies away', 'Cut about 16 inches worth of thread.']",Cut about 16 inches worth of thread.,1,0, A
6,61.53846153846154,"['Get button, thread, needle and scissors', 'Find matching thread', 'Get some thread.', 'Take a matching button', 'Tie knot in other end of thread', 'Cut about 16 inches worth of thread.']","['Start sewing going into the back of the garment.', 'cut the thread when finished']",Start sewing going into the back of the garment.,0,0, A
7,65.38461538461539,"['Get button, thread, needle and scissors', 'Find matching thread', 'Get some thread.', 'Take a matching button', 'Tie knot in other end of thread', 'Cut about 16 inches worth of thread.', 'Start sewing going into the back of the garment.']","['Thread a needle with thread that matches shirt that needs a new button.', 'Cross over to perpendicular hole, push needle back through']","Cross over to perpendicular hole, push needle back through",1,0, A
8,76.92307692307693,"['Get button, thread, needle and scissors', 'Find matching thread', 'Get some thread.', 'Take a matching button', 'Tie knot in other end of thread', 'Cut about 16 inches worth of thread.', 'Start sewing going into the back of the garment.', 'Cross over to perpendicular hole, push needle back through']","['Place button on clothing', 'Repeat until sewed on.']",Repeat until sewed on.,1,0, A
9,80.76923076923077,"['Get button, thread, needle and scissors', 'Find matching thread', 'Get some thread.', 'Take a matching button', 'Tie knot in other end of thread', 'Cut about 16 inches worth of thread.', 'Start sewing going into the back of the garment.', 'Cross over to perpendicular hole, push needle back through', 'Repeat until sewed on.']","['Tie the thread so the button will not come loose', 'attach button to shirt']",Tie the thread so the button will not come loose,0,0, A
10,88.46153846153845,"['Get button, thread, needle and scissors', 'Find matching thread', 'Get some thread.', 'Take a matching button', 'Tie knot in other end of thread', 'Cut about 16 inches worth of thread.', 'Start sewing going into the back of the garment.', 'Cross over to perpendicular hole, push needle back through', 'Repeat until sewed on.', 'Tie the thread so the button will not come loose']","['get a new button', 'Put needle away']",Put needle away,1,0, A
11,92.3076923076923,"['Get button, thread, needle and scissors', 'Find matching thread', 'Get some thread.', 'Take a matching button', 'Tie knot in other end of thread', 'Cut about 16 inches worth of thread.', 'Start sewing going into the back of the garment.', 'Cross over to perpendicular hole, push needle back through', 'Repeat until sewed on.', 'Tie the thread so the button will not come loose', 'Put needle away']","['Run needle and thread through button hole and fabric hole', 'Check the button']",Check the button,1,0, A
0,0.0,[],"['get sewing kit', 'Start sewing going into the back of the garment.']",get sewing kit,0,0, A
1,19.230769230769237,['get sewing kit'],"['Purchase thread', 'Tie a knot.']",Purchase thread,0,0, A
2,23.07692307692308,"['get sewing kit', 'Purchase thread']","['Sew button.', 'Find an extra button']",Find an extra button,1,0, A
3,26.923076923076923,"['get sewing kit', 'Purchase thread', 'Find an extra button']","['Continue to push and pull needle through button holes until button is secure', 'get item to be sewn']",get item to be sewn,1,0, A
4,30.76923076923077,"['get sewing kit', 'Purchase thread', 'Find an extra button', 'get item to be sewn']","['push needle to back of the item', 'Take button and put it on shirt where you want it']",Take button and put it on shirt where you want it,1,0, A
5,53.84615384615385,"['get sewing kit', 'Purchase thread', 'Find an extra button', 'get item to be sewn', 'Take button and put it on shirt where you want it']","['Get thread and needle', 'pass needle through needle hole in button']",pass needle through needle hole in button,1,0, A
6,76.92307692307693,"['get sewing kit', 'Purchase thread', 'Find an extra button', 'get item to be sewn', 'Take button and put it on shirt where you want it', 'pass needle through needle hole in button']","['Get clothing', 'Push through other holes']",Push through other holes,1,0, A
7,80.76923076923077,"['get sewing kit', 'Purchase thread', 'Find an extra button', 'get item to be sewn', 'Take button and put it on shirt where you want it', 'pass needle through needle hole in button', 'Push through other holes']","['Get out sewing kit.', 'Tie knot on thread.']",Tie knot on thread.,1,0, A
8,84.61538461538461,"['get sewing kit', 'Purchase thread', 'Find an extra button', 'get item to be sewn', 'Take button and put it on shirt where you want it', 'pass needle through needle hole in button', 'Push through other holes', 'Tie knot on thread.']","['Get thread', 'cut thread']",cut thread,1,0, A
9,88.46153846153845,"['get sewing kit', 'Purchase thread', 'Find an extra button', 'get item to be sewn', 'Take button and put it on shirt where you want it', 'pass needle through needle hole in button', 'Push through other holes', 'Tie knot on thread.', 'cut thread']","['Push needle through first hole', 'Clean up.']",Clean up.,1,0, A
0,0.0,[],"['Get supplies - shirt, new button, thread, needle', 'Tie knot on thread.']","Get supplies - shirt, new button, thread, needle",0,0, A
1,26.923076923076923,"['Get supplies - shirt, new button, thread, needle']","['Cut the thread near the needle to finish', 'Find a piece of clothing.']",Find a piece of clothing.,1,0, A
2,50.0,"['Get supplies - shirt, new button, thread, needle', 'Find a piece of clothing.']","['Push needle through the button holes', 'Get out needle, thread, button, and clothing item.']",Push needle through the button holes,0,0, A
3,61.53846153846154,"['Get supplies - shirt, new button, thread, needle', 'Find a piece of clothing.', 'Push needle through the button holes']","['Thread one hole with the needle', 'Find matching thread']",Thread one hole with the needle,0,0, A
4,76.92307692307693,"['Get supplies - shirt, new button, thread, needle', 'Find a piece of clothing.', 'Push needle through the button holes', 'Thread one hole with the needle']","['Repeat', 'Thread needle with some thread.']",Repeat,0,0, A
5,80.76923076923077,"['Get supplies - shirt, new button, thread, needle', 'Find a piece of clothing.', 'Push needle through the button holes', 'Thread one hole with the needle', 'Repeat']","['Take thread from sewing kit', 'Tie the thread at the bottom of the button']",Tie the thread at the bottom of the button,1,0, A
6,88.46153846153845,"['Get supplies - shirt, new button, thread, needle', 'Find a piece of clothing.', 'Push needle through the button holes', 'Thread one hole with the needle', 'Repeat', 'Tie the thread at the bottom of the button']","['put sewing kit away', 'Get needle.']",put sewing kit away,0,0, A
7,92.3076923076923,"['Get supplies - shirt, new button, thread, needle', 'Find a piece of clothing.', 'Push needle through the button holes', 'Thread one hole with the needle', 'Repeat', 'Tie the thread at the bottom of the button', 'put sewing kit away']","['Take out sewing kit', 'Check if the button is tight']",Check if the button is tight,1,0, A
0,0.0,[],"['Get scissors, needle, button and thread', 'Push needle through the button hole into the fabric']","Get scissors, needle, button and thread",0,0, A
1,7.6923076923076925,"['Get scissors, needle, button and thread']","['Collect thread and needle.', 'Put needle away']",Collect thread and needle.,0,0, A
2,34.61538461538461,"['Get scissors, needle, button and thread', 'Collect thread and needle.']","['Loop thread to create knot in thread.', 'Thread the needle']",Thread the needle,1,0, A
3,53.84615384615385,"['Get scissors, needle, button and thread', 'Collect thread and needle.', 'Thread the needle']","['Pull thread through opposite button hole', 'Find thread color to match button or item requiring the button']",Pull thread through opposite button hole,0,0, A
4,61.53846153846154,"['Get scissors, needle, button and thread', 'Collect thread and needle.', 'Thread the needle', 'Pull thread through opposite button hole']","['Pull the needle until thread is completely on the other side of shirt', 'Check if the button is tight']",Pull the needle until thread is completely on the other side of shirt,0,0, A
5,76.92307692307693,"['Get scissors, needle, button and thread', 'Collect thread and needle.', 'Thread the needle', 'Pull thread through opposite button hole', 'Pull the needle until thread is completely on the other side of shirt']","['Tie knot in other end of thread', 'Repeat several times until button is attached solidly to the fabric.']",Repeat several times until button is attached solidly to the fabric.,1,0, A
0,0.0,[],"['Get out sewing kit.', 'Prepare garment for sewing']",Get out sewing kit.,0,0, A
1,23.07692307692308,['Get out sewing kit.'],"['Get button', 'Pull through other end']",Get button,0,0, A
2,34.61538461538461,"['Get out sewing kit.', 'Get button']","['put thread through needle', 'Cut thread']",put thread through needle,0,0, A
3,88.46153846153845,"['Get out sewing kit.', 'Get button', 'put thread through needle']","['PUT NEEDLE AND THREAD AWAY', 'Tie knot']",PUT NEEDLE AND THREAD AWAY,0,0, A
0,0.0,[],"['Check new button', 'Get out sewing kit.']",Get out sewing kit.,1,0, A
1,11.538461538461538,['Get out sewing kit.'],"['ATTACH BUTTON USING NEEDLE AND THREAD', 'Thread needle']",Thread needle,1,0, A
2,23.07692307692308,"['Get out sewing kit.', 'Thread needle']","['Find a button', ""TIE A KNOT IN THE END OF THE THREAD SO THE BUTTON DOESN'T COME OFF""]",Find a button,0,0, A
3,61.53846153846154,"['Get out sewing kit.', 'Thread needle', 'Find a button']","['take needle bring up through the back of the item', 'Find sewing kit']",take needle bring up through the back of the item,0,0, A
4,80.76923076923077,"['Get out sewing kit.', 'Thread needle', 'Find a button', 'take needle bring up through the back of the item']","['Tie off thread', 'Get needle and thread']",Tie off thread,0,0, A
0,0.0,[],"['Drive to fabric store', 'put needle into adjoining hole']",Drive to fabric store,0,0, A
1,19.230769230769237,['Drive to fabric store'],"['Get thread', 'put needle into adjoining hole']",Get thread,0,0, A
2,30.76923076923077,"['Drive to fabric store', 'Get thread']","['Tie end in a knot', 'Place button onto item of clothing']",Place button onto item of clothing,1,0, A
3,61.53846153846154,"['Drive to fabric store', 'Get thread', 'Place button onto item of clothing']","['Pull the needle until thread is completely on the other side of shirt', 'grab object the button is being sewed']",Pull the needle until thread is completely on the other side of shirt,0,0, A
4,80.76923076923077,"['Drive to fabric store', 'Get thread', 'Place button onto item of clothing', 'Pull the needle until thread is completely on the other side of shirt']","['line it up with the hole', 'Tie off the end of the thread']",Tie off the end of the thread,1,0, A
0,0.0,[],"['Find sewing kit.', 'Make a knot']",Find sewing kit.,0,0, A
1,7.6923076923076925,['Find sewing kit.'],"['With other hand, push needle through button hole', 'Find a needle and thread']",Find a needle and thread,1,0, A
2,34.61538461538461,"['Find sewing kit.', 'Find a needle and thread']","['cut loose thread', 'Thread needle']",Thread needle,1,0, A
3,88.46153846153845,"['Find sewing kit.', 'Find a needle and thread', 'Thread needle']","['Put away thread and needle', 'Find sewing kit']",Put away thread and needle,0,0, A
4,92.3076923076923,"['Find sewing kit.', 'Find a needle and thread', 'Thread needle', 'Put away thread and needle']","['Check new button', 'getting out thread']",Check new button,0,0, A
0,0.0,[],"['Cut off any loose threads with a scissors.', 'Take out sewing kit']",Take out sewing kit,1,0, A
1,19.230769230769237,['Take out sewing kit'],"['repeat 6 more times', ""Pull a thread of a matching color through the needle's eye""]",Pull a thread of a matching color through the needle's eye,1,0, A
2,23.07692307692308,"['Take out sewing kit', ""Pull a thread of a matching color through the needle's eye""]","['Acquire new button', 'put the needle in and out through the holes']",Acquire new button,0,0, A
3,26.923076923076923,"['Take out sewing kit', ""Pull a thread of a matching color through the needle's eye"", 'Acquire new button']","['Place item on flat surface', 'Cut off remaining thread']",Place item on flat surface,0,0, A
4,30.76923076923077,"['Take out sewing kit', ""Pull a thread of a matching color through the needle's eye"", 'Acquire new button', 'Place item on flat surface']","['place botton where you want it', 'Push needle through other hole of button and through clothes']",place botton where you want it,0,0, A
5,50.0,"['Take out sewing kit', ""Pull a thread of a matching color through the needle's eye"", 'Acquire new button', 'Place item on flat surface', 'place botton where you want it']","['Put needle through one hole', 'locate needle and thread']",Put needle through one hole,0,0, A
6,61.53846153846154,"['Take out sewing kit', ""Pull a thread of a matching color through the needle's eye"", 'Acquire new button', 'Place item on flat surface', 'place botton where you want it', 'Put needle through one hole']","['grab a needle and string', 'Sew button onto fabric through the first hole']",Sew button onto fabric through the first hole,1,0, A
7,80.76923076923077,"['Take out sewing kit', ""Pull a thread of a matching color through the needle's eye"", 'Acquire new button', 'Place item on flat surface', 'place botton where you want it', 'Put needle through one hole', 'Sew button onto fabric through the first hole']","['When button is securely in place tie knot in thread at back of garment', 'thread needle']",When button is securely in place tie knot in thread at back of garment,0,0, A
8,84.61538461538461,"['Take out sewing kit', ""Pull a thread of a matching color through the needle's eye"", 'Acquire new button', 'Place item on flat surface', 'place botton where you want it', 'Put needle through one hole', 'Sew button onto fabric through the first hole', 'When button is securely in place tie knot in thread at back of garment']","['Cut the thread near the needle to finish', 'Grab the garment that you would like to sew the button to.']",Cut the thread near the needle to finish,0,0, A
0,0.0,[],"['Find sewing kit.', 'Tie knot in other end of thread']",Find sewing kit.,0,0, A
1,19.230769230769237,['Find sewing kit.'],"['Cut excess thread', 'gathering thread']",gathering thread,1,0, A
2,34.61538461538461,"['Find sewing kit.', 'gathering thread']","['Cut the needle off of the thread.', 'Thread the needle']",Thread the needle,1,0, A
3,61.53846153846154,"['Find sewing kit.', 'gathering thread', 'Thread the needle']","['Get out needle', 'Thread one hole with the needle']",Thread one hole with the needle,1,0, A
4,76.92307692307693,"['Find sewing kit.', 'gathering thread', 'Thread the needle', 'Thread one hole with the needle']","['Do this through all holes of button', 'Place item on flat surface']",Do this through all holes of button,0,0, A
5,84.61538461538461,"['Find sewing kit.', 'gathering thread', 'Thread the needle', 'Thread one hole with the needle', 'Do this through all holes of button']","['Tie knot in thread', 'Cut away any extra string']",Cut away any extra string,1,0, A
6,88.46153846153845,"['Find sewing kit.', 'gathering thread', 'Thread the needle', 'Thread one hole with the needle', 'Do this through all holes of button', 'Cut away any extra string']","['Put everything away.', 'Get needle and thread']",Put everything away.,0,0, A
7,92.3076923076923,"['Find sewing kit.', 'gathering thread', 'Thread the needle', 'Thread one hole with the needle', 'Do this through all holes of button', 'Cut away any extra string', 'Put everything away.']","['MAKE SURE BUTTON IS SECURE', 'Thread needle']",MAKE SURE BUTTON IS SECURE,0,0, A
0,0.0,[],"['Pull needle and thread', 'Drive to fabric store']",Drive to fabric store,1,0, A
1,19.230769230769237,['Drive to fabric store'],"['Get out thread', ""pass needle and thread back through another of the button's needle holes""]",Get out thread,0,0, A
2,26.923076923076923,"['Drive to fabric store', 'Get out thread']","['Grab the garment that you would like to sew the button to.', 'put back all the materials']",Grab the garment that you would like to sew the button to.,0,0, A
3,46.15384615384615,"['Drive to fabric store', 'Get out thread', 'Grab the garment that you would like to sew the button to.']","['Choose thread color', 'sew the button on carefully']",sew the button on carefully,1,0, A
0,0.0,[],"['Drive to fabric store', 'Thread needle']",Drive to fabric store,0,0, A
1,19.230769230769237,['Drive to fabric store'],"['Pull til it stops at the knot, push through fabric and another button hole', 'getting out thread']",getting out thread,1,0, A
2,34.61538461538461,"['Drive to fabric store', 'getting out thread']","[""Insert the thread into the eye of the needle and tie a knot so it's attached."", 'Repeat procedure until button is secure']",Insert the thread into the eye of the needle and tie a knot so it's attached.,0,0, A
3,53.84615384615385,"['Drive to fabric store', 'getting out thread', ""Insert the thread into the eye of the needle and tie a knot so it's attached.""]","['Find some thread', 'Crisscross on the button']",Crisscross on the button,1,0, A
4,76.92307692307693,"['Drive to fabric store', 'getting out thread', ""Insert the thread into the eye of the needle and tie a knot so it's attached."", 'Crisscross on the button']","['Place button on shirt', 'Repeat until sewed on.']",Repeat until sewed on.,1,0, A
5,80.76923076923077,"['Drive to fabric store', 'getting out thread', ""Insert the thread into the eye of the needle and tie a knot so it's attached."", 'Crisscross on the button', 'Repeat until sewed on.']","['Tie off thread', 'Find similar color thread to use.']",Tie off thread,0,0, A
6,84.61538461538461,"['Drive to fabric store', 'getting out thread', ""Insert the thread into the eye of the needle and tie a knot so it's attached."", 'Crisscross on the button', 'Repeat until sewed on.', 'Tie off thread']","['Cut off excess thread', 'Holding button at appropriate location, press needle through first hole on button.']",Cut off excess thread,0,0, A
7,88.46153846153845,"['Drive to fabric store', 'getting out thread', ""Insert the thread into the eye of the needle and tie a knot so it's attached."", 'Crisscross on the button', 'Repeat until sewed on.', 'Tie off thread', 'Cut off excess thread']","['Continue to push and pull needle through button holes until button is secure', 'put sewing kit away']",put sewing kit away,1,0, A
0,0.0,[],"['Pull thread through and secure button', 'Drive to fabric store']",Drive to fabric store,1,0, A
1,19.230769230769237,['Drive to fabric store'],"['Get thread.', 'Tie knot to secure thread and button to clothes']",Get thread.,0,0, A
2,26.923076923076923,"['Drive to fabric store', 'Get thread.']","['Use the needle to guide the thread', 'Take shirt']",Take shirt,1,0, A
3,30.76923076923077,"['Drive to fabric store', 'Get thread.', 'Take shirt']","['put needle and thread away', 'Put button on shirt.']",Put button on shirt.,1,0, A
4,50.0,"['Drive to fabric store', 'Get thread.', 'Take shirt', 'Put button on shirt.']","['Put needle and thread through shirt', 'Find thread']",Put needle and thread through shirt,0,0, A
5,76.92307692307693,"['Drive to fabric store', 'Get thread.', 'Take shirt', 'Put button on shirt.', 'Put needle and thread through shirt']","['Get clothes', 'Continue until the button is securely on the clothing']",Continue until the button is securely on the clothing,1,0, A
6,84.61538461538461,"['Drive to fabric store', 'Get thread.', 'Take shirt', 'Put button on shirt.', 'Put needle and thread through shirt', 'Continue until the button is securely on the clothing']","['cut thread so that need will detach', 'Get thread.']",cut thread so that need will detach,0,0, A
7,88.46153846153845,"['Drive to fabric store', 'Get thread.', 'Take shirt', 'Put button on shirt.', 'Put needle and thread through shirt', 'Continue until the button is securely on the clothing', 'cut thread so that need will detach']","['Take a button', 'put items away when done']",put items away when done,1,0, A
0,0.0,[],"['Get a thimble', 'Wrap the thread']",Get a thimble,0,0, A
1,15.384615384615383,['Get a thimble'],"['Put needle and thread back in drawer', 'Find right color string']",Find right color string,1,0, A
2,19.230769230769237,"['Get a thimble', 'Find right color string']","['Purchase thread', ""TIE A KNOT IN THE END OF THE THREAD SO THE BUTTON DOESN'T COME OFF""]",Purchase thread,0,0, A
3,30.76923076923077,"['Get a thimble', 'Find right color string', 'Purchase thread']","['Put supplies away', 'Position button on shirt']",Position button on shirt,1,0, A
4,46.15384615384615,"['Get a thimble', 'Find right color string', 'Purchase thread', 'Position button on shirt']","['Find needle', 'Put needle and thread through holes']",Put needle and thread through holes,1,0, A
5,61.53846153846154,"['Get a thimble', 'Find right color string', 'Purchase thread', 'Position button on shirt', 'Put needle and thread through holes']","['cut loose thread', 'Sew button onto fabric through the first hole']",Sew button onto fabric through the first hole,1,0, A
6,80.76923076923077,"['Get a thimble', 'Find right color string', 'Purchase thread', 'Position button on shirt', 'Put needle and thread through holes', 'Sew button onto fabric through the first hole']","['Secure the button with a knot', 'Obtain needle and thread']",Secure the button with a knot,0,0, A
7,84.61538461538461,"['Get a thimble', 'Find right color string', 'Purchase thread', 'Position button on shirt', 'Put needle and thread through holes', 'Sew button onto fabric through the first hole', 'Secure the button with a knot']","['Cut loose ends', 'Place new button where I want it to go']",Cut loose ends,0,0, A
0,0.0,[],"['put button where other button was located', 'Drive to fabric store']",Drive to fabric store,1,0, A
1,19.230769230769237,['Drive to fabric store'],"['Get thread.', 'Push needle through back of clothes and through hole of button']",Get thread.,0,0, A
2,23.07692307692308,"['Drive to fabric store', 'Get thread.']","['Make knot between thread and clothing.', 'Find button that matches lost button.']",Find button that matches lost button.,1,0, A
3,61.53846153846154,"['Drive to fabric store', 'Get thread.', 'Find button that matches lost button.']","['push the needle through the button', 'put sewing kit away']",push the needle through the button,0,0, A
4,80.76923076923077,"['Drive to fabric store', 'Get thread.', 'Find button that matches lost button.', 'push the needle through the button']","['Get needle.', 'Break the thread and tie a final knot']",Break the thread and tie a final knot,1,0, A
5,88.46153846153845,"['Drive to fabric store', 'Get thread.', 'Find button that matches lost button.', 'push the needle through the button', 'Break the thread and tie a final knot']","['Put the button up to the garment', 'put needle and thread away']",put needle and thread away,1,0, A
6,92.3076923076923,"['Drive to fabric store', 'Get thread.', 'Find button that matches lost button.', 'push the needle through the button', 'Break the thread and tie a final knot', 'put needle and thread away']","['Check new button', 'Put thread through needle.']",Check new button,0,0, A
0,0.0,[],"['Ending again in the back of the garment cut off the thread.', 'Get supplies - shirt, new button, thread, needle']","Get supplies - shirt, new button, thread, needle",1,0, A
1,30.76923076923077,"['Get supplies - shirt, new button, thread, needle']","['Place new button where I want it to go', 'Tie off your thread.']",Place new button where I want it to go,0,0, A
2,34.61538461538461,"['Get supplies - shirt, new button, thread, needle', 'Place new button where I want it to go']","[""Insert the thread into the eye of the needle and tie a knot so it's attached."", 'Bring the needle up through another hole on button.']",Insert the thread into the eye of the needle and tie a knot so it's attached.,0,0, A
3,50.0,"['Get supplies - shirt, new button, thread, needle', 'Place new button where I want it to go', ""Insert the thread into the eye of the needle and tie a knot so it's attached.""]","['put the needle into the fabric', 'Cut thread from spindle']",put the needle into the fabric,0,0, A
4,65.38461538461539,"['Get supplies - shirt, new button, thread, needle', 'Place new button where I want it to go', ""Insert the thread into the eye of the needle and tie a knot so it's attached."", 'put the needle into the fabric']","['Thread needle', 'Pass the needle through the second button hole']",Pass the needle through the second button hole,1,0, A
5,76.92307692307693,"['Get supplies - shirt, new button, thread, needle', 'Place new button where I want it to go', ""Insert the thread into the eye of the needle and tie a knot so it's attached."", 'put the needle into the fabric', 'Pass the needle through the second button hole']","['Get scissors, needle, button and thread', 'repeat']",repeat,1,0, A
0,0.0,[],"['Drive to fabric store', 'Sow the thread through the button holes quite a few times']",Drive to fabric store,0,0, A
1,19.230769230769237,['Drive to fabric store'],"['tying a knot with thread', 'get some thread']",get some thread,1,0, A
2,23.07692307692308,"['Drive to fabric store', 'get some thread']","['Find a suitable button', 'Tie knot in thread']",Find a suitable button,0,0, A
3,26.923076923076923,"['Drive to fabric store', 'get some thread', 'Find a suitable button']","['Remove the old button', 'MAKE SURE BUTTON IS SECURE']",Remove the old button,0,0, A
4,34.61538461538461,"['Drive to fabric store', 'get some thread', 'Find a suitable button', 'Remove the old button']","['Repeat procedure until button is secure', 'Thread the needle']",Thread the needle,1,0, A
5,50.0,"['Drive to fabric store', 'get some thread', 'Find a suitable button', 'Remove the old button', 'Thread the needle']","['Push needle through the button holes', 'Get thread']",Push needle through the button holes,0,0, A
6,53.84615384615385,"['Drive to fabric store', 'get some thread', 'Find a suitable button', 'Remove the old button', 'Thread the needle', 'Push needle through the button holes']","['Get your sewing kit', 'With other hand, push needle through button hole']","With other hand, push needle through button hole",1,0, A
0,0.0,[],"['Get out needle, thread, button, and clothing item.', ""Make sure it's secure""]","Get out needle, thread, button, and clothing item.",0,0, A
1,15.384615384615383,"['Get out needle, thread, button, and clothing item.']","['Clean up.', 'Select thread of correct color']",Select thread of correct color,1,0, A
2,19.230769230769237,"['Get out needle, thread, button, and clothing item.', 'Select thread of correct color']","['Find thread that matches', 'tie off thread']",Find thread that matches,0,0, A
3,26.923076923076923,"['Get out needle, thread, button, and clothing item.', 'Select thread of correct color', 'Find thread that matches']","['Take the cloth to be sewed', 'Tie ends.']",Take the cloth to be sewed,0,0, A
4,30.76923076923077,"['Get out needle, thread, button, and clothing item.', 'Select thread of correct color', 'Find thread that matches', 'Take the cloth to be sewed']","['cut the thread', 'putting the button on the fabric']",putting the button on the fabric,1,0, A
5,61.53846153846154,"['Get out needle, thread, button, and clothing item.', 'Select thread of correct color', 'Find thread that matches', 'Take the cloth to be sewed', 'putting the button on the fabric']","['Get the sewing kit.', 'Holding button at appropriate location, press needle through first hole on button.']","Holding button at appropriate location, press needle through first hole on button.",1,0, A
6,80.76923076923077,"['Get out needle, thread, button, and clothing item.', 'Select thread of correct color', 'Find thread that matches', 'Take the cloth to be sewed', 'putting the button on the fabric', 'Holding button at appropriate location, press needle through first hole on button.']","['Pull out a length of thread.', 'When done knot end.']",When done knot end.,1,0, A
0,0.0,[],"['use needle and thread to sew button onto shirt', 'Drive to fabric store']",Drive to fabric store,1,0, A
1,19.230769230769237,['Drive to fabric store'],"['Get thread.', 'Repeat several times until button is secure']",Get thread.,0,0, A
2,26.923076923076923,"['Drive to fabric store', 'Get thread.']","['Find shirt', 'tie a knot in the thread']",Find shirt,0,0, A
3,34.61538461538461,"['Drive to fabric store', 'Get thread.', 'Find shirt']","['Thread needle', 'Tie off thread']",Thread needle,0,0, A
4,42.30769230769231,"['Drive to fabric store', 'Get thread.', 'Find shirt', 'Thread needle']","['Hold button in place', 'Cut length of thread']",Cut length of thread,1,0, A
5,61.53846153846154,"['Drive to fabric store', 'Get thread.', 'Find shirt', 'Thread needle', 'Cut length of thread']","['Pull the needle until thread is completely on the other side of shirt', 'Get thread']",Pull the needle until thread is completely on the other side of shirt,0,0, A
6,80.76923076923077,"['Drive to fabric store', 'Get thread.', 'Find shirt', 'Thread needle', 'Cut length of thread', 'Pull the needle until thread is completely on the other side of shirt']","['Loop thread to create knot in thread.', 'Cut a length of thread more than double what you will need']",Loop thread to create knot in thread.,0,0, A
0,0.0,[],"['Drive to fabric store', 'take the cloth to be sewed']",Drive to fabric store,0,0, A
1,19.230769230769237,['Drive to fabric store'],"[""Pull a thread of a matching color through the needle's eye"", 'Push needle through other hole of button and through clothes']",Pull a thread of a matching color through the needle's eye,0,0, A
2,34.61538461538461,"['Drive to fabric store', ""Pull a thread of a matching color through the needle's eye""]","['Put thread through a needle.', 'knot thread']",Put thread through a needle.,0,0, A
3,42.30769230769231,"['Drive to fabric store', ""Pull a thread of a matching color through the needle's eye"", 'Put thread through a needle.']","['Tie off thread', 'Cut about 16 inches worth of thread.']",Cut about 16 inches worth of thread.,1,0, A
4,61.53846153846154,"['Drive to fabric store', ""Pull a thread of a matching color through the needle's eye"", 'Put thread through a needle.', 'Cut about 16 inches worth of thread.']","['Get a thread and a needle', 'Thread one hole with the needle']",Thread one hole with the needle,1,0, A
5,65.38461538461539,"['Drive to fabric store', ""Pull a thread of a matching color through the needle's eye"", 'Put thread through a needle.', 'Cut about 16 inches worth of thread.', 'Thread one hole with the needle']","['Find a suitable button', 'Then push needle through material']",Then push needle through material,1,0, A
6,76.92307692307693,"['Drive to fabric store', ""Pull a thread of a matching color through the needle's eye"", 'Put thread through a needle.', 'Cut about 16 inches worth of thread.', 'Thread one hole with the needle', 'Then push needle through material']","['Repeat for all holes to reinforce', 'Pick thread to use']",Repeat for all holes to reinforce,0,0, A
7,80.76923076923077,"['Drive to fabric store', ""Pull a thread of a matching color through the needle's eye"", 'Put thread through a needle.', 'Cut about 16 inches worth of thread.', 'Thread one hole with the needle', 'Then push needle through material', 'Repeat for all holes to reinforce']","['Get sewing basket', 'Tie off the thread']",Tie off the thread,1,0, A
8,84.61538461538461,"['Drive to fabric store', ""Pull a thread of a matching color through the needle's eye"", 'Put thread through a needle.', 'Cut about 16 inches worth of thread.', 'Thread one hole with the needle', 'Then push needle through material', 'Repeat for all holes to reinforce', 'Tie off the thread']","['Tie knot in other end of thread', 'Cut off any excess thread.']",Cut off any excess thread.,1,0, A
9,88.46153846153845,"['Drive to fabric store', ""Pull a thread of a matching color through the needle's eye"", 'Put thread through a needle.', 'Cut about 16 inches worth of thread.', 'Thread one hole with the needle', 'Then push needle through material', 'Repeat for all holes to reinforce', 'Tie off the thread', 'Cut off any excess thread.']","['put back all the materials', 'Put button on shirt.']",put back all the materials,0,0, A
0,0.0,[],"['Do this through all holes of button', 'Get out sewing kit']",Get out sewing kit,1,0, A
1,34.61538461538461,['Get out sewing kit'],"['get thread, needle, button to be sewn', 'Thread the needle']",Thread the needle,1,0, A
2,61.53846153846154,"['Get out sewing kit', 'Thread the needle']","['Starting from the bottom, poke needle through hole in button', 'Get out thread']","Starting from the bottom, poke needle through hole in button",0,0, A
3,76.92307692307693,"['Get out sewing kit', 'Thread the needle', 'Starting from the bottom, poke needle through hole in button']","['Repeat several times, going through a different hole each time.', 'Get your sewing kit']","Repeat several times, going through a different hole each time.",0,0, A
4,84.61538461538461,"['Get out sewing kit', 'Thread the needle', 'Starting from the bottom, poke needle through hole in button', 'Repeat several times, going through a different hole each time.']","['Tie knot to secure thread and button to clothes', 'push needle through button and shirt']",Tie knot to secure thread and button to clothes,0,0, A
5,88.46153846153845,"['Get out sewing kit', 'Thread the needle', 'Starting from the bottom, poke needle through hole in button', 'Repeat several times, going through a different hole each time.', 'Tie knot to secure thread and button to clothes']","['Get proper button', 'Put everything away.']",Put everything away.,1,0, A
0,0.0,[],"['Drive to fabric store', 'Thread needle']",Drive to fabric store,0,0, A
1,19.230769230769237,['Drive to fabric store'],"['put the needle in and out through the holes', 'Get thread.']",Get thread.,1,0, A
2,30.76923076923077,"['Drive to fabric store', 'Get thread.']","['Take out sewing kit', 'Put button in proper place']",Put button in proper place,1,0, A
3,50.0,"['Drive to fabric store', 'Get thread.', 'Put button in proper place']","['Get needle.', 'Poke hole with needle through button hole and fabric']",Poke hole with needle through button hole and fabric,1,0, A
4,65.38461538461539,"['Drive to fabric store', 'Get thread.', 'Put button in proper place', 'Poke hole with needle through button hole and fabric']","['Determine proper placement for button', 'Slide button onto needle and thread.']",Slide button onto needle and thread.,1,0, A
5,69.23076923076923,"['Drive to fabric store', 'Get thread.', 'Put button in proper place', 'Poke hole with needle through button hole and fabric', 'Slide button onto needle and thread.']","['Push needle under material to next hole', 'Get out needle']",Push needle under material to next hole,0,0, A
0,0.0,[],"['Use needle and thread to sew button', 'Drive to fabric store']",Drive to fabric store,1,0, A
1,19.230769230769237,['Drive to fabric store'],"['getting out thread', 'Use scissors to cut thread']",getting out thread,0,0, A
2,23.07692307692308,"['Drive to fabric store', 'getting out thread']","['Cut thread', 'Choose a button.']",Choose a button.,1,0, A
3,61.53846153846154,"['Drive to fabric store', 'getting out thread', 'Choose a button.']","['Put needle into one button hole through shirt.', 'Get the proper colored thread']",Put needle into one button hole through shirt.,0,0, A
4,80.76923076923077,"['Drive to fabric store', 'getting out thread', 'Choose a button.', 'Put needle into one button hole through shirt.']","['Thread the needle', 'Tie off thread']",Tie off thread,1,0, A
5,88.46153846153845,"['Drive to fabric store', 'getting out thread', 'Choose a button.', 'Put needle into one button hole through shirt.', 'Tie off thread']","['Clean up.', 'Get sewing kit']",Clean up.,0,0, A
0,0.0,[],"['Find sewing kit.', 'Place the button in the right spot']",Find sewing kit.,0,0, A
1,11.538461538461538,['Find sewing kit.'],"['Get the needle', 'Use the needle to guide the thread']",Get the needle,0,0, A
2,23.07692307692308,"['Find sewing kit.', 'Get the needle']","['Take a button', 'Repeat to make loop and knot it.']",Take a button,0,0, A
3,61.53846153846154,"['Find sewing kit.', 'Get the needle', 'Take a button']","['Tie knot to secure thread and button to clothes', 'Insert needle through one side of button']",Insert needle through one side of button,1,0, A
4,76.92307692307693,"['Find sewing kit.', 'Get the needle', 'Take a button', 'Insert needle through one side of button']","[""Pull a thread of a matching color through the needle's eye"", 'Push through other holes']",Push through other holes,1,0, A
5,80.76923076923077,"['Find sewing kit.', 'Get the needle', 'Take a button', 'Insert needle through one side of button', 'Push through other holes']","['when done tie the end properly', 'Place button in desired position']",when done tie the end properly,0,0, A
0,0.0,[],"['repeat the same way', 'get thread, needle, button to be sewn']","get thread, needle, button to be sewn",1,0, A
1,26.923076923076923,"['get thread, needle, button to be sewn']","['Hold shirt with non-dominant hand', 'Pull thread through opposite button hole']",Hold shirt with non-dominant hand,0,0, A
2,34.61538461538461,"['get thread, needle, button to be sewn', 'Hold shirt with non-dominant hand']","['Thread needle', 'Get button, thread, needle and scissors']",Thread needle,0,0, A
3,53.84615384615385,"['get thread, needle, button to be sewn', 'Hold shirt with non-dominant hand', 'Thread needle']","['FIND THE REPLACEMENT BUTTON', 'Crisscross on the button']",Crisscross on the button,1,0, A
4,76.92307692307693,"['get thread, needle, button to be sewn', 'Hold shirt with non-dominant hand', 'Thread needle', 'Crisscross on the button']","['Find button that matches lost button.', 'Repeat several times until button is attached solidly to the fabric.']",Repeat several times until button is attached solidly to the fabric.,1,0, A
5,84.61538461538461,"['get thread, needle, button to be sewn', 'Hold shirt with non-dominant hand', 'Thread needle', 'Crisscross on the button', 'Repeat several times until button is attached solidly to the fabric.']","['Get a replacement button.', 'Cut thread from spindle']",Cut thread from spindle,1,0, A
6,88.46153846153845,"['get thread, needle, button to be sewn', 'Hold shirt with non-dominant hand', 'Thread needle', 'Crisscross on the button', 'Repeat several times until button is attached solidly to the fabric.', 'Cut thread from spindle']","['Get needle', 'Put away needle and thread']",Put away needle and thread,1,0, A
0,0.0,[],"['Tie off knot with thread.', 'Get out sewing kit.']",Get out sewing kit.,1,0, A
1,19.230769230769237,['Get out sewing kit.'],"['Get thread', 'tying a knot with thread']",Get thread,0,0, A
2,34.61538461538461,"['Get out sewing kit.', 'Get thread']","['cut loose thread', 'thread a needle']",thread a needle,1,0, A
3,42.30769230769231,"['Get out sewing kit.', 'Get thread', 'thread a needle']","['Pick thread to use', 'Cut away old strings']",Cut away old strings,1,0, A
4,61.53846153846154,"['Get out sewing kit.', 'Get thread', 'thread a needle', 'Cut away old strings']","['Collect thread and needle.', 'push the needle through the button']",push the needle through the button,1,0, A
5,65.38461538461539,"['Get out sewing kit.', 'Get thread', 'thread a needle', 'Cut away old strings', 'push the needle through the button']","['Push needle through other hole of button and through clothes', 'Find the location where button needs to be sewn.']",Push needle through other hole of button and through clothes,0,0, A
6,76.92307692307693,"['Get out sewing kit.', 'Get thread', 'thread a needle', 'Cut away old strings', 'push the needle through the button', 'Push needle through other hole of button and through clothes']","['Put one end of thread through the eye of the needle.', 'Repeat 5 times with other two button holes']",Repeat 5 times with other two button holes,1,0, A
0,0.0,[],"['Drive to fabric store', 'Continue until button is secure']",Drive to fabric store,0,0, A
1,19.230769230769237,['Drive to fabric store'],"['Cut about 16 inches worth of thread.', 'Get the proper colored thread']",Get the proper colored thread,1,0, A
2,34.61538461538461,"['Drive to fabric store', 'Get the proper colored thread']","['Get back the needle through the fourth button hole', 'THREAD THE THREAD ONTO THE NEEDLE']",THREAD THE THREAD ONTO THE NEEDLE,1,0, A
3,88.46153846153845,"['Drive to fabric store', 'Get the proper colored thread', 'THREAD THE THREAD ONTO THE NEEDLE']","['Gather supplies', 'Put needle and thread back in drawer']",Put needle and thread back in drawer,1,0, A
4,92.3076923076923,"['Drive to fabric store', 'Get the proper colored thread', 'THREAD THE THREAD ONTO THE NEEDLE', 'Put needle and thread back in drawer']","['Put needle in other button hole.', 'MAKE SURE BUTTON IS SECURE']",MAKE SURE BUTTON IS SECURE,1,0, A
0,0.0,[],"['Sew on', 'Gather supplies']",Gather supplies,1,0, A
1,7.6923076923076925,['Gather supplies'],"['Put needle away', 'Remove thread and needle from kit']",Remove thread and needle from kit,1,0, A
2,34.61538461538461,"['Gather supplies', 'Remove thread and needle from kit']","['Tie off thread', 'Thread needle.']",Thread needle.,1,0, A
3,88.46153846153845,"['Gather supplies', 'Remove thread and needle from kit', 'Thread needle.']","['Take out sewing kit', 'Put supplies away']",Put supplies away,1,0, A
4,92.3076923076923,"['Gather supplies', 'Remove thread and needle from kit', 'Thread needle.', 'Put supplies away']","['Check new button', 'Remove thread and needle from kit']",Check new button,0,0, A
0,0.0,[],"['pass needle through needle hole in button', 'Get scissors, needle, button and thread']","Get scissors, needle, button and thread",1,0, A
1,26.923076923076923,"['Get scissors, needle, button and thread']","['grab object the button is being sewed', 'Put supplies away']",grab object the button is being sewed,0,0, A
2,34.61538461538461,"['Get scissors, needle, button and thread', 'grab object the button is being sewed']","['Thread the needle.', 'Cut off any loose threads with a scissors.']",Thread the needle.,0,0, A
3,42.30769230769231,"['Get scissors, needle, button and thread', 'grab object the button is being sewed', 'Thread the needle.']","['Cut thread string to how much is needed', 'Snip excess thread off']",Cut thread string to how much is needed,0,0, A
4,61.53846153846154,"['Get scissors, needle, button and thread', 'grab object the button is being sewed', 'Thread the needle.', 'Cut thread string to how much is needed']","['Pull the needle until thread is completely on the other side of shirt', 'Get thread.']",Pull the needle until thread is completely on the other side of shirt,0,0, A
5,80.76923076923077,"['Get scissors, needle, button and thread', 'grab object the button is being sewed', 'Thread the needle.', 'Cut thread string to how much is needed', 'Pull the needle until thread is completely on the other side of shirt']","['Tie of thread on inside', 'Tie knot in end of thread']",Tie of thread on inside,0,0, A
0,0.0,[],"['Cut thread string to how much is needed', 'Drive to fabric store']",Drive to fabric store,1,0, A
1,19.230769230769237,['Drive to fabric store'],"['Pull til it stops at the knot, push through fabric and another button hole', 'Find thread']",Find thread,1,0, A
2,26.923076923076923,"['Drive to fabric store', 'Find thread']","['Find shirt', 'Cut excess thread']",Find shirt,0,0, A
3,34.61538461538461,"['Drive to fabric store', 'Find thread', 'Find shirt']","['Thread a needle', 'Tie off thread']",Thread a needle,0,0, A
4,88.46153846153845,"['Drive to fabric store', 'Find thread', 'Find shirt', 'Thread a needle']","['Put everything away.', 'Get a sewing needle.']",Put everything away.,0,0, A
5,92.3076923076923,"['Drive to fabric store', 'Find thread', 'Find shirt', 'Thread a needle', 'Put everything away.']","['MAKE SURE BUTTON IS SECURE', 'Find a button to sew.']",MAKE SURE BUTTON IS SECURE,0,0, A
0,0.0,[],"['Drive to fabric store', 'Sew the button onto the garment by passing the needle through all 4 button holes.']",Drive to fabric store,0,0, A
1,19.230769230769237,['Drive to fabric store'],"['Insert the thread through the button', 'Get thread']",Get thread,1,0, A
2,23.07692307692308,"['Drive to fabric store', 'Get thread']","['Sew the button through the button holes onto the shirt', 'Find a button']",Find a button,1,0, A
3,34.61538461538461,"['Drive to fabric store', 'Get thread', 'Find a button']","['pull the thread through the eye of needle', 'knot thread']",pull the thread through the eye of needle,0,0, A
4,42.30769230769231,"['Drive to fabric store', 'Get thread', 'Find a button', 'pull the thread through the eye of needle']","['measure and cut length of thread', 'Purchase thread']",measure and cut length of thread,0,0, A
5,61.53846153846154,"['Drive to fabric store', 'Get thread', 'Find a button', 'pull the thread through the eye of needle', 'measure and cut length of thread']","['Push needle through first hole', 'put sewing kit away']",Push needle through first hole,0,0, A
6,80.76923076923077,"['Drive to fabric store', 'Get thread', 'Find a button', 'pull the thread through the eye of needle', 'measure and cut length of thread', 'Push needle through first hole']","['Find a needle', 'tug to make sure it is secure']",tug to make sure it is secure,1,0, A
7,88.46153846153845,"['Drive to fabric store', 'Get thread', 'Find a button', 'pull the thread through the eye of needle', 'measure and cut length of thread', 'Push needle through first hole', 'tug to make sure it is secure']","['Put needle and thread back in drawer', 'Take needle from sewing kit']",Put needle and thread back in drawer,0,0, A
8,92.3076923076923,"['Drive to fabric store', 'Get thread', 'Find a button', 'pull the thread through the eye of needle', 'measure and cut length of thread', 'Push needle through first hole', 'tug to make sure it is secure', 'Put needle and thread back in drawer']","['MAKE SURE BUTTON IS SECURE', 'get some thread']",MAKE SURE BUTTON IS SECURE,0,0, A
0,0.0,[],"['Find sewing kit.', 'Get the item of clothing the button is to go on']",Find sewing kit.,0,0, A
1,34.61538461538461,['Find sewing kit.'],"['cut loose thread', 'Thread the needle']",Thread the needle,1,0, A
2,46.15384615384615,"['Find sewing kit.', 'Thread the needle']","['Get out needle, thread, button, and clothing item.', 'sew onto fabric securely']",sew onto fabric securely,1,0, A
3,84.61538461538461,"['Find sewing kit.', 'Thread the needle', 'sew onto fabric securely']","['Tie knot to secure thread and button to clothes', 'Thread needle.']",Tie knot to secure thread and button to clothes,0,0, A
0,0.0,[],"['Drive to fabric store', 'Tie knot on thread.']",Drive to fabric store,0,0, A
1,19.230769230769237,['Drive to fabric store'],"['Get thread', 'Continue crisscrossing thread between holes of button until button is tight.']",Get thread,0,0, A
2,34.61538461538461,"['Drive to fabric store', 'Get thread']","['Thread needle', 'Check new button']",Thread needle,0,0, A
3,53.84615384615385,"['Drive to fabric store', 'Get thread', 'Thread needle']","['Grab a needle and thread', 'Use the needle to guide the thread']",Use the needle to guide the thread,1,0, A
4,76.92307692307693,"['Drive to fabric store', 'Get thread', 'Thread needle', 'Use the needle to guide the thread']","['get thread, needle, button to be sewn', 'repeat 5-8 several times until button is secure']",repeat 5-8 several times until button is secure,1,0, A
5,80.76923076923077,"['Drive to fabric store', 'Get thread', 'Thread needle', 'Use the needle to guide the thread', 'repeat 5-8 several times until button is secure']","['Find a button', 'When done knot end.']",When done knot end.,1,0, A
6,88.46153846153845,"['Drive to fabric store', 'Get thread', 'Thread needle', 'Use the needle to guide the thread', 'repeat 5-8 several times until button is secure', 'When done knot end.']","['Get out needle', 'PUT NEEDLE AND THREAD AWAY']",PUT NEEDLE AND THREAD AWAY,1,0, A
0,0.0,[],"['Find sewing kit.', 'Get a shirt.']",Find sewing kit.,0,0, A
1,19.230769230769237,['Find sewing kit.'],"['Cut the needle off of the thread.', 'Get thread']",Get thread,1,0, A
2,26.923076923076923,"['Find sewing kit.', 'Get thread']","['Take shirt', 'Tie the end with a knot.']",Take shirt,0,0, A
3,46.15384615384615,"['Find sewing kit.', 'Get thread', 'Take shirt']","['Pass the needle in and out of holes on button', 'Move needle down to hole opposite first hole']",Pass the needle in and out of holes on button,0,0, A
4,53.84615384615385,"['Find sewing kit.', 'Get thread', 'Take shirt', 'Pass the needle in and out of holes on button']","['Crisscross on the button', 'Get a needle and thread']",Crisscross on the button,0,0, A
0,0.0,[],"['Take out sewing kit', 'insert needle through cloth']",Take out sewing kit,0,0, A
1,23.07692307692308,['Take out sewing kit'],"['tie off the thread', 'Get the button.']",Get the button.,1,0, A
2,61.53846153846154,"['Take out sewing kit', 'Get the button.']","['Start sewing going into the back of the garment.', 'Cut thread']",Start sewing going into the back of the garment.,0,0, A
3,65.38461538461539,"['Take out sewing kit', 'Get the button.', 'Start sewing going into the back of the garment.']","['Align the button on the correct place on the cloth', 'Pass the needle through the second button hole']",Pass the needle through the second button hole,1,0, A
4,69.23076923076923,"['Take out sewing kit', 'Get the button.', 'Start sewing going into the back of the garment.', 'Pass the needle through the second button hole']","['find the button', 'Sew button through third hole']",Sew button through third hole,1,0, A
5,73.07692307692307,"['Take out sewing kit', 'Get the button.', 'Start sewing going into the back of the garment.', 'Pass the needle through the second button hole', 'Sew button through third hole']","['Pull needle and thread', 'Sew the button']",Pull needle and thread,0,0, A
0,0.0,[],"['Drive to fabric store', 'Cut off excess thread']",Drive to fabric store,0,0, A
1,19.230769230769237,['Drive to fabric store'],"['Get some thread.', 'Make a knot in fabric with thread behind the button']",Get some thread.,0,0, A
2,26.923076923076923,"['Drive to fabric store', 'Get some thread.']","['Find shirt', 'Continue crisscrossing thread between holes of button until button is tight.']",Find shirt,0,0, A
3,50.0,"['Drive to fabric store', 'Get some thread.', 'Find shirt']","['Cut off end from needle', 'Put thread through needle.']",Put thread through needle.,1,0, A
4,80.76923076923077,"['Drive to fabric store', 'Get some thread.', 'Find shirt', 'Put thread through needle.']","['Tie a knot.', 'Thread a needle with thread that matches shirt that needs a new button.']",Tie a knot.,0,0, A
5,88.46153846153845,"['Drive to fabric store', 'Get some thread.', 'Find shirt', 'Put thread through needle.', 'Tie a knot.']","['Get thread and needle', 'Take out the needle']",Take out the needle,1,0, A
0,0.0,[],"['Lay down garment', 'Take out sewing kit']",Take out sewing kit,1,0, A
1,19.230769230769237,['Take out sewing kit'],"['Sew button', 'Get some thread']",Get some thread,1,0, A
2,34.61538461538461,"['Take out sewing kit', 'Get some thread']","['tie off thread', 'Thread the needle']",Thread the needle,1,0, A
3,46.15384615384615,"['Take out sewing kit', 'Get some thread', 'Thread the needle']","['Apply button by driving needle through button', 'Find an extra button']",Apply button by driving needle through button,0,0, A
4,76.92307692307693,"['Take out sewing kit', 'Get some thread', 'Thread the needle', 'Apply button by driving needle through button']","['Thread needle', ""Make 4 x's in button.""]",Make 4 x's in button.,1,0, A
0,0.0,[],"['Continue to push and pull needle through button holes until button is secure', 'Grab the fabric and button']",Grab the fabric and button,1,0, A
1,15.384615384615383,['Grab the fabric and button'],"['Choose thread color', 'Sew thread on needle through hole of button.']",Choose thread color,0,0, A
2,23.07692307692308,"['Grab the fabric and button', 'Choose thread color']","['Using threaded needle, sew button on to garment.', 'Purchase buttons']",Purchase buttons,1,0, A
3,26.923076923076923,"['Grab the fabric and button', 'Choose thread color', 'Purchase buttons']","['Repeat to make loop and knot it.', 'Take shirt']",Take shirt,1,0, A
4,30.76923076923077,"['Grab the fabric and button', 'Choose thread color', 'Purchase buttons', 'Take shirt']","['Line the button back into place', 'Tie knot to secure thread and button to clothes']",Line the button back into place,0,0, A
5,42.30769230769231,"['Grab the fabric and button', 'Choose thread color', 'Purchase buttons', 'Take shirt', 'Line the button back into place']","['Sew button through fourth and final hole', 'Cut away old strings']",Cut away old strings,1,0, A
6,46.15384615384615,"['Grab the fabric and button', 'Choose thread color', 'Purchase buttons', 'Take shirt', 'Line the button back into place', 'Cut away old strings']","['Sew button onto garment.', 'Pull needle and thread']",Sew button onto garment.,0,0, A
7,76.92307692307693,"['Grab the fabric and button', 'Choose thread color', 'Purchase buttons', 'Take shirt', 'Line the button back into place', 'Cut away old strings', 'Sew button onto garment.']","['Repeat until button is secure', 'Find button that matches others.']",Repeat until button is secure,0,0, A
0,0.0,[],"['put the needle in and out through the holes', 'Find sewing kit']",Find sewing kit,1,0, A
1,11.538461538461538,['Find sewing kit'],"['Pick a needle', 'Knot thread']",Pick a needle,0,0, A
2,30.76923076923077,"['Find sewing kit', 'Pick a needle']","['Place button where desired', 'repeat']",Place button where desired,0,0, A
3,50.0,"['Find sewing kit', 'Pick a needle', 'Place button where desired']","['Push needle through the button hole into the fabric', 'Tie knot to secure thread and button to clothes']",Push needle through the button hole into the fabric,0,0, A
4,65.38461538461539,"['Find sewing kit', 'Pick a needle', 'Place button where desired', 'Push needle through the button hole into the fabric']","['Put the needle thorough the back of the button hole.', 'Put one end of thread through the eye of the needle.']",Put the needle thorough the back of the button hole.,0,0, A
5,69.23076923076923,"['Find sewing kit', 'Pick a needle', 'Place button where desired', 'Push needle through the button hole into the fabric', 'Put the needle thorough the back of the button hole.']","['Find a needle', 'Hold button in place']",Hold button in place,1,0, A
6,73.07692307692307,"['Find sewing kit', 'Pick a needle', 'Place button where desired', 'Push needle through the button hole into the fabric', 'Put the needle thorough the back of the button hole.', 'Hold button in place']","['Pull needle and thread', 'Find a button.']",Pull needle and thread,0,0, A
0,0.0,[],"['get thread, needle, button to be sewn', 'Repeat procedure until button is secure']","get thread, needle, button to be sewn",0,0, A
1,7.6923076923076925,"['get thread, needle, button to be sewn']","['Prepare needle and thread.', 'Sew button into place']",Prepare needle and thread.,0,0, A
2,19.230769230769237,"['get thread, needle, button to be sewn', 'Prepare needle and thread.']","['Get thread', 'Stick needle through hole and secure with thread']",Get thread,0,0, A
3,30.76923076923077,"['get thread, needle, button to be sewn', 'Prepare needle and thread.', 'Get thread']","['Push needle through other hole of button and through clothes', 'line new button up with corresponding button hole']",line new button up with corresponding button hole,1,0, A
4,61.53846153846154,"['get thread, needle, button to be sewn', 'Prepare needle and thread.', 'Get thread', 'line new button up with corresponding button hole']","['Get the piece of apparel that needs to sew the button on.', 'Starting from the bottom, poke needle through hole in button']","Starting from the bottom, poke needle through hole in button",1,0, A
5,76.92307692307693,"['get thread, needle, button to be sewn', 'Prepare needle and thread.', 'Get thread', 'line new button up with corresponding button hole', 'Starting from the bottom, poke needle through hole in button']","['repeat 5-8 several times until button is secure', 'Get clothes']",repeat 5-8 several times until button is secure,0,0, A
0,0.0,[],"['pull needle through to knot', 'Get out needle, thread, button, and clothing item.']","Get out needle, thread, button, and clothing item.",1,0, A
1,26.923076923076923,"['Get out needle, thread, button, and clothing item.']","['Sew button through fourth and final hole', 'Lay down garment']",Lay down garment,1,0, A
2,34.61538461538461,"['Get out needle, thread, button, and clothing item.', 'Lay down garment']","['Repeat several times until button is secure', 'threading the needle']",threading the needle,1,0, A
3,50.0,"['Get out needle, thread, button, and clothing item.', 'Lay down garment', 'threading the needle']","['Put needle through one hole', 'Choose thread to sew button on with.']",Put needle through one hole,0,0, A
4,65.38461538461539,"['Get out needle, thread, button, and clothing item.', 'Lay down garment', 'threading the needle', 'Put needle through one hole']","['Pull needle out other side.', 'FIND THE REPLACEMENT BUTTON']",Pull needle out other side.,0,0, A
5,76.92307692307693,"['Get out needle, thread, button, and clothing item.', 'Lay down garment', 'threading the needle', 'Put needle through one hole', 'Pull needle out other side.']","['Continue until button is secure', 'Find matching thread']",Continue until button is secure,0,0, A
0,0.0,[],"['Get supplies - shirt, new button, thread, needle', 'Tie end in a knot']","Get supplies - shirt, new button, thread, needle",0,0, A
1,26.923076923076923,"['Get supplies - shirt, new button, thread, needle']","['Pick up shirt missing button.', ""Repeat until it's stable""]",Pick up shirt missing button.,0,0, A
2,46.15384615384615,"['Get supplies - shirt, new button, thread, needle', 'Pick up shirt missing button.']","['Use the needle to go through the button holes and the fabric', 'Push needle down through other button on hole']",Use the needle to go through the button holes and the fabric,0,0, A
3,53.84615384615385,"['Get supplies - shirt, new button, thread, needle', 'Pick up shirt missing button.', 'Use the needle to go through the button holes and the fabric']","['Pull thread through opposite button hole', 'Select thread']",Pull thread through opposite button hole,0,0, A
4,84.61538461538461,"['Get supplies - shirt, new button, thread, needle', 'Pick up shirt missing button.', 'Use the needle to go through the button holes and the fabric', 'Pull thread through opposite button hole']","['Cut loose ends.', 'Pull til it stops at the knot, push through fabric and another button hole']",Cut loose ends.,0,0, A
5,88.46153846153845,"['Get supplies - shirt, new button, thread, needle', 'Pick up shirt missing button.', 'Use the needle to go through the button holes and the fabric', 'Pull thread through opposite button hole', 'Cut loose ends.']","['Take out right colored thread.', 'put sewing kit away']",put sewing kit away,1,0, A
6,92.3076923076923,"['Get supplies - shirt, new button, thread, needle', 'Pick up shirt missing button.', 'Use the needle to go through the button holes and the fabric', 'Pull thread through opposite button hole', 'Cut loose ends.', 'put sewing kit away']","['MAKE SURE BUTTON IS SECURE', 'Choose thread to sew button on with.']",MAKE SURE BUTTON IS SECURE,0,0, A
0,0.0,[],"['Cut off any loose threads with a scissors.', 'Get supplies - shirt, new button, thread, needle']","Get supplies - shirt, new button, thread, needle",1,0, A
1,30.76923076923077,"['Get supplies - shirt, new button, thread, needle']","['Repeat 5 times with other two button holes', 'place button where you want it']",place button where you want it,1,0, A
2,46.15384615384615,"['Get supplies - shirt, new button, thread, needle', 'place button where you want it']","['get some thread', 'use needle and thread to sew button onto shirt']",use needle and thread to sew button onto shirt,1,0, A
3,76.92307692307693,"['Get supplies - shirt, new button, thread, needle', 'place button where you want it', 'use needle and thread to sew button onto shirt']","['Align the button on the correct place on the cloth', 'Continue to loop the needle and thread through the button holes.']",Continue to loop the needle and thread through the button holes.,1,0, A
0,0.0,[],"['Drive to fabric store', 'use needle and thread to sew button onto shirt']",Drive to fabric store,0,0, A
1,19.230769230769237,['Drive to fabric store'],"['Put needle in other button hole.', 'Choose thread to sew button on with.']",Choose thread to sew button on with.,1,0, A
2,34.61538461538461,"['Drive to fabric store', 'Choose thread to sew button on with.']","['Thread needle', 'Loop thread to create knot in thread.']",Thread needle,0,0, A
3,50.0,"['Drive to fabric store', 'Choose thread to sew button on with.', 'Thread needle']","['Find a needle and thread', 'push needle through button and shirt']",push needle through button and shirt,1,0, A
4,61.53846153846154,"['Drive to fabric store', 'Choose thread to sew button on with.', 'Thread needle', 'push needle through button and shirt']","['cut thread', 'Push needle through hole']",Push needle through hole,1,0, A
5,76.92307692307693,"['Drive to fabric store', 'Choose thread to sew button on with.', 'Thread needle', 'push needle through button and shirt', 'Push needle through hole']","['Find sewing kit', 'Continue to loop the needle and thread through the button holes.']",Continue to loop the needle and thread through the button holes.,1,0, A
6,84.61538461538461,"['Drive to fabric store', 'Choose thread to sew button on with.', 'Thread needle', 'push needle through button and shirt', 'Push needle through hole', 'Continue to loop the needle and thread through the button holes.']","['Take a matching button', 'cut remaining thread away']",cut remaining thread away,1,0, A
7,88.46153846153845,"['Drive to fabric store', 'Choose thread to sew button on with.', 'Thread needle', 'push needle through button and shirt', 'Push needle through hole', 'Continue to loop the needle and thread through the button holes.', 'cut remaining thread away']","['Put supplies away', 'get button']",Put supplies away,0,0, A
8,92.3076923076923,"['Drive to fabric store', 'Choose thread to sew button on with.', 'Thread needle', 'push needle through button and shirt', 'Push needle through hole', 'Continue to loop the needle and thread through the button holes.', 'cut remaining thread away', 'Put supplies away']","['Sew on button', 'Check the button']",Check the button,1,0, A
0,0.0,[],"['Gather supplies', 'Continue to push and pull needle through button holes until button is secure']",Gather supplies,0,0, A
1,15.384615384615383,['Gather supplies'],"['Find right color string', 'Start sewing going into the back of the garment.']",Find right color string,0,0, A
2,19.230769230769237,"['Gather supplies', 'Find right color string']","['sew button into fabric making sure stitches are secure', 'Find some thread']",Find some thread,1,0, A
3,26.923076923076923,"['Gather supplies', 'Find right color string', 'Find some thread']","['Repeat procedure until button is secure', 'Get the garment']",Get the garment,1,0, A
4,30.76923076923077,"['Gather supplies', 'Find right color string', 'Find some thread', 'Get the garment']","['Place button on desired spot on shirt.', 'cut thread so that need will detach']",Place button on desired spot on shirt.,0,0, A
5,34.61538461538461,"['Gather supplies', 'Find right color string', 'Find some thread', 'Get the garment', 'Place button on desired spot on shirt.']","['Cut off remaining thread', 'Thread needle.']",Thread needle.,1,0, A
6,53.84615384615385,"['Gather supplies', 'Find right color string', 'Find some thread', 'Get the garment', 'Place button on desired spot on shirt.', 'Thread needle.']","['Insert the needle into the button hole', 'Find a matching button']",Insert the needle into the button hole,0,0, A
7,84.61538461538461,"['Gather supplies', 'Find right color string', 'Find some thread', 'Get the garment', 'Place button on desired spot on shirt.', 'Thread needle.', 'Insert the needle into the button hole']","['Put needle through one hole', 'break the thread']",break the thread,1,0, A
0,0.0,[],"['Get out sewing kit', 'Cut the thread near the needle to finish']",Get out sewing kit,0,0, A
1,23.07692307692308,['Get out sewing kit'],"['Tie off finishing knot', 'Get button']",Get button,1,0, A
2,38.46153846153847,"['Get out sewing kit', 'Get button']","['Sew button through second hole', 'Tie knot with thread']",Tie knot with thread,1,0, A
3,46.15384615384615,"['Get out sewing kit', 'Get button', 'Tie knot with thread']","['sew the button on the garment', 'Get a needle and thread.']",sew the button on the garment,0,0, A
4,80.76923076923077,"['Get out sewing kit', 'Get button', 'Tie knot with thread', 'sew the button on the garment']","[""Insert the thread into the eye of the needle and tie a knot so it's attached."", 'Tie off thread']",Tie off thread,1,0, A
5,84.61538461538461,"['Get out sewing kit', 'Get button', 'Tie knot with thread', 'sew the button on the garment', 'Tie off thread']","['Get thread and needle', 'Cut thread']",Cut thread,1,0, A
0,0.0,[],"['Get sewing basket', 'Tie off thread']",Get sewing basket,0,0, A
1,34.61538461538461,['Get sewing basket'],"['Pull til it stops at the knot, push through fabric and another button hole', 'Thread needle with matching thread']",Thread needle with matching thread,1,0, A
2,38.46153846153847,"['Get sewing basket', 'Thread needle with matching thread']","['Get needle', 'Tie knot in end of thread']",Tie knot in end of thread,1,0, A
3,50.0,"['Get sewing basket', 'Thread needle with matching thread', 'Tie knot in end of thread']","['Put needle through button and shirt', 'Cut excess thread']",Put needle through button and shirt,0,0, A
4,61.53846153846154,"['Get sewing basket', 'Thread needle with matching thread', 'Tie knot in end of thread', 'Put needle through button and shirt']","['Push needle through hole', 'Find a piece of clothing.']",Push needle through hole,0,0, A
5,80.76923076923077,"['Get sewing basket', 'Thread needle with matching thread', 'Tie knot in end of thread', 'Put needle through button and shirt', 'Push needle through hole']","['Knot thread', 'Thread the needle']",Knot thread,0,0, A
6,84.61538461538461,"['Get sewing basket', 'Thread needle with matching thread', 'Tie knot in end of thread', 'Put needle through button and shirt', 'Push needle through hole', 'Knot thread']","['Thread the needle', 'cut loose thread']",cut loose thread,1,0, A
0,0.0,[],"['push the needle through the fabric', 'Get supplies - shirt, new button, thread, needle']","Get supplies - shirt, new button, thread, needle",1,0, A
1,30.76923076923077,"['Get supplies - shirt, new button, thread, needle']","['place button on cloth where it needs to go', 'knot thread']",place button on cloth where it needs to go,0,0, A
2,61.53846153846154,"['Get supplies - shirt, new button, thread, needle', 'place button on cloth where it needs to go']","['cut the thread', 'Pass the needle through one of the button holes']",Pass the needle through one of the button holes,1,0, A
3,76.92307692307693,"['Get supplies - shirt, new button, thread, needle', 'place button on cloth where it needs to go', 'Pass the needle through one of the button holes']","['Keep threading until the button is firmly attached', 'Find a matching button']",Keep threading until the button is firmly attached,0,0, A
4,84.61538461538461,"['Get supplies - shirt, new button, thread, needle', 'place button on cloth where it needs to go', 'Pass the needle through one of the button holes', 'Keep threading until the button is firmly attached']","['Get button', 'Cut off end from needle']",Cut off end from needle,1,0, A
5,88.46153846153845,"['Get supplies - shirt, new button, thread, needle', 'place button on cloth where it needs to go', 'Pass the needle through one of the button holes', 'Keep threading until the button is firmly attached', 'Cut off end from needle']","['Tie a knot in the end of thread', 'put back all the materials']",put back all the materials,1,0, A
6,92.3076923076923,"['Get supplies - shirt, new button, thread, needle', 'place button on cloth where it needs to go', 'Pass the needle through one of the button holes', 'Keep threading until the button is firmly attached', 'Cut off end from needle', 'put back all the materials']","['Check the button', 'Starting from the bottom, poke needle through hole in button']",Check the button,0,0, A
0,0.0,[],"['Pick up shirt missing button.', 'get sewing kit']",get sewing kit,1,0, A
1,19.230769230769237,['get sewing kit'],"['Select thread', 'put the supplies away']",Select thread,0,0, A
2,26.923076923076923,"['get sewing kit', 'Select thread']","['find shirt with missing button', 'knot thread']",find shirt with missing button,0,0, A
3,30.76923076923077,"['get sewing kit', 'Select thread', 'find shirt with missing button']","['Put needle through button and clothing.', 'place the button']",place the button,1,0, A
4,50.0,"['get sewing kit', 'Select thread', 'find shirt with missing button', 'place the button']","['Put thread through needle.', 'Pick thread to use']",Put thread through needle.,0,0, A
5,65.38461538461539,"['get sewing kit', 'Select thread', 'find shirt with missing button', 'place the button', 'Put thread through needle.']","['Pass the needle through the second button hole', 'Gather supplies']",Pass the needle through the second button hole,0,0, A
6,69.23076923076923,"['get sewing kit', 'Select thread', 'find shirt with missing button', 'place the button', 'Put thread through needle.', 'Pass the needle through the second button hole']","['Hold button in place', 'grab a needle and string']",Hold button in place,0,0, A
7,73.07692307692307,"['get sewing kit', 'Select thread', 'find shirt with missing button', 'place the button', 'Put thread through needle.', 'Pass the needle through the second button hole', 'Hold button in place']","['Repeat for remaining holes', 'Find a button']",Repeat for remaining holes,0,0, A
8,76.92307692307693,"['get sewing kit', 'Select thread', 'find shirt with missing button', 'place the button', 'Put thread through needle.', 'Pass the needle through the second button hole', 'Hold button in place', 'Repeat for remaining holes']","['repeat until button is secure', 'Tie knot']",repeat until button is secure,0,0, A
0,0.0,[],"['Get out sewing kit.', 'Pull needle and thread']",Get out sewing kit.,0,0, A
1,7.6923076923076925,['Get out sewing kit.'],"['Snip excess thread off', 'take the needle and matching thread']",take the needle and matching thread,1,0, A
2,19.230769230769237,"['Get out sewing kit.', 'take the needle and matching thread']","['Repeat procedure until button is secure', 'Choose thread to sew button on with.']",Choose thread to sew button on with.,1,0, A
3,30.76923076923077,"['Get out sewing kit.', 'take the needle and matching thread', 'Choose thread to sew button on with.']","['tie off the thread', 'Place button on fabric']",Place button on fabric,1,0, A
4,34.61538461538461,"['Get out sewing kit.', 'take the needle and matching thread', 'Choose thread to sew button on with.', 'Place button on fabric']","['Thread the needle.', 'Tie off thread']",Thread the needle.,0,0, A
5,53.84615384615385,"['Get out sewing kit.', 'take the needle and matching thread', 'Choose thread to sew button on with.', 'Place button on fabric', 'Thread the needle.']","['Get needle and thread', 'With other hand, push needle through button hole']","With other hand, push needle through button hole",1,0, A
6,76.92307692307693,"['Get out sewing kit.', 'take the needle and matching thread', 'Choose thread to sew button on with.', 'Place button on fabric', 'Thread the needle.', 'With other hand, push needle through button hole']","['Find similar button', 'repeat']",repeat,1,0, A
0,0.0,[],"['Drive to fabric store', 'Continue sewing.']",Drive to fabric store,0,0, A
1,19.230769230769237,['Drive to fabric store'],"['Tie thread at end', 'Get thread.']",Get thread.,1,0, A
2,23.07692307692308,"['Drive to fabric store', 'Get thread.']","['Find button that matches others.', 'Tie off finishing knot']",Find button that matches others.,0,0, A
3,26.923076923076923,"['Drive to fabric store', 'Get thread.', 'Find button that matches others.']","['carefully cut off old button if exists', 'Pull thread through opposite button hole']",carefully cut off old button if exists,0,0, A
4,30.76923076923077,"['Drive to fabric store', 'Get thread.', 'Find button that matches others.', 'carefully cut off old button if exists']","['cut the thread', 'Place button in desired position']",Place button in desired position,1,0, A
5,50.0,"['Drive to fabric store', 'Get thread.', 'Find button that matches others.', 'carefully cut off old button if exists', 'Place button in desired position']","['Put needle through one hole', 'Take out the needle']",Put needle through one hole,0,0, A
6,65.38461538461539,"['Drive to fabric store', 'Get thread.', 'Find button that matches others.', 'carefully cut off old button if exists', 'Place button in desired position', 'Put needle through one hole']","['Position needle with thread', 'Pull needle out other side.']",Pull needle out other side.,1,0, A
7,69.23076923076923,"['Drive to fabric store', 'Get thread.', 'Find button that matches others.', 'carefully cut off old button if exists', 'Place button in desired position', 'Put needle through one hole', 'Pull needle out other side.']","['Get button', 'Get back the needle through the third button hole']",Get back the needle through the third button hole,1,0, A
8,73.07692307692307,"['Drive to fabric store', 'Get thread.', 'Find button that matches others.', 'carefully cut off old button if exists', 'Place button in desired position', 'Put needle through one hole', 'Pull needle out other side.', 'Get back the needle through the third button hole']","['thread needle with thread', 'Get back the needle through the fourth button hole']",Get back the needle through the fourth button hole,1,0, A
9,80.76923076923077,"['Drive to fabric store', 'Get thread.', 'Find button that matches others.', 'carefully cut off old button if exists', 'Place button in desired position', 'Put needle through one hole', 'Pull needle out other side.', 'Get back the needle through the third button hole', 'Get back the needle through the fourth button hole']","['Tie the end of the string', 'Thread a needle']",Tie the end of the string,0,0, A
0,0.0,[],"['attach button', 'Get your sewing kit']",Get your sewing kit,1,0, A
1,7.6923076923076925,['Get your sewing kit'],"['Tie knot', 'Get thread and needle']",Get thread and needle,1,0, A
2,23.07692307692308,"['Get your sewing kit', 'Get thread and needle']","['Put needle away', 'Get a button to match']",Get a button to match,1,0, A
3,26.923076923076923,"['Get your sewing kit', 'Get thread and needle', 'Get a button to match']","['Pick up shirt missing button.', 'cut loose thread']",Pick up shirt missing button.,0,0, A
4,50.0,"['Get your sewing kit', 'Get thread and needle', 'Get a button to match', 'Pick up shirt missing button.']","['Get the thread', 'pull through on the other side']",pull through on the other side,1,0, A
5,76.92307692307693,"['Get your sewing kit', 'Get thread and needle', 'Get a button to match', 'Pick up shirt missing button.', 'pull through on the other side']","['Thread the needle', 'repeat 5-8 several times until button is secure']",repeat 5-8 several times until button is secure,1,0, A
6,84.61538461538461,"['Get your sewing kit', 'Get thread and needle', 'Get a button to match', 'Pick up shirt missing button.', 'pull through on the other side', 'repeat 5-8 several times until button is secure']","['Cut thread', 'Thread needle']",Cut thread,0,0, A
0,0.0,[],"['Put the needle and thread away', 'Get out needle, thread, button, and clothing item.']","Get out needle, thread, button, and clothing item.",1,0, A
1,15.384615384615383,"['Get out needle, thread, button, and clothing item.']","['Find matching thread', 'Repeat through each button hole']",Find matching thread,0,0, A
2,19.230769230769237,"['Get out needle, thread, button, and clothing item.', 'Find matching thread']","['Find thread that matches button color.', 'Pull needle out other side.']",Find thread that matches button color.,0,0, A
3,34.61538461538461,"['Get out needle, thread, button, and clothing item.', 'Find matching thread', 'Find thread that matches button color.']","['Cut off remaining thread', 'Insert thread in needle']",Insert thread in needle,1,0, A
4,53.84615384615385,"['Get out needle, thread, button, and clothing item.', 'Find matching thread', 'Find thread that matches button color.', 'Insert thread in needle']","['Return the needle through the fabric and through a different button hole', 'Get out sewing kit']",Return the needle through the fabric and through a different button hole,0,0, A
5,80.76923076923077,"['Get out needle, thread, button, and clothing item.', 'Find matching thread', 'Find thread that matches button color.', 'Insert thread in needle', 'Return the needle through the fabric and through a different button hole']","['Tie off thread', 'Find sewing kit.']",Tie off thread,0,0, A
6,88.46153846153845,"['Get out needle, thread, button, and clothing item.', 'Find matching thread', 'Find thread that matches button color.', 'Insert thread in needle', 'Return the needle through the fabric and through a different button hole', 'Tie off thread']","['put sewing kit away', 'Find thread']",put sewing kit away,0,0, A
7,92.3076923076923,"['Get out needle, thread, button, and clothing item.', 'Find matching thread', 'Find thread that matches button color.', 'Insert thread in needle', 'Return the needle through the fabric and through a different button hole', 'Tie off thread', 'put sewing kit away']","['Tie knot in other end of thread', 'Check the button']",Check the button,1,0, A
0,0.0,[],"['Thread needle.', 'Get supplies - shirt, new button, thread, needle']","Get supplies - shirt, new button, thread, needle",1,0, A
1,15.384615384615383,"['Get supplies - shirt, new button, thread, needle']","['Choose thread color', 'Insert the needle from the bottom where the button is to be sewn']",Choose thread color,0,0, A
2,19.230769230769237,"['Get supplies - shirt, new button, thread, needle', 'Choose thread color']","['break the thread', 'Take thread from sewing kit']",Take thread from sewing kit,1,0, A
3,34.61538461538461,"['Get supplies - shirt, new button, thread, needle', 'Choose thread color', 'Take thread from sewing kit']","['Tie the end of the string so it will not unravel', 'Put thread through a needle.']",Put thread through a needle.,1,0, A
4,46.15384615384615,"['Get supplies - shirt, new button, thread, needle', 'Choose thread color', 'Take thread from sewing kit', 'Put thread through a needle.']","['Find a button that matches', 'Sew button onto item']",Sew button onto item,1,0, A
0,0.0,[],"['Make a knot in fabric with thread behind the button', 'Get a thimble']",Get a thimble,1,0, A
1,26.923076923076923,['Get a thimble'],"['knot thread', 'grab object the button is being sewed']",grab object the button is being sewed,1,0, A
2,34.61538461538461,"['Get a thimble', 'grab object the button is being sewed']","['break the thread', 'thread needle']",thread needle,1,0, A
3,46.15384615384615,"['Get a thimble', 'grab object the button is being sewed', 'thread needle']","['Use the needle to sew the broken button', 'Thread needle']",Use the needle to sew the broken button,0,0, A
4,84.61538461538461,"['Get a thimble', 'grab object the button is being sewed', 'thread needle', 'Use the needle to sew the broken button']","['Find an extra button', 'Cut off the extra thread']",Cut off the extra thread,1,0, A
5,88.46153846153845,"['Get a thimble', 'grab object the button is being sewed', 'thread needle', 'Use the needle to sew the broken button', 'Cut off the extra thread']","['Put needle and thread back in drawer', 'Stick the needle through']",Put needle and thread back in drawer,0,0, A
6,92.3076923076923,"['Get a thimble', 'grab object the button is being sewed', 'thread needle', 'Use the needle to sew the broken button', 'Cut off the extra thread', 'Put needle and thread back in drawer']","['Check new button', 'Sew through holes or shank in button.']",Check new button,0,0, A
0,0.0,[],"['Repeat until button is secure', 'Get a thimble']",Get a thimble,1,0, A
1,26.923076923076923,['Get a thimble'],"['put the supplies away', 'Hold shirt with non-dominant hand']",Hold shirt with non-dominant hand,1,0, A
2,30.76923076923077,"['Get a thimble', 'Hold shirt with non-dominant hand']","['Place button where it is to be sewed', 'Pull needle and thread']",Place button where it is to be sewed,0,0, A
3,42.30769230769231,"['Get a thimble', 'Hold shirt with non-dominant hand', 'Place button where it is to be sewed']","['Put needle and thread back in drawer', 'Cut excess thread']",Cut excess thread,1,0, A
4,61.53846153846154,"['Get a thimble', 'Hold shirt with non-dominant hand', 'Place button where it is to be sewed', 'Cut excess thread']","['Get thread', 'push the needle through the button']",push the needle through the button,1,0, A
5,76.92307692307693,"['Get a thimble', 'Hold shirt with non-dominant hand', 'Place button where it is to be sewed', 'Cut excess thread', 'push the needle through the button']","['Continue crisscrossing thread between holes of button until button is tight.', 'take the button']",Continue crisscrossing thread between holes of button until button is tight.,0,0, A
6,84.61538461538461,"['Get a thimble', 'Hold shirt with non-dominant hand', 'Place button where it is to be sewed', 'Cut excess thread', 'push the needle through the button', 'Continue crisscrossing thread between holes of button until button is tight.']","['cut the thread', 'Find a button']",cut the thread,0,0, A
7,88.46153846153845,"['Get a thimble', 'Hold shirt with non-dominant hand', 'Place button where it is to be sewed', 'Cut excess thread', 'push the needle through the button', 'Continue crisscrossing thread between holes of button until button is tight.', 'cut the thread']","['Put away needle and thread', 'Hold button to material.']",Put away needle and thread,0,0, A
0,0.0,[],"['Tie knot on thread.', 'Drive to fabric store']",Drive to fabric store,1,0, A
1,19.230769230769237,['Drive to fabric store'],"['Clean up.', 'Find similar color thread to use.']",Find similar color thread to use.,1,0, A
2,30.76923076923077,"['Drive to fabric store', 'Find similar color thread to use.']","['place button where you want it', 'Cut thread']",place button where you want it,0,0, A
3,50.0,"['Drive to fabric store', 'Find similar color thread to use.', 'place button where you want it']","['Put thread through needle.', 'Take out the needle']",Put thread through needle.,0,0, A
4,53.84615384615385,"['Drive to fabric store', 'Find similar color thread to use.', 'place button where you want it', 'Put thread through needle.']","['pull the needle through', 'Get a shirt.']",pull the needle through,0,0, A
5,61.53846153846154,"['Drive to fabric store', 'Find similar color thread to use.', 'place button where you want it', 'Put thread through needle.', 'pull the needle through']","['Pull the needle until thread is completely on the other side of shirt', 'Snip excess thread off']",Pull the needle until thread is completely on the other side of shirt,0,0, A
6,80.76923076923077,"['Drive to fabric store', 'Find similar color thread to use.', 'place button where you want it', 'Put thread through needle.', 'pull the needle through', 'Pull the needle until thread is completely on the other side of shirt']","['Find an extra button', 'Tie knot on thread.']",Tie knot on thread.,1,0, A
0,0.0,[],"['Gather supplies', 'Pull through other side.']",Gather supplies,0,0, A
1,15.384615384615383,['Gather supplies'],"['Find matching thread', 'Start sewing going into the back of the garment.']",Find matching thread,0,0, A
2,34.61538461538461,"['Gather supplies', 'Find matching thread']","['thread needle with thread', 'Cut thread from spindle']",thread needle with thread,0,0, A
3,50.0,"['Gather supplies', 'Find matching thread', 'thread needle with thread']","['Drive to fabric store', 'Stick the needle through']",Stick the needle through,1,0, A
4,65.38461538461539,"['Gather supplies', 'Find matching thread', 'thread needle with thread', 'Stick the needle through']","['Cross over to perpendicular hole, push needle back through', 'Cut excess thread']","Cross over to perpendicular hole, push needle back through",0,0, A
5,69.23076923076923,"['Gather supplies', 'Find matching thread', 'thread needle with thread', 'Stick the needle through', 'Cross over to perpendicular hole, push needle back through']","['Poke needle through opposite hole', 'attach button to shirt']",Poke needle through opposite hole,0,0, A
0,0.0,[],"['Put thread in needle', 'Get supplies - shirt, new button, thread, needle']","Get supplies - shirt, new button, thread, needle",1,0, A
1,26.923076923076923,"['Get supplies - shirt, new button, thread, needle']","['Starting from the bottom, poke needle through hole in button', 'Hold shirt with non-dominant hand']",Hold shirt with non-dominant hand,1,0, A
2,30.76923076923077,"['Get supplies - shirt, new button, thread, needle', 'Hold shirt with non-dominant hand']","['Find the location where button needs to be sewn.', 'Pull til it stops at the knot, push through fabric and another button hole']",Find the location where button needs to be sewn.,0,0, A
3,34.61538461538461,"['Get supplies - shirt, new button, thread, needle', 'Hold shirt with non-dominant hand', 'Find the location where button needs to be sewn.']","['Thread the needle', 'Sew button through fourth and final hole']",Thread the needle,0,0, A
4,53.84615384615385,"['Get supplies - shirt, new button, thread, needle', 'Hold shirt with non-dominant hand', 'Find the location where button needs to be sewn.', 'Thread the needle']","['Take a needle', 'repeat the same way']",repeat the same way,1,0, A
5,61.53846153846154,"['Get supplies - shirt, new button, thread, needle', 'Hold shirt with non-dominant hand', 'Find the location where button needs to be sewn.', 'Thread the needle', 'repeat the same way']","['Cut thread', 'Push needle through first hole']",Push needle through first hole,1,0, A
6,76.92307692307693,"['Get supplies - shirt, new button, thread, needle', 'Hold shirt with non-dominant hand', 'Find the location where button needs to be sewn.', 'Thread the needle', 'repeat the same way', 'Push needle through first hole']","['Keep repeating the sewing to reinforce the strength', 'Cut excess thread']",Keep repeating the sewing to reinforce the strength,0,0, A
7,80.76923076923077,"['Get supplies - shirt, new button, thread, needle', 'Hold shirt with non-dominant hand', 'Find the location where button needs to be sewn.', 'Thread the needle', 'repeat the same way', 'Push needle through first hole', 'Keep repeating the sewing to reinforce the strength']","['get some thread', 'Tie off thread']",Tie off thread,1,0, A
8,88.46153846153845,"['Get supplies - shirt, new button, thread, needle', 'Hold shirt with non-dominant hand', 'Find the location where button needs to be sewn.', 'Thread the needle', 'repeat the same way', 'Push needle through first hole', 'Keep repeating the sewing to reinforce the strength', 'Tie off thread']","['Find a button', 'put the supplies away']",put the supplies away,1,0, A
0,0.0,[],"['moving the needle in and out of the button holes', 'Drive to fabric store']",Drive to fabric store,1,0, A
1,19.230769230769237,['Drive to fabric store'],"['Sew the button through the button holes onto the shirt', 'Find thread color to match button or item requiring the button']",Find thread color to match button or item requiring the button,1,0, A
2,34.61538461538461,"['Drive to fabric store', 'Find thread color to match button or item requiring the button']","['Thread the needle and tie a knot at end of thread.', 'Do this through all holes of button']",Thread the needle and tie a knot at end of thread.,0,0, A
3,61.53846153846154,"['Drive to fabric store', 'Find thread color to match button or item requiring the button', 'Thread the needle and tie a knot at end of thread.']","['Get thread', 'push the needle through the button']",push the needle through the button,1,0, A
4,65.38461538461539,"['Drive to fabric store', 'Find thread color to match button or item requiring the button', 'Thread the needle and tie a knot at end of thread.', 'push the needle through the button']","['Thread needle', 'Bring the needle up through another hole on button.']",Bring the needle up through another hole on button.,1,0, A
5,76.92307692307693,"['Drive to fabric store', 'Find thread color to match button or item requiring the button', 'Thread the needle and tie a knot at end of thread.', 'push the needle through the button', 'Bring the needle up through another hole on button.']","['Repeat this until the button is secure', 'Find shirt']",Repeat this until the button is secure,0,0, A
6,80.76923076923077,"['Drive to fabric store', 'Find thread color to match button or item requiring the button', 'Thread the needle and tie a knot at end of thread.', 'push the needle through the button', 'Bring the needle up through another hole on button.', 'Repeat this until the button is secure']","['Place button on shirt', 'Secure the button with a knot']",Secure the button with a knot,1,0, A
0,0.0,[],"['Drive to fabric store', 'put items away when done']",Drive to fabric store,0,0, A
1,19.230769230769237,['Drive to fabric store'],"['Repeat until button is secure', 'Find thread that matches']",Find thread that matches,1,0, A
2,30.76923076923077,"['Drive to fabric store', 'Find thread that matches']","['Cut off the extra thread', 'Hold button to material.']",Hold button to material.,1,0, A
3,42.30769230769231,"['Drive to fabric store', 'Find thread that matches', 'Hold button to material.']","['Find a needle', 'Cut thread string to how much is needed']",Cut thread string to how much is needed,1,0, A
4,46.15384615384615,"['Drive to fabric store', 'Find thread that matches', 'Hold button to material.', 'Cut thread string to how much is needed']","['Take out thread and needle', 'Pass needle through shirt and button holes']",Pass needle through shirt and button holes,1,0, A
0,0.0,[],"['Drive to fabric store', 'Push needle through fabric and button hole']",Drive to fabric store,0,0, A
1,19.230769230769237,['Drive to fabric store'],"['Insert the needle with thread in button hole and shirt', 'Get thread']",Get thread,1,0, A
2,30.76923076923077,"['Drive to fabric store', 'Get thread']","['Get sewing kit', 'Hold button to material.']",Hold button to material.,1,0, A
3,46.15384615384615,"['Drive to fabric store', 'Get thread', 'Hold button to material.']","['Find right color string', 'Sew through the holes of the button']",Sew through the holes of the button,1,0, A
0,0.0,[],"['Get supplies - shirt, new button, thread, needle', 'pull the needle through']","Get supplies - shirt, new button, thread, needle",0,0, A
1,26.923076923076923,"['Get supplies - shirt, new button, thread, needle']","['Get the piece of apparel that needs to sew the button on.', 'Repeat 5 times with other two button holes']",Get the piece of apparel that needs to sew the button on.,0,0, A
2,50.0,"['Get supplies - shirt, new button, thread, needle', 'Get the piece of apparel that needs to sew the button on.']","['Put needle and thread through shirt', 'Cut the needle off of the thread.']",Put needle and thread through shirt,0,0, A
3,53.84615384615385,"['Get supplies - shirt, new button, thread, needle', 'Get the piece of apparel that needs to sew the button on.', 'Put needle and thread through shirt']","['Get needle.', 'With other hand, push needle through button hole']","With other hand, push needle through button hole",1,0, A
4,80.76923076923077,"['Get supplies - shirt, new button, thread, needle', 'Get the piece of apparel that needs to sew the button on.', 'Put needle and thread through shirt', 'With other hand, push needle through button hole']","['Tie a knot in the thread', 'Tie off knot with thread.']",Tie off knot with thread.,1,0, A
5,84.61538461538461,"['Get supplies - shirt, new button, thread, needle', 'Get the piece of apparel that needs to sew the button on.', 'Put needle and thread through shirt', 'With other hand, push needle through button hole', 'Tie off knot with thread.']","['cut the thread when finished', 'Find a thread']",cut the thread when finished,0,0, A
0,0.0,[],"['Get out sewing kit.', 'put the supplies away']",Get out sewing kit.,0,0, A
1,19.230769230769237,['Get out sewing kit.'],"['Find a thread', 'pull the needle through']",Find a thread,0,0, A
2,30.76923076923077,"['Get out sewing kit.', 'Find a thread']","['place button where you want it', 'Keep threading until the button is firmly attached']",place button where you want it,0,0, A
3,42.30769230769231,"['Get out sewing kit.', 'Find a thread', 'place button where you want it']","['Cut excess thread', 'Tie knot on thread.']",Cut excess thread,0,0, A
4,46.15384615384615,"['Get out sewing kit.', 'Find a thread', 'place button where you want it', 'Cut excess thread']","['Find sewing kit', 'Sew the button onto the garment by passing the needle through all 4 button holes.']",Sew the button onto the garment by passing the needle through all 4 button holes.,1,0, A
0,0.0,[],"['get sewing kit', 'Cut off excess thread']",get sewing kit,0,0, A
1,11.538461538461538,['get sewing kit'],"['grab a needle', 'Insert the needle back into the garment from the top of the button']",grab a needle,0,0, A
2,30.76923076923077,"['get sewing kit', 'grab a needle']","['Place button where it belongs on garment', 'Get back the needle through the third button hole']",Place button where it belongs on garment,0,0, A
3,53.84615384615385,"['get sewing kit', 'grab a needle', 'Place button where it belongs on garment']","['With other hand, push needle through button hole', 'Take a needle']","With other hand, push needle through button hole",0,0, A
4,80.76923076923077,"['get sewing kit', 'grab a needle', 'Place button where it belongs on garment', 'With other hand, push needle through button hole']","['Tie the thread at the bottom of the button', 'Put thread in needle']",Tie the thread at the bottom of the button,0,0, A
0,0.0,[],"['place botton where you want it', 'Get out sewing kit.']",Get out sewing kit.,1,0, A
1,34.61538461538461,['Get out sewing kit.'],"['Put thread in needle', 'When button is securely in place tie knot in thread at back of garment']",Put thread in needle,0,0, A
2,38.46153846153847,"['Get out sewing kit.', 'Put thread in needle']","['Repeat 4 or 5 times', 'Tie knot']",Tie knot,1,0, A
3,42.30769230769231,"['Get out sewing kit.', 'Put thread in needle', 'Tie knot']","['Tie of thread on inside', 'Cut about 16 inches worth of thread.']",Cut about 16 inches worth of thread.,1,0, A
4,46.15384615384615,"['Get out sewing kit.', 'Put thread in needle', 'Tie knot', 'Cut about 16 inches worth of thread.']","['Sew the button', 'Find an extra button']",Sew the button,0,0, A
5,50.0,"['Get out sewing kit.', 'Put thread in needle', 'Tie knot', 'Cut about 16 inches worth of thread.', 'Sew the button']","['Put needle and thread through shirt', 'Find right color string']",Put needle and thread through shirt,0,0, A
6,53.84615384615385,"['Get out sewing kit.', 'Put thread in needle', 'Tie knot', 'Cut about 16 inches worth of thread.', 'Sew the button', 'Put needle and thread through shirt']","['Continue to push and pull needle through button holes until button is secure', 'Grab a needle and thread']",Continue to push and pull needle through button holes until button is secure,0,0, A
0,0.0,[],"['Tie off knot with thread.', 'get thread, needle, button to be sewn']","get thread, needle, button to be sewn",1,0, A
1,30.76923076923077,"['get thread, needle, button to be sewn']","['Put the button in the correct spot.', 'Drive to fabric store']",Put the button in the correct spot.,0,0, A
2,53.84615384615385,"['get thread, needle, button to be sewn', 'Put the button in the correct spot.']","['find a button', 'pass needle through needle hole in button']",pass needle through needle hole in button,1,0, A
3,57.692307692307686,"['get thread, needle, button to be sewn', 'Put the button in the correct spot.', 'pass needle through needle hole in button']","['Insert needle through first side of button (step 3)', 'Thread needle']",Insert needle through first side of button (step 3),0,0, A
4,61.53846153846154,"['get thread, needle, button to be sewn', 'Put the button in the correct spot.', 'pass needle through needle hole in button', 'Insert needle through first side of button (step 3)']","['Starting from the bottom, poke needle through hole in button', 'Get item that needs button sewing on']","Starting from the bottom, poke needle through hole in button",0,0, A
5,65.38461538461539,"['get thread, needle, button to be sewn', 'Put the button in the correct spot.', 'pass needle through needle hole in button', 'Insert needle through first side of button (step 3)', 'Starting from the bottom, poke needle through hole in button']","['Bring the needle up through another hole on button.', 'get thread, needle, button to be sewn']",Bring the needle up through another hole on button.,0,0, A
6,69.23076923076923,"['get thread, needle, button to be sewn', 'Put the button in the correct spot.', 'pass needle through needle hole in button', 'Insert needle through first side of button (step 3)', 'Starting from the bottom, poke needle through hole in button', 'Bring the needle up through another hole on button.']","['knot thread', 'Get back the needle through the third button hole']",Get back the needle through the third button hole,1,0, A
0,0.0,[],"['moving the needle in and out of the fabric', 'Gather supplies']",Gather supplies,1,0, A
1,7.6923076923076925,['Gather supplies'],"['Get needle and thread', 'Make knot between thread and clothing.']",Get needle and thread,0,0, A
2,26.923076923076923,"['Gather supplies', 'Get needle and thread']","['grab object the button is being sewed', 'Put everything away.']",grab object the button is being sewed,0,0, A
3,34.61538461538461,"['Gather supplies', 'Get needle and thread', 'grab object the button is being sewed']","['Repeat until button is secure', 'thread a needle']",thread a needle,1,0, A
4,53.84615384615385,"['Gather supplies', 'Get needle and thread', 'grab object the button is being sewed', 'thread a needle']","['Choose thread color', 'Pull thread through opposite button hole']",Pull thread through opposite button hole,1,0, A
5,84.61538461538461,"['Gather supplies', 'Get needle and thread', 'grab object the button is being sewed', 'thread a needle', 'Pull thread through opposite button hole']","['Cut off excess thread', 'taking the right button out']",Cut off excess thread,0,0, A
6,88.46153846153845,"['Gather supplies', 'Get needle and thread', 'grab object the button is being sewed', 'thread a needle', 'Pull thread through opposite button hole', 'Cut off excess thread']","['Cut a length of thread more than double what you will need', 'put needle and thread away']",put needle and thread away,1,0, A
0,0.0,[],"['Drive to fabric store', 'Cut off end from needle']",Drive to fabric store,0,0, A
1,19.230769230769237,['Drive to fabric store'],"['Find some thread', 'Cut off remaining thread']",Find some thread,0,0, A
2,30.76923076923077,"['Drive to fabric store', 'Find some thread']","['Find the location where button needs to be sewn.', 'Cut the excess thread']",Find the location where button needs to be sewn.,0,0, A
3,50.0,"['Drive to fabric store', 'Find some thread', 'Find the location where button needs to be sewn.']","['Put needle through button and shirt', 'Get needle']",Put needle through button and shirt,0,0, A
4,61.53846153846154,"['Drive to fabric store', 'Find some thread', 'Find the location where button needs to be sewn.', 'Put needle through button and shirt']","['Pull thread through', 'Cut the thread.']",Pull thread through,0,0, A
5,80.76923076923077,"['Drive to fabric store', 'Find some thread', 'Find the location where button needs to be sewn.', 'Put needle through button and shirt', 'Pull thread through']","['tie thread at the end', 'Find a needle and thread']",tie thread at the end,0,0, A
6,84.61538461538461,"['Drive to fabric store', 'Find some thread', 'Find the location where button needs to be sewn.', 'Put needle through button and shirt', 'Pull thread through', 'tie thread at the end']","['Cut excess thread', 'Cut about 16 inches worth of thread.']",Cut excess thread,0,0, A
7,88.46153846153845,"['Drive to fabric store', 'Find some thread', 'Find the location where button needs to be sewn.', 'Put needle through button and shirt', 'Pull thread through', 'tie thread at the end', 'Cut excess thread']","['Find matching thread', 'Clean up.']",Clean up.,1,0, A
8,92.3076923076923,"['Drive to fabric store', 'Find some thread', 'Find the location where button needs to be sewn.', 'Put needle through button and shirt', 'Pull thread through', 'tie thread at the end', 'Cut excess thread', 'Clean up.']","['MAKE SURE BUTTON IS SECURE', 'With needle and thread push needle through cloth and through button hole']",MAKE SURE BUTTON IS SECURE,0,0, A
0,0.0,[],"['Cut thread', 'Get sewing kit']",Get sewing kit,1,0, A
1,7.6923076923076925,['Get sewing kit'],"['gather needle and thread', 'Tie the end with a knot.']",gather needle and thread,0,0, A
2,23.07692307692308,"['Get sewing kit', 'gather needle and thread']","['Find a button to sew.', 'Pull the needle through a hole in the button, then back into the fabric']",Find a button to sew.,0,0, A
3,38.46153846153847,"['Get sewing kit', 'gather needle and thread', 'Find a button to sew.']","['Knot the end to make it stay', 'Then push needle through material']",Knot the end to make it stay,0,0, A
4,50.0,"['Get sewing kit', 'gather needle and thread', 'Find a button to sew.', 'Knot the end to make it stay']","['Poke a hole in the fabric', 'Cut off end from needle']",Poke a hole in the fabric,0,0, A
5,53.84615384615385,"['Get sewing kit', 'gather needle and thread', 'Find a button to sew.', 'Knot the end to make it stay', 'Poke a hole in the fabric']","['Continue to push and pull needle through button holes until button is secure', 'Get needle and thread']",Continue to push and pull needle through button holes until button is secure,0,0, A
6,61.53846153846154,"['Get sewing kit', 'gather needle and thread', 'Find a button to sew.', 'Knot the end to make it stay', 'Poke a hole in the fabric', 'Continue to push and pull needle through button holes until button is secure']","['Put needle into one button hole through shirt.', 'Get the item of clothing the button is to go on']",Put needle into one button hole through shirt.,0,0, A
7,65.38461538461539,"['Get sewing kit', 'gather needle and thread', 'Find a button to sew.', 'Knot the end to make it stay', 'Poke a hole in the fabric', 'Continue to push and pull needle through button holes until button is secure', 'Put needle into one button hole through shirt.']","['Pull needle out other side.', 'Take thread from sewing kit']",Pull needle out other side.,0,0, A
8,76.92307692307693,"['Get sewing kit', 'gather needle and thread', 'Find a button to sew.', 'Knot the end to make it stay', 'Poke a hole in the fabric', 'Continue to push and pull needle through button holes until button is secure', 'Put needle into one button hole through shirt.', 'Pull needle out other side.']","['Repeat procedure until button is secure', 'Get needle']",Repeat procedure until button is secure,0,0, A
0,0.0,[],"['Apply button by driving needle through button', 'Get sewing kit']",Get sewing kit,1,0, A
1,19.230769230769237,['Get sewing kit'],"['Put needle and thread through shirt', 'getting out thread']",getting out thread,1,0, A
2,23.07692307692308,"['Get sewing kit', 'getting out thread']","['Find replacement button.', 'sew the button with criss-cross movement of needle']",Find replacement button.,0,0, A
3,26.923076923076923,"['Get sewing kit', 'getting out thread', 'Find replacement button.']","['taking the right button out', 'Tie off thread']",taking the right button out,0,0, A
4,30.76923076923077,"['Get sewing kit', 'getting out thread', 'Find replacement button.', 'taking the right button out']","['Place button in desired position', 'Cut the excess thread']",Place button in desired position,0,0, A
5,61.53846153846154,"['Get sewing kit', 'getting out thread', 'Find replacement button.', 'taking the right button out', 'Place button in desired position']","['take needle bring up through the back of the item', 'Get item that needs a button']",take needle bring up through the back of the item,0,0, A
6,80.76923076923077,"['Get sewing kit', 'getting out thread', 'Find replacement button.', 'taking the right button out', 'Place button in desired position', 'take needle bring up through the back of the item']","['Tie another knot at the end of the thread.', 'Find a thread']",Tie another knot at the end of the thread.,0,0, A
7,84.61538461538461,"['Get sewing kit', 'getting out thread', 'Find replacement button.', 'taking the right button out', 'Place button in desired position', 'take needle bring up through the back of the item', 'Tie another knot at the end of the thread.']","['Get thread and needle', 'cut the thread when finished']",cut the thread when finished,1,0, A
8,88.46153846153845,"['Get sewing kit', 'getting out thread', 'Find replacement button.', 'taking the right button out', 'Place button in desired position', 'take needle bring up through the back of the item', 'Tie another knot at the end of the thread.', 'cut the thread when finished']","['put items away when done', 'Tie knot in thread.']",put items away when done,0,0, A
9,92.3076923076923,"['Get sewing kit', 'getting out thread', 'Find replacement button.', 'taking the right button out', 'Place button in desired position', 'take needle bring up through the back of the item', 'Tie another knot at the end of the thread.', 'cut the thread when finished', 'put items away when done']","['Continue to push and pull needle through button holes until button is secure', 'Check the button']",Check the button,1,0, A
0,0.0,[],"['Take out sewing kit.', 'Place button on fabric and hold with thumb and index finger']",Take out sewing kit.,0,0, A
1,11.538461538461538,['Take out sewing kit.'],"['Get needle.', 'Push needle through the button holes']",Get needle.,0,0, A
2,15.384615384615383,"['Take out sewing kit.', 'Get needle.']","['Find right color string', 'Pass the needle through one of the button holes']",Find right color string,0,0, A
3,23.07692307692308,"['Take out sewing kit.', 'Get needle.', 'Find right color string']","['Sew button.', 'Find a button']",Find a button,1,0, A
4,26.923076923076923,"['Take out sewing kit.', 'Get needle.', 'Find right color string', 'Find a button']","['Lay down garment', 'Tie off your thread.']",Lay down garment,0,0, A
5,34.61538461538461,"['Take out sewing kit.', 'Get needle.', 'Find right color string', 'Find a button', 'Lay down garment']","['Continue until the button is on tight', 'put thread in needle']",put thread in needle,1,0, A
6,53.84615384615385,"['Take out sewing kit.', 'Get needle.', 'Find right color string', 'Find a button', 'Lay down garment', 'put thread in needle']","['Crisscross on the button', 'Put everything away.']",Crisscross on the button,0,0, A
7,84.61538461538461,"['Take out sewing kit.', 'Get needle.', 'Find right color string', 'Find a button', 'Lay down garment', 'put thread in needle', 'Crisscross on the button']","['cut thread', 'Find a button']",cut thread,0,0, A
8,88.46153846153845,"['Take out sewing kit.', 'Get needle.', 'Find right color string', 'Find a button', 'Lay down garment', 'put thread in needle', 'Crisscross on the button', 'cut thread']","['Collect thread and needle.', 'Clean up.']",Clean up.,1,0, A
0,0.0,[],"['Place the thread inside the needle', 'Drive to fabric store']",Drive to fabric store,1,0, A
1,19.230769230769237,['Drive to fabric store'],"['cut remaining thread away', 'Get thread']",Get thread,1,0, A
2,26.923076923076923,"['Drive to fabric store', 'Get thread']","['Take the cloth to be sewed', 'Loop thread to create knot in thread.']",Take the cloth to be sewed,0,0, A
3,46.15384615384615,"['Drive to fabric store', 'Get thread', 'Take the cloth to be sewed']","['Pass needle through shirt and button holes', 'Get needle and thread']",Pass needle through shirt and button holes,0,0, A
4,61.53846153846154,"['Drive to fabric store', 'Get thread', 'Take the cloth to be sewed', 'Pass needle through shirt and button holes']","['Push needle through first hole', 'Put everything away.']",Push needle through first hole,0,0, A
5,76.92307692307693,"['Drive to fabric store', 'Get thread', 'Take the cloth to be sewed', 'Pass needle through shirt and button holes', 'Push needle through first hole']","['Continue until the button is on tight', 'Thread the needle.']",Continue until the button is on tight,0,0, A
6,80.76923076923077,"['Drive to fabric store', 'Get thread', 'Take the cloth to be sewed', 'Pass needle through shirt and button holes', 'Push needle through first hole', 'Continue until the button is on tight']","['Find a button to sew.', 'Tie knot on thread.']",Tie knot on thread.,1,0, A
7,88.46153846153845,"['Drive to fabric store', 'Get thread', 'Take the cloth to be sewed', 'Pass needle through shirt and button holes', 'Push needle through first hole', 'Continue until the button is on tight', 'Tie knot on thread.']","['Grab the garment that you would like to sew the button to.', 'Put the needle and thread away']",Put the needle and thread away,1,0, A
0,0.0,[],"['Get out sewing kit.', 'Sew needle through other holes in an X formation']",Get out sewing kit.,0,0, A
1,7.6923076923076925,['Get out sewing kit.'],"['Pull thread through opposite button hole', 'Find a needle and thread']",Find a needle and thread,1,0, A
2,34.61538461538461,"['Get out sewing kit.', 'Find a needle and thread']","['Thread needle.', 'Tie ends.']",Thread needle.,0,0, A
3,88.46153846153845,"['Get out sewing kit.', 'Find a needle and thread', 'Thread needle.']","['Put everything away.', 'Get thread']",Put everything away.,0,0, A
0,0.0,[],"['Cut thread from spindle', 'Drive to fabric store']",Drive to fabric store,1,0, A
1,19.230769230769237,['Drive to fabric store'],"['Pick thread to use', 'repeat 6 more times']",Pick thread to use,0,0, A
2,26.923076923076923,"['Drive to fabric store', 'Pick thread to use']","[""Make 4 x's in button."", 'Get clothing']",Get clothing,1,0, A
3,30.76923076923077,"['Drive to fabric store', 'Pick thread to use', 'Get clothing']","['Insert the needle back into the garment from the top of the button', 'Line the button up in the place where the old one would have been']",Line the button up in the place where the old one would have been,1,0, A
4,42.30769230769231,"['Drive to fabric store', 'Pick thread to use', 'Get clothing', 'Line the button up in the place where the old one would have been']","['get needle', 'measure and cut length of thread']",measure and cut length of thread,1,0, A
5,46.15384615384615,"['Drive to fabric store', 'Pick thread to use', 'Get clothing', 'Line the button up in the place where the old one would have been', 'measure and cut length of thread']","['Sew the button through the button holes onto the shirt', 'Get thread']",Sew the button through the button holes onto the shirt,0,0, A
6,84.61538461538461,"['Drive to fabric store', 'Pick thread to use', 'Get clothing', 'Line the button up in the place where the old one would have been', 'measure and cut length of thread', 'Sew the button through the button holes onto the shirt']","['Get a needle', 'Ending again in the back of the garment cut off the thread.']",Ending again in the back of the garment cut off the thread.,1,0, A
7,88.46153846153845,"['Drive to fabric store', 'Pick thread to use', 'Get clothing', 'Line the button up in the place where the old one would have been', 'measure and cut length of thread', 'Sew the button through the button holes onto the shirt', 'Ending again in the back of the garment cut off the thread.']","['put items away when done', 'Grab button']",put items away when done,0,0, A
0,0.0,[],"['Ending again in the back of the garment cut off the thread.', 'Gather supplies']",Gather supplies,1,0, A
1,26.923076923076923,['Gather supplies'],"['Repeat several times until button is attached solidly to the fabric.', 'Get shirt']",Get shirt,1,0, A
2,30.76923076923077,"['Gather supplies', 'Get shirt']","['Insert the needle back into the garment from the top of the button', 'Place button where you want it to go']",Place button where you want it to go,1,0, A
3,50.0,"['Gather supplies', 'Get shirt', 'Place button where you want it to go']","['insert needle through cloth', 'put sewing kit away']",insert needle through cloth,0,0, A
4,53.84615384615385,"['Gather supplies', 'Get shirt', 'Place button where you want it to go', 'insert needle through cloth']","['Get sewing basket', 'Sew needle through other holes in an X formation']",Sew needle through other holes in an X formation,1,0, A
5,84.61538461538461,"['Gather supplies', 'Get shirt', 'Place button where you want it to go', 'insert needle through cloth', 'Sew needle through other holes in an X formation']","['Sew button onto fabric through the first hole', 'Cut excess thread']",Cut excess thread,1,0, A
6,88.46153846153845,"['Gather supplies', 'Get shirt', 'Place button where you want it to go', 'insert needle through cloth', 'Sew needle through other holes in an X formation', 'Cut excess thread']","['Put away needle and thread', 'grab a needle']",Put away needle and thread,0,0, A
7,92.3076923076923,"['Gather supplies', 'Get shirt', 'Place button where you want it to go', 'insert needle through cloth', 'Sew needle through other holes in an X formation', 'Cut excess thread', 'Put away needle and thread']","['MAKE SURE BUTTON IS SECURE', 'Find thread and needle.']",MAKE SURE BUTTON IS SECURE,0,0, A
0,0.0,[],"['Drive to fabric store', 'moving the needle in and out of the button holes']",Drive to fabric store,0,0, A
1,19.230769230769237,['Drive to fabric store'],"['Get thread.', 'Tie off the thread on the underside of the garment']",Get thread.,0,0, A
2,23.07692307692308,"['Drive to fabric store', 'Get thread.']","['Continue until button is secure', 'Take a button']",Take a button,1,0, A
3,38.46153846153847,"['Drive to fabric store', 'Get thread.', 'Take a button']","['tie knot at end of thread', 'Tie off thread']",tie knot at end of thread,0,0, A
4,46.15384615384615,"['Drive to fabric store', 'Get thread.', 'Take a button', 'tie knot at end of thread']","['sew the button on the garment', 'Find button replacement']",sew the button on the garment,0,0, A
5,88.46153846153845,"['Drive to fabric store', 'Get thread.', 'Take a button', 'tie knot at end of thread', 'sew the button on the garment']","['Put the button in the correct spot.', 'PUT NEEDLE AND THREAD AWAY']",PUT NEEDLE AND THREAD AWAY,1,0, A
6,92.3076923076923,"['Drive to fabric store', 'Get thread.', 'Take a button', 'tie knot at end of thread', 'sew the button on the garment', 'PUT NEEDLE AND THREAD AWAY']","['MAKE SURE BUTTON IS SECURE', 'Tie knot in thread']",MAKE SURE BUTTON IS SECURE,0,0, A
0,0.0,[],"['Find sewing kit.', 'Tie knot to secure thread and button to clothes']",Find sewing kit.,0,0, A
1,34.61538461538461,['Find sewing kit.'],"['Ending again in the back of the garment cut off the thread.', 'Insert the thread into the needle hole']",Insert the thread into the needle hole,1,0, A
2,88.46153846153845,"['Find sewing kit.', 'Insert the thread into the needle hole']","['Thread one hole with the needle', 'Clean up.']",Clean up.,1,0, A
3,92.3076923076923,"['Find sewing kit.', 'Insert the thread into the needle hole', 'Clean up.']","['Insert the thread into the needle hole', 'Check the button']",Check the button,1,0, A
0,0.0,[],"['sew the button with criss-cross movement of needle', 'Drive to fabric store']",Drive to fabric store,1,0, A
1,19.230769230769237,['Drive to fabric store'],"['Insert the needle from the bottom where the button is to be sewn', 'get some thread']",get some thread,1,0, A
2,30.76923076923077,"['Drive to fabric store', 'get some thread']","['Place button in desired position', 'cut the thread']",Place button in desired position,0,0, A
3,42.30769230769231,"['Drive to fabric store', 'get some thread', 'Place button in desired position']","['Cut away old strings', 'Repeat step 8 until button is sewn on']",Cut away old strings,0,0, A
4,46.15384615384615,"['Drive to fabric store', 'get some thread', 'Place button in desired position', 'Cut away old strings']","['Check if the button is tight', 'put needle with thread into clothes']",put needle with thread into clothes,1,0, A
5,53.84615384615385,"['Drive to fabric store', 'get some thread', 'Place button in desired position', 'Cut away old strings', 'put needle with thread into clothes']","['Get a needle and thread.', 'Place button close to clothing.']",Place button close to clothing.,1,0, A
6,57.692307692307686,"['Drive to fabric store', 'get some thread', 'Place button in desired position', 'Cut away old strings', 'put needle with thread into clothes', 'Place button close to clothing.']","['Pull through', 'Line the button back into place']",Pull through,0,0, A
0,0.0,[],"['Make a knot at end', 'Get scissors, needle, button and thread']","Get scissors, needle, button and thread",1,0, A
1,26.923076923076923,"['Get scissors, needle, button and thread']","['Get clothes', ""Make sure it's secure""]",Get clothes,0,0, A
2,30.76923076923077,"['Get scissors, needle, button and thread', 'Get clothes']","['put items away when done', 'Take button and put it on shirt where you want it']",Take button and put it on shirt where you want it,1,0, A
3,61.53846153846154,"['Get scissors, needle, button and thread', 'Get clothes', 'Take button and put it on shirt where you want it']","['push the needle through the button', 'Get a needle and thread.']",push the needle through the button,0,0, A
4,76.92307692307693,"['Get scissors, needle, button and thread', 'Get clothes', 'Take button and put it on shirt where you want it', 'push the needle through the button']","['repeat steps 4-5 until button is secured to shirt', 'Get thread.']",repeat steps 4-5 until button is secured to shirt,0,0, A
0,0.0,[],"['Get out sewing kit.', 'tie off thread']",Get out sewing kit.,0,0, A
1,19.230769230769237,['Get out sewing kit.'],"['Get out thread', 'pull needle through to knot']",Get out thread,0,0, A
2,30.76923076923077,"['Get out sewing kit.', 'Get out thread']","['Find placement for new button.', 'Knot thread']",Find placement for new button.,0,0, A
3,50.0,"['Get out sewing kit.', 'Get out thread', 'Find placement for new button.']","['Get back the needle through the fourth button hole', 'Push needle through button and fabric.']",Push needle through button and fabric.,1,0, A
4,80.76923076923077,"['Get out sewing kit.', 'Get out thread', 'Find placement for new button.', 'Push needle through button and fabric.']","['Tie off the thread on the underside of the garment', 'Find some thread']",Tie off the thread on the underside of the garment,0,0, A
5,88.46153846153845,"['Get out sewing kit.', 'Get out thread', 'Find placement for new button.', 'Push needle through button and fabric.', 'Tie off the thread on the underside of the garment']","['Clean up.', 'Place needle through clothing.']",Clean up.,0,0, A
0,0.0,[],"['get thread, needle, button to be sewn', 'cut thread from button']","get thread, needle, button to be sewn",0,0, A
1,7.6923076923076925,"['get thread, needle, button to be sewn']","['Get needle and thread', 'Tie knot on thread.']",Get needle and thread,0,0, A
2,26.923076923076923,"['get thread, needle, button to be sewn', 'Get needle and thread']","['Take shirt', 'Clean up.']",Take shirt,0,0, A
3,30.76923076923077,"['get thread, needle, button to be sewn', 'Get needle and thread', 'Take shirt']","['line it up with the hole', 'Break the thread and tie a final knot']",line it up with the hole,0,0, A
4,42.30769230769231,"['get thread, needle, button to be sewn', 'Get needle and thread', 'Take shirt', 'line it up with the hole']","['Cut length of thread', 'Find some thread']",Cut length of thread,0,0, A
5,46.15384615384615,"['get thread, needle, button to be sewn', 'Get needle and thread', 'Take shirt', 'line it up with the hole', 'Cut length of thread']","['Choose button that I like', 'Thread button onto clothing']",Thread button onto clothing,1,0, A
0,0.0,[],"['Get out sewing kit.', 'Put thread through button']",Get out sewing kit.,0,0, A
1,19.230769230769237,['Get out sewing kit.'],"['when done tie the end properly', 'Choose thread to sew button on with.']",Choose thread to sew button on with.,1,0, A
2,26.923076923076923,"['Get out sewing kit.', 'Choose thread to sew button on with.']","['Cut thread', 'Find shirt']",Find shirt,1,0, A
3,46.15384615384615,"['Get out sewing kit.', 'Choose thread to sew button on with.', 'Find shirt']","['Take button.', 'Sew the button']",Sew the button,1,0, A
4,76.92307692307693,"['Get out sewing kit.', 'Choose thread to sew button on with.', 'Find shirt', 'Sew the button']","['Get thread.', 'repeat 5-8 several times until button is secure']",repeat 5-8 several times until button is secure,1,0, A
0,0.0,[],"['Insert the thread through the button', 'get thread, needle, button to be sewn']","get thread, needle, button to be sewn",1,0, A
1,30.76923076923077,"['get thread, needle, button to be sewn']","['Put button in proper place', 'Tie off thread']",Put button in proper place,0,0, A
2,53.84615384615385,"['get thread, needle, button to be sewn', 'Put button in proper place']","['get some thread', 'Pull through other end']",Pull through other end,1,0, A
0,0.0,[],"['Drive to fabric store', 'Get shirt']",Drive to fabric store,0,0, A
1,19.230769230769237,['Drive to fabric store'],"['Get thread', 'tie a knot at the end of the string']",Get thread,0,0, A
2,23.07692307692308,"['Drive to fabric store', 'Get thread']","['Find button that matches others.', 'tug to make sure it is secure']",Find button that matches others.,0,0, A
3,26.923076923076923,"['Drive to fabric store', 'Get thread', 'Find button that matches others.']","['Pull through other side.', 'taking the right button out']",taking the right button out,1,0, A
4,30.76923076923077,"['Drive to fabric store', 'Get thread', 'Find button that matches others.', 'taking the right button out']","['Put supplies away', 'Find placement for new button.']",Find placement for new button.,1,0, A
5,50.0,"['Drive to fabric store', 'Get thread', 'Find button that matches others.', 'taking the right button out', 'Find placement for new button.']","['Push needle through the button hole into the fabric', 'Get needle and thread']",Push needle through the button hole into the fabric,0,0, A
6,53.84615384615385,"['Drive to fabric store', 'Get thread', 'Find button that matches others.', 'taking the right button out', 'Find placement for new button.', 'Push needle through the button hole into the fabric']","['Get item that needs a button', 'Run needle and thread through button hole and fabric hole']",Run needle and thread through button hole and fabric hole,1,0, A
7,61.53846153846154,"['Drive to fabric store', 'Get thread', 'Find button that matches others.', 'taking the right button out', 'Find placement for new button.', 'Push needle through the button hole into the fabric', 'Run needle and thread through button hole and fabric hole']","['take needle bring up through the back of the item', 'Cut thread']",take needle bring up through the back of the item,0,0, A
8,80.76923076923077,"['Drive to fabric store', 'Get thread', 'Find button that matches others.', 'taking the right button out', 'Find placement for new button.', 'Push needle through the button hole into the fabric', 'Run needle and thread through button hole and fabric hole', 'take needle bring up through the back of the item']","['Thread the needle', 'Tie off the thread']",Tie off the thread,1,0, A
9,88.46153846153845,"['Drive to fabric store', 'Get thread', 'Find button that matches others.', 'taking the right button out', 'Find placement for new button.', 'Push needle through the button hole into the fabric', 'Run needle and thread through button hole and fabric hole', 'take needle bring up through the back of the item', 'Tie off the thread']","['Put the needle and thread away', 'grab a needle and string']",Put the needle and thread away,0,0, A
0,0.0,[],"['Grab the fabric and button', 'Repeat 4 or 5 times']",Grab the fabric and button,0,0, A
1,26.923076923076923,['Grab the fabric and button'],"['grab object the button is being sewed', 'Pull needle and thread']",grab object the button is being sewed,0,0, A
2,34.61538461538461,"['Grab the fabric and button', 'grab object the button is being sewed']","['Thread needle', 'Cut the thread near the needle to finish']",Thread needle,0,0, A
3,50.0,"['Grab the fabric and button', 'grab object the button is being sewed', 'Thread needle']","['get thread', 'Insert the needle from the bottom where the button is to be sewn']",Insert the needle from the bottom where the button is to be sewn,1,0, A
4,61.53846153846154,"['Grab the fabric and button', 'grab object the button is being sewed', 'Thread needle', 'Insert the needle from the bottom where the button is to be sewn']","['Push needle through first hole', 'Take the cloth to be sewed']",Push needle through first hole,0,0, A
5,76.92307692307693,"['Grab the fabric and button', 'grab object the button is being sewed', 'Thread needle', 'Insert the needle from the bottom where the button is to be sewn', 'Push needle through first hole']","['repeat 6 more times', 'Put an end of the thread through the eye of the needle']",repeat 6 more times,0,0, A
6,84.61538461538461,"['Grab the fabric and button', 'grab object the button is being sewed', 'Thread needle', 'Insert the needle from the bottom where the button is to be sewn', 'Push needle through first hole', 'repeat 6 more times']","['Find sewing kit.', 'Snip excess thread off']",Snip excess thread off,1,0, A
0,0.0,[],"['Get out sewing kit', 'Tie ends.']",Get out sewing kit,0,0, A
1,11.538461538461538,['Get out sewing kit'],"[""pass needle and thread back through another of the button's needle holes"", 'Get a needle']",Get a needle,1,0, A
2,34.61538461538461,"['Get out sewing kit', 'Get a needle']","['Thread needle', 'Continue repeating pushing up and pushing thread back down']",Thread needle,0,0, A
3,38.46153846153847,"['Get out sewing kit', 'Get a needle', 'Thread needle']","['Tie knot on needle.', 'Make a knot']",Tie knot on needle.,0,0, A
4,61.53846153846154,"['Get out sewing kit', 'Get a needle', 'Thread needle', 'Tie knot on needle.']","['Push needle through hole', 'Get clothing']",Push needle through hole,0,0, A
5,76.92307692307693,"['Get out sewing kit', 'Get a needle', 'Thread needle', 'Tie knot on needle.', 'Push needle through hole']","['Get a needle and thread.', 'repeat 6 more times']",repeat 6 more times,1,0, A
6,80.76923076923077,"['Get out sewing kit', 'Get a needle', 'Thread needle', 'Tie knot on needle.', 'Push needle through hole', 'repeat 6 more times']","['Tie of thread on inside', 'Get needle']",Tie of thread on inside,0,0, A
7,84.61538461538461,"['Get out sewing kit', 'Get a needle', 'Thread needle', 'Tie knot on needle.', 'Push needle through hole', 'repeat 6 more times', 'Tie of thread on inside']","['cut thread from button', 'Thread needle.']",cut thread from button,0,0, A
8,88.46153846153845,"['Get out sewing kit', 'Get a needle', 'Thread needle', 'Tie knot on needle.', 'Push needle through hole', 'repeat 6 more times', 'Tie of thread on inside', 'cut thread from button']","['Prepare needle and thread.', 'Put supplies away']",Put supplies away,1,0, A
9,92.3076923076923,"['Get out sewing kit', 'Get a needle', 'Thread needle', 'Tie knot on needle.', 'Push needle through hole', 'repeat 6 more times', 'Tie of thread on inside', 'cut thread from button', 'Put supplies away']","['MAKE SURE BUTTON IS SECURE', 'getting out thread']",MAKE SURE BUTTON IS SECURE,0,0, A
0,0.0,[],"['Sew button.', 'Take out sewing kit']",Take out sewing kit,1,0, A
1,11.538461538461538,['Take out sewing kit'],"['Continue until button is secure', 'Find needle']",Find needle,1,0, A
2,19.230769230769237,"['Take out sewing kit', 'Find needle']","['sew button into fabric making sure stitches are secure', 'Get out thread']",Get out thread,1,0, A
3,30.76923076923077,"['Take out sewing kit', 'Find needle', 'Get out thread']","['Pull needle and thread', 'Place button where it is to be sewed']",Place button where it is to be sewed,1,0, A
4,61.53846153846154,"['Take out sewing kit', 'Find needle', 'Get out thread', 'Place button where it is to be sewed']","['Take needle from sewing kit', 'Sew button onto fabric through the first hole']",Sew button onto fabric through the first hole,1,0, A
5,76.92307692307693,"['Take out sewing kit', 'Find needle', 'Get out thread', 'Place button where it is to be sewed', 'Sew button onto fabric through the first hole']","['tie knot at end of thread', 'Repeat for all holes to reinforce']",Repeat for all holes to reinforce,1,0, A
0,0.0,[],"['Get sewing basket', 'Repeat through each button hole']",Get sewing basket,0,0, A
1,19.230769230769237,['Get sewing basket'],"['Get thread', 'Cross over to perpendicular hole, push needle back through']",Get thread,0,0, A
2,34.61538461538461,"['Get sewing basket', 'Get thread']","['Thread needle.', 'Keep sewing until the button is secure.']",Thread needle.,0,0, A
3,42.30769230769231,"['Get sewing basket', 'Get thread', 'Thread needle.']","['Get needle', 'Cut away old strings']",Cut away old strings,1,0, A
4,46.15384615384615,"['Get sewing basket', 'Get thread', 'Thread needle.', 'Cut away old strings']","['Start to sew the button onto the fabric.', 'Get sewing basket']",Start to sew the button onto the fabric.,0,0, A
5,61.53846153846154,"['Get sewing basket', 'Get thread', 'Thread needle.', 'Cut away old strings', 'Start to sew the button onto the fabric.']","['Choose thread color', 'Put needle into one button hole through shirt.']",Put needle into one button hole through shirt.,1,0, A
6,76.92307692307693,"['Get sewing basket', 'Get thread', 'Thread needle.', 'Cut away old strings', 'Start to sew the button onto the fabric.', 'Put needle into one button hole through shirt.']","['Line the button back into place', 'Repeat this until the button is secure']",Repeat this until the button is secure,1,0, A
0,0.0,[],"['Drive to fabric store', 'Bring the needle up through another hole on button.']",Drive to fabric store,0,0, A
1,19.230769230769237,['Drive to fabric store'],"['cut loose thread', 'getting out thread']",getting out thread,1,0, A
2,30.76923076923077,"['Drive to fabric store', 'getting out thread']","['Bring the needle up through another hole on button.', 'Hold button to material.']",Hold button to material.,1,0, A
3,46.15384615384615,"['Drive to fabric store', 'getting out thread', 'Hold button to material.']","['ATTACH BUTTON USING NEEDLE AND THREAD', 'Check the button']",ATTACH BUTTON USING NEEDLE AND THREAD,0,0, A
4,53.84615384615385,"['Drive to fabric store', 'getting out thread', 'Hold button to material.', 'ATTACH BUTTON USING NEEDLE AND THREAD']","['Take out sewing kit.', 'Place needle through button eyelets.']",Place needle through button eyelets.,1,0, A
0,0.0,[],"['Cut the excess thread', 'Take out sewing kit.']",Take out sewing kit.,1,0, A
1,19.230769230769237,['Take out sewing kit.'],"['Poke needle through opposite hole', 'get some thread']",get some thread,1,0, A
2,34.61538461538461,"['Take out sewing kit.', 'get some thread']","['Grab the fabric and button', 'Thread needle']",Thread needle,1,0, A
3,61.53846153846154,"['Take out sewing kit.', 'get some thread', 'Thread needle']","['Pull the needle until thread is completely on the other side of shirt', 'cut remaining thread away']",Pull the needle until thread is completely on the other side of shirt,0,0, A
4,76.92307692307693,"['Take out sewing kit.', 'get some thread', 'Thread needle', 'Pull the needle until thread is completely on the other side of shirt']","['Tie knot in other end of thread', ""Repeat until it's stable""]",Repeat until it's stable,1,0, A
0,0.0,[],"['Get supplies - shirt, new button, thread, needle', 'Use scissors to cut thread']","Get supplies - shirt, new button, thread, needle",0,0, A
1,7.6923076923076925,"['Get supplies - shirt, new button, thread, needle']","['Prepare needle and thread.', 'Poke a hole in the fabric']",Prepare needle and thread.,0,0, A
2,30.76923076923077,"['Get supplies - shirt, new button, thread, needle', 'Prepare needle and thread.']","['attach button to shirt', 'Make a knot in fabric with thread behind the button']",attach button to shirt,0,0, A
3,46.15384615384615,"['Get supplies - shirt, new button, thread, needle', 'Prepare needle and thread.', 'attach button to shirt']","['Find button that matches others.', 'Insert needle through button and into fabric where the button belongs.']",Insert needle through button and into fabric where the button belongs.,1,0, A
4,80.76923076923077,"['Get supplies - shirt, new button, thread, needle', 'Prepare needle and thread.', 'attach button to shirt', 'Insert needle through button and into fabric where the button belongs.']","['Make knot between thread and clothing.', 'get needle']",Make knot between thread and clothing.,0,0, A
0,0.0,[],"['Drive to fabric store', 'slide thread through hole']",Drive to fabric store,0,0, A
1,19.230769230769237,['Drive to fabric store'],"['Put needle in other button hole.', 'Choose thread to sew button on with.']",Choose thread to sew button on with.,1,0, A
2,26.923076923076923,"['Drive to fabric store', 'Choose thread to sew button on with.']","['Find a piece of clothing.', 'Cut the thread near the needle to finish']",Find a piece of clothing.,0,0, A
3,30.76923076923077,"['Drive to fabric store', 'Choose thread to sew button on with.', 'Find a piece of clothing.']","['Place button on desired spot on shirt.', 'tie a knot at the end of the string']",Place button on desired spot on shirt.,0,0, A
4,34.61538461538461,"['Drive to fabric store', 'Choose thread to sew button on with.', 'Find a piece of clothing.', 'Place button on desired spot on shirt.']","['slide thread through hole', 'Tie of thread on inside']",slide thread through hole,0,0, A
5,88.46153846153845,"['Drive to fabric store', 'Choose thread to sew button on with.', 'Find a piece of clothing.', 'Place button on desired spot on shirt.', 'slide thread through hole']","['Place button onto item of clothing', 'Clean up.']",Clean up.,1,0, A
6,92.3076923076923,"['Drive to fabric store', 'Choose thread to sew button on with.', 'Find a piece of clothing.', 'Place button on desired spot on shirt.', 'slide thread through hole', 'Clean up.']","['Check the button', 'get needle']",Check the button,0,0, A
0,0.0,[],"['Drive to fabric store', 'Insert the thread through the button']",Drive to fabric store,0,0, A
1,19.230769230769237,['Drive to fabric store'],"['Pull out a length of thread.', 'put back all the materials']",Pull out a length of thread.,0,0, A
2,23.07692307692308,"['Drive to fabric store', 'Pull out a length of thread.']","['Push the needle through the garment into the button', 'Get proper button']",Get proper button,1,0, A
3,38.46153846153847,"['Drive to fabric store', 'Pull out a length of thread.', 'Get proper button']","['Tie a knot a the end of the thread', 'Then push needle through material']",Tie a knot a the end of the thread,0,0, A
4,42.30769230769231,"['Drive to fabric store', 'Pull out a length of thread.', 'Get proper button', 'Tie a knot a the end of the thread']","['Cut about 16 inches worth of thread.', 'Get a sewing needle.']",Cut about 16 inches worth of thread.,0,0, A
5,46.15384615384615,"['Drive to fabric store', 'Pull out a length of thread.', 'Get proper button', 'Tie a knot a the end of the thread', 'Cut about 16 inches worth of thread.']","['Get your button', 'Thread button onto clothing']",Thread button onto clothing,1,0, A
6,53.84615384615385,"['Drive to fabric store', 'Pull out a length of thread.', 'Get proper button', 'Tie a knot a the end of the thread', 'Cut about 16 inches worth of thread.', 'Thread button onto clothing']","['repeat the same way', 'Get a button to match']",repeat the same way,0,0, A
7,61.53846153846154,"['Drive to fabric store', 'Pull out a length of thread.', 'Get proper button', 'Tie a knot a the end of the thread', 'Cut about 16 inches worth of thread.', 'Thread button onto clothing', 'repeat the same way']","['Select thread', 'Starting from the bottom, poke needle through hole in button']","Starting from the bottom, poke needle through hole in button",1,0, A
8,65.38461538461539,"['Drive to fabric store', 'Pull out a length of thread.', 'Get proper button', 'Tie a knot a the end of the thread', 'Cut about 16 inches worth of thread.', 'Thread button onto clothing', 'repeat the same way', 'Starting from the bottom, poke needle through hole in button']","['Tie knot at end of thread.', 'Slide button onto needle and thread.']",Slide button onto needle and thread.,1,0, A
9,76.92307692307693,"['Drive to fabric store', 'Pull out a length of thread.', 'Get proper button', 'Tie a knot a the end of the thread', 'Cut about 16 inches worth of thread.', 'Thread button onto clothing', 'repeat the same way', 'Starting from the bottom, poke needle through hole in button', 'Slide button onto needle and thread.']","['repeat 5-8 several times until button is secure', 'Tie knot in thread']",repeat 5-8 several times until button is secure,0,0, A
10,80.76923076923077,"['Drive to fabric store', 'Pull out a length of thread.', 'Get proper button', 'Tie a knot a the end of the thread', 'Cut about 16 inches worth of thread.', 'Thread button onto clothing', 'repeat the same way', 'Starting from the bottom, poke needle through hole in button', 'Slide button onto needle and thread.', 'repeat 5-8 several times until button is secure']","['knot thread', 'When button is securely in place tie knot in thread at back of garment']",When button is securely in place tie knot in thread at back of garment,1,0, A
11,84.61538461538461,"['Drive to fabric store', 'Pull out a length of thread.', 'Get proper button', 'Tie a knot a the end of the thread', 'Cut about 16 inches worth of thread.', 'Thread button onto clothing', 'repeat the same way', 'Starting from the bottom, poke needle through hole in button', 'Slide button onto needle and thread.', 'repeat 5-8 several times until button is secure', 'When button is securely in place tie knot in thread at back of garment']","['Cut loose ends', 'Thread needle.']",Cut loose ends,0,0, A
12,88.46153846153845,"['Drive to fabric store', 'Pull out a length of thread.', 'Get proper button', 'Tie a knot a the end of the thread', 'Cut about 16 inches worth of thread.', 'Thread button onto clothing', 'repeat the same way', 'Starting from the bottom, poke needle through hole in button', 'Slide button onto needle and thread.', 'repeat 5-8 several times until button is secure', 'When button is securely in place tie knot in thread at back of garment', 'Cut loose ends']","['find the needle', 'Put needle and thread back in drawer']",Put needle and thread back in drawer,1,0, A
0,0.0,[],"['get sewing kit', 'Make a knot']",get sewing kit,0,0, A
1,34.61538461538461,['get sewing kit'],"['Place needle through clothing.', 'Put thread through needle hole']",Put thread through needle hole,1,0, A
2,50.0,"['get sewing kit', 'Put thread through needle hole']","['Poke a hole in the fabric', 'get thread']",Poke a hole in the fabric,0,0, A
3,80.76923076923077,"['get sewing kit', 'Put thread through needle hole', 'Poke a hole in the fabric']","['Place button on clothing', 'tie off the thread']",tie off the thread,1,0, A
4,84.61538461538461,"['get sewing kit', 'Put thread through needle hole', 'Poke a hole in the fabric', 'tie off the thread']","['Cut the thread.', 'Tie knot in thread']",Cut the thread.,0,0, A
5,88.46153846153845,"['get sewing kit', 'Put thread through needle hole', 'Poke a hole in the fabric', 'tie off the thread', 'Cut the thread.']","['Place button where you want it.', 'PUT NEEDLE AND THREAD AWAY']",PUT NEEDLE AND THREAD AWAY,1,0, A
0,0.0,[],"['Drive to fabric store', 'Put the needle thorough the back of the button hole.']",Drive to fabric store,0,0, A
1,19.230769230769237,['Drive to fabric store'],"['Tie off your thread.', 'Get the thread']",Get the thread,1,0, A
2,30.76923076923077,"['Drive to fabric store', 'Get the thread']","['Place button where you want it.', 'Repeat for all holes to reinforce']",Place button where you want it.,0,0, A
3,53.84615384615385,"['Drive to fabric store', 'Get the thread', 'Place button where you want it.']","['Sew needle through other holes in an X formation', 'Get scissors, needle, button and thread']",Sew needle through other holes in an X formation,0,0, A
4,57.692307692307686,"['Drive to fabric store', 'Get the thread', 'Place button where you want it.', 'Sew needle through other holes in an X formation']","['Check if the button is tight', 'Place needle through clothing.']",Place needle through clothing.,1,0, A
5,76.92307692307693,"['Drive to fabric store', 'Get the thread', 'Place button where you want it.', 'Sew needle through other holes in an X formation', 'Place needle through clothing.']","['Get a replacement button.', 'Repeat until button is secure']",Repeat until button is secure,1,0, A
0,0.0,[],"['Get button, thread, needle and scissors', 'thread the needle']","Get button, thread, needle and scissors",0,0, A
1,30.76923076923077,"['Get button, thread, needle and scissors']","['Put button on shirt', 'Cut off end from needle']",Put button on shirt,0,0, A
2,34.61538461538461,"['Get button, thread, needle and scissors', 'Put button on shirt']","['Tie the thread round in between the garment and button', 'thread the needle']",thread the needle,1,0, A
3,42.30769230769231,"['Get button, thread, needle and scissors', 'Put button on shirt', 'thread the needle']","['Cut length of thread', 'put back all the materials']",Cut length of thread,0,0, A
4,46.15384615384615,"['Get button, thread, needle and scissors', 'Put button on shirt', 'thread the needle', 'Cut length of thread']","['Get some thread.', 'Start to sew.']",Start to sew.,1,0, A
5,80.76923076923077,"['Get button, thread, needle and scissors', 'Put button on shirt', 'thread the needle', 'Cut length of thread', 'Start to sew.']","['knot thread', 'Get sewing basket']",knot thread,0,0, A
0,0.0,[],"['Cut thread close to knot.', 'Drive to fabric store']",Drive to fabric store,1,0, A
1,19.230769230769237,['Drive to fabric store'],"['Get thread', 'Start to sew.']",Get thread,0,0, A
2,34.61538461538461,"['Drive to fabric store', 'Get thread']","['Grab the fabric and button', 'Put thread end through eye of needle']",Put thread end through eye of needle,1,0, A
3,50.0,"['Drive to fabric store', 'Get thread', 'Put thread end through eye of needle']","['Stick the needle through', 'Get out needle, thread, button, and clothing item.']",Stick the needle through,0,0, A
4,53.84615384615385,"['Drive to fabric store', 'Get thread', 'Put thread end through eye of needle', 'Stick the needle through']","['Place needle through button eyelets.', 'Find a button']",Place needle through button eyelets.,0,0, A
0,0.0,[],"['Get sewing kit', 'sew onto fabric securely']",Get sewing kit,0,0, A
1,19.230769230769237,['Get sewing kit'],"['Pick thread to use', 'Sew button.']",Pick thread to use,0,0, A
2,30.76923076923077,"['Get sewing kit', 'Pick thread to use']","['Check new button', 'attach button']",attach button,1,0, A
3,46.15384615384615,"['Get sewing kit', 'Pick thread to use', 'attach button']","['Apply button by driving needle through button', 'Grab the fabric and button']",Apply button by driving needle through button,0,0, A
0,0.0,[],"['Tie the thread in a knot to secure it', 'Get button, thread, needle and scissors']","Get button, thread, needle and scissors",1,0, A
1,7.6923076923076925,"['Get button, thread, needle and scissors']","['Tie thread to needle', 'gather needle and thread']",gather needle and thread,1,0, A
2,26.923076923076923,"['Get button, thread, needle and scissors', 'gather needle and thread']","['Tie knot in thread', 'grab object the button is being sewed']",grab object the button is being sewed,1,0, A
3,34.61538461538461,"['Get button, thread, needle and scissors', 'gather needle and thread', 'grab object the button is being sewed']","['cut the thread', 'Thread needle']",Thread needle,1,0, A
4,50.0,"['Get button, thread, needle and scissors', 'gather needle and thread', 'grab object the button is being sewed', 'Thread needle']","['Select needle', 'Starting on inside of garment, push through with needle.']","Starting on inside of garment, push through with needle.",1,0, A
5,65.38461538461539,"['Get button, thread, needle and scissors', 'gather needle and thread', 'grab object the button is being sewed', 'Thread needle', 'Starting on inside of garment, push through with needle.']","['Thread the needle', 'Sew button through second hole']",Sew button through second hole,1,0, A
6,76.92307692307693,"['Get button, thread, needle and scissors', 'gather needle and thread', 'grab object the button is being sewed', 'Thread needle', 'Starting on inside of garment, push through with needle.', 'Sew button through second hole']","['Get button', 'Keep threading until the button is firmly attached']",Keep threading until the button is firmly attached,1,0, A
7,80.76923076923077,"['Get button, thread, needle and scissors', 'gather needle and thread', 'grab object the button is being sewed', 'Thread needle', 'Starting on inside of garment, push through with needle.', 'Sew button through second hole', 'Keep threading until the button is firmly attached']","['Tie off thread', 'Grab the fabric and button']",Tie off thread,0,0, A
8,88.46153846153845,"['Get button, thread, needle and scissors', 'gather needle and thread', 'grab object the button is being sewed', 'Thread needle', 'Starting on inside of garment, push through with needle.', 'Sew button through second hole', 'Keep threading until the button is firmly attached', 'Tie off thread']","['Put supplies away', 'get thread']",Put supplies away,0,0, A
0,0.0,[],"['Place button where desired', 'Get out sewing kit.']",Get out sewing kit.,1,0, A
1,19.230769230769237,['Get out sewing kit.'],"['cut remaining thread away', 'Choose thread to sew button on with.']",Choose thread to sew button on with.,1,0, A
2,34.61538461538461,"['Get out sewing kit.', 'Choose thread to sew button on with.']","['Sew button through fourth and final hole', 'Thread needle.']",Thread needle.,1,0, A
3,42.30769230769231,"['Get out sewing kit.', 'Choose thread to sew button on with.', 'Thread needle.']","['get thread and needle', 'Cut away any loose threads.']",Cut away any loose threads.,1,0, A
4,46.15384615384615,"['Get out sewing kit.', 'Choose thread to sew button on with.', 'Thread needle.', 'Cut away any loose threads.']","['Stitch the button on', 'Find a matching button']",Stitch the button on,0,0, A
5,61.53846153846154,"['Get out sewing kit.', 'Choose thread to sew button on with.', 'Thread needle.', 'Cut away any loose threads.', 'Stitch the button on']","['Get clothing', 'Push needle through first hole']",Push needle through first hole,1,0, A
6,76.92307692307693,"['Get out sewing kit.', 'Choose thread to sew button on with.', 'Thread needle.', 'Cut away any loose threads.', 'Stitch the button on', 'Push needle through first hole']","['Thread a needle.', 'Do this several times until the button is secure']",Do this several times until the button is secure,1,0, A
7,80.76923076923077,"['Get out sewing kit.', 'Choose thread to sew button on with.', 'Thread needle.', 'Cut away any loose threads.', 'Stitch the button on', 'Push needle through first hole', 'Do this several times until the button is secure']","['Tie knot in other end of thread', 'Make a knot in fabric with thread behind the button']",Make a knot in fabric with thread behind the button,1,0, A
8,84.61538461538461,"['Get out sewing kit.', 'Choose thread to sew button on with.', 'Thread needle.', 'Cut away any loose threads.', 'Stitch the button on', 'Push needle through first hole', 'Do this several times until the button is secure', 'Make a knot in fabric with thread behind the button']","[""Insert the thread into the eye of the needle and tie a knot so it's attached."", 'Cut the needle off of the thread.']",Cut the needle off of the thread.,1,0, A
0,0.0,[],"['Get sewing kit', 'use the string to make it stay in place']",Get sewing kit,0,0, A
1,23.07692307692308,['Get sewing kit'],"['Find button replacement', 'Then push needle through material']",Find button replacement,0,0, A
2,26.923076923076923,"['Get sewing kit', 'Find button replacement']","['Thread one hole with the needle', 'Place item on flat surface']",Place item on flat surface,1,0, A
3,30.76923076923077,"['Get sewing kit', 'Find button replacement', 'Place item on flat surface']","['Place button where desired', 'Wrap the thread']",Place button where desired,0,0, A
4,50.0,"['Get sewing kit', 'Find button replacement', 'Place item on flat surface', 'Place button where desired']","['Push needle through the button holes', 'Put everything away.']",Push needle through the button holes,0,0, A
5,61.53846153846154,"['Get sewing kit', 'Find button replacement', 'Place item on flat surface', 'Place button where desired', 'Push needle through the button holes']","['grab a needle', 'push the needle through the button']",push the needle through the button,1,0, A
6,65.38461538461539,"['Get sewing kit', 'Find button replacement', 'Place item on flat surface', 'Place button where desired', 'Push needle through the button holes', 'push the needle through the button']","['pull needle through to knot', 'Place new button where I want it to go']",pull needle through to knot,0,0, A
7,69.23076923076923,"['Get sewing kit', 'Find button replacement', 'Place item on flat surface', 'Place button where desired', 'Push needle through the button holes', 'push the needle through the button', 'pull needle through to knot']","['put needle into adjoining hole', 'Find right color string']",put needle into adjoining hole,0,0, A
0,0.0,[],"['Put all the items away', 'Drive to fabric store']",Drive to fabric store,1,0, A
1,19.230769230769237,['Drive to fabric store'],"['Repeat the inserting as above for about 10 times', 'gathering thread']",gathering thread,1,0, A
2,26.923076923076923,"['Drive to fabric store', 'gathering thread']","['Repeat 5 times with other two button holes', 'Take the cloth to be sewed']",Take the cloth to be sewed,1,0, A
3,34.61538461538461,"['Drive to fabric store', 'gathering thread', 'Take the cloth to be sewed']","['Pull needle and thread', 'Thread needle']",Thread needle,1,0, A
4,46.15384615384615,"['Drive to fabric store', 'gathering thread', 'Take the cloth to be sewed', 'Thread needle']","['Get the button', 'Sew button into place']",Sew button into place,1,0, A
5,84.61538461538461,"['Drive to fabric store', 'gathering thread', 'Take the cloth to be sewed', 'Thread needle', 'Sew button into place']","['Cut away any extra string', 'Get the button.']",Cut away any extra string,0,0, A
6,88.46153846153845,"['Drive to fabric store', 'gathering thread', 'Take the cloth to be sewed', 'Thread needle', 'Sew button into place', 'Cut away any extra string']","['Put needle away', 'Find thread']",Put needle away,0,0, A
0,0.0,[],"['Get scissors, needle, button and thread', 'Tie the thread round in between the garment and button']","Get scissors, needle, button and thread",0,0, A
1,26.923076923076923,"['Get scissors, needle, button and thread']","['Push needle through first hole', 'Get item that needs button sewing on']",Get item that needs button sewing on,1,0, A
2,34.61538461538461,"['Get scissors, needle, button and thread', 'Get item that needs button sewing on']","['thread needle with thread', 'Cut loose ends.']",thread needle with thread,0,0, A
3,50.0,"['Get scissors, needle, button and thread', 'Get item that needs button sewing on', 'thread needle with thread']","['Insert the needle from the bottom where the button is to be sewn', 'cut the thread']",Insert the needle from the bottom where the button is to be sewn,0,0, A
4,65.38461538461539,"['Get scissors, needle, button and thread', 'Get item that needs button sewing on', 'thread needle with thread', 'Insert the needle from the bottom where the button is to be sewn']","['Get your button', 'Push needle through other hole of button and through clothes']",Push needle through other hole of button and through clothes,1,0, A
5,76.92307692307693,"['Get scissors, needle, button and thread', 'Get item that needs button sewing on', 'thread needle with thread', 'Insert the needle from the bottom where the button is to be sewn', 'Push needle through other hole of button and through clothes']","['Repeat until sewed on.', 'Get out sewing kit']",Repeat until sewed on.,0,0, A
6,84.61538461538461,"['Get scissors, needle, button and thread', 'Get item that needs button sewing on', 'thread needle with thread', 'Insert the needle from the bottom where the button is to be sewn', 'Push needle through other hole of button and through clothes', 'Repeat until sewed on.']","['Place button on desired spot on shirt.', 'Ending again in the back of the garment cut off the thread.']",Ending again in the back of the garment cut off the thread.,1,0, A
0,0.0,[],"['Cut off any loose threads with a scissors.', 'Get your sewing kit']",Get your sewing kit,1,0, A
1,11.538461538461538,['Get your sewing kit'],"['Tie off the thread', 'getting out needle']",getting out needle,1,0, A
2,19.230769230769237,"['Get your sewing kit', 'getting out needle']","['Cut thread', 'Find thread']",Find thread,1,0, A
3,34.61538461538461,"['Get your sewing kit', 'getting out needle', 'Find thread']","['Thread a needle with thread that matches shirt that needs a new button.', 'cut thread from button']",Thread a needle with thread that matches shirt that needs a new button.,0,0, A
4,46.15384615384615,"['Get your sewing kit', 'getting out needle', 'Find thread', 'Thread a needle with thread that matches shirt that needs a new button.']","['Sew the button on the cloth using the needle', 'Find thread that matches button color.']",Sew the button on the cloth using the needle,0,0, A
5,84.61538461538461,"['Get your sewing kit', 'getting out needle', 'Find thread', 'Thread a needle with thread that matches shirt that needs a new button.', 'Sew the button on the cloth using the needle']","['Cut off end from needle', 'Position needle with thread']",Cut off end from needle,0,0, A
6,88.46153846153845,"['Get your sewing kit', 'getting out needle', 'Find thread', 'Thread a needle with thread that matches shirt that needs a new button.', 'Sew the button on the cloth using the needle', 'Cut off end from needle']","['put the supplies away', 'pull the needle through']",put the supplies away,0,0, A
7,92.3076923076923,"['Get your sewing kit', 'getting out needle', 'Find thread', 'Thread a needle with thread that matches shirt that needs a new button.', 'Sew the button on the cloth using the needle', 'Cut off end from needle', 'put the supplies away']","['Find a button', 'MAKE SURE BUTTON IS SECURE']",MAKE SURE BUTTON IS SECURE,1,0, A
0,0.0,[],"['pull thread forward', 'Get out needle, thread, button, and clothing item.']","Get out needle, thread, button, and clothing item.",1,0, A
1,30.76923076923077,"['Get out needle, thread, button, and clothing item.']","['cut thread', 'place botton where you want it']",place botton where you want it,1,0, A
2,46.15384615384615,"['Get out needle, thread, button, and clothing item.', 'place botton where you want it']","['Sew button', 'Get needle']",Sew button,0,0, A
3,84.61538461538461,"['Get out needle, thread, button, and clothing item.', 'place botton where you want it', 'Sew button']","['Cut thread', 'attach button to shirt']",Cut thread,0,0, A
0,0.0,[],"['Find sewing kit', 'Tie off thread']",Find sewing kit,0,0, A
1,7.6923076923076925,['Find sewing kit'],"['Cut the thread near the needle to finish', 'Grab a needle and thread']",Grab a needle and thread,1,0, A
2,19.230769230769237,"['Find sewing kit', 'Grab a needle and thread']","['put needle with thread into clothes', 'Find thread']",Find thread,1,0, A
3,34.61538461538461,"['Find sewing kit', 'Grab a needle and thread', 'Find thread']","['Make a knot in fabric with thread behind the button', 'threading the needle']",threading the needle,1,0, A
4,50.0,"['Find sewing kit', 'Grab a needle and thread', 'Find thread', 'threading the needle']","['put the needle into the fabric', 'getting out thread']",put the needle into the fabric,0,0, A
5,76.92307692307693,"['Find sewing kit', 'Grab a needle and thread', 'Find thread', 'threading the needle', 'put the needle into the fabric']","['Find placement for new button.', 'Continue until button is secure']",Continue until button is secure,1,0, A
0,0.0,[],"['Stick the needle through', 'Drive to fabric store']",Drive to fabric store,1,0, A
1,19.230769230769237,['Drive to fabric store'],"['Put the needle and thread away', 'Get thread.']",Get thread.,1,0, A
2,26.923076923076923,"['Drive to fabric store', 'Get thread.']","['Take out sewing kit.', 'Take shirt']",Take shirt,1,0, A
3,34.61538461538461,"['Drive to fabric store', 'Get thread.', 'Take shirt']","['thread needle', 'Hold button in place']",thread needle,0,0, A
4,38.46153846153847,"['Drive to fabric store', 'Get thread.', 'Take shirt', 'thread needle']","['cut thread from button', 'Tie knot at end of thread.']",Tie knot at end of thread.,1,0, A
5,50.0,"['Drive to fabric store', 'Get thread.', 'Take shirt', 'thread needle', 'Tie knot at end of thread.']","['Find some thread and needle', 'Starting on inside of garment, push through with needle.']","Starting on inside of garment, push through with needle.",1,0, A
6,65.38461538461539,"['Drive to fabric store', 'Get thread.', 'Take shirt', 'thread needle', 'Tie knot at end of thread.', 'Starting on inside of garment, push through with needle.']","['get item to be sewn', 'Pull needle out other side.']",Pull needle out other side.,1,0, A
7,76.92307692307693,"['Drive to fabric store', 'Get thread.', 'Take shirt', 'thread needle', 'Tie knot at end of thread.', 'Starting on inside of garment, push through with needle.', 'Pull needle out other side.']","['Take out sewing kit', 'repeat until button is secure']",repeat until button is secure,1,0, A
8,80.76923076923077,"['Drive to fabric store', 'Get thread.', 'Take shirt', 'thread needle', 'Tie knot at end of thread.', 'Starting on inside of garment, push through with needle.', 'Pull needle out other side.', 'repeat until button is secure']","['Tie the thread round in between the garment and button', 'Find a button that matches the others on your garment']",Tie the thread round in between the garment and button,0,0, A
9,84.61538461538461,"['Drive to fabric store', 'Get thread.', 'Take shirt', 'thread needle', 'Tie knot at end of thread.', 'Starting on inside of garment, push through with needle.', 'Pull needle out other side.', 'repeat until button is secure', 'Tie the thread round in between the garment and button']","['cut the thread', 'Insert needle through first side of button (step 3)']",cut the thread,0,0, A
10,88.46153846153845,"['Drive to fabric store', 'Get thread.', 'Take shirt', 'thread needle', 'Tie knot at end of thread.', 'Starting on inside of garment, push through with needle.', 'Pull needle out other side.', 'repeat until button is secure', 'Tie the thread round in between the garment and button', 'cut the thread']","['Line the button up in the place where the old one would have been', 'Put needle and thread back in drawer']",Put needle and thread back in drawer,1,0, A
11,92.3076923076923,"['Drive to fabric store', 'Get thread.', 'Take shirt', 'thread needle', 'Tie knot at end of thread.', 'Starting on inside of garment, push through with needle.', 'Pull needle out other side.', 'repeat until button is secure', 'Tie the thread round in between the garment and button', 'cut the thread', 'Put needle and thread back in drawer']","['Thread needle', 'Check if the button is tight']",Check if the button is tight,1,0, A
0,0.0,[],"['Do this several times until the button is secure', 'Get supplies - shirt, new button, thread, needle']","Get supplies - shirt, new button, thread, needle",1,0, A
1,7.6923076923076925,"['Get supplies - shirt, new button, thread, needle']","['Get thread and needle', 'Push needle through first hole']",Get thread and needle,0,0, A
2,30.76923076923077,"['Get supplies - shirt, new button, thread, needle', 'Get thread and needle']","['Pass the needle through the second button hole', 'Put button in proper place']",Put button in proper place,1,0, A
3,61.53846153846154,"['Get supplies - shirt, new button, thread, needle', 'Get thread and needle', 'Put button in proper place']","['take needle bring up through the back of the item', 'Find thread that matches']",take needle bring up through the back of the item,0,0, A
4,65.38461538461539,"['Get supplies - shirt, new button, thread, needle', 'Get thread and needle', 'Put button in proper place', 'take needle bring up through the back of the item']","['Pull needle and thread', 'Hook thread through needle']",Pull needle and thread,0,0, A
5,76.92307692307693,"['Get supplies - shirt, new button, thread, needle', 'Get thread and needle', 'Put button in proper place', 'take needle bring up through the back of the item', 'Pull needle and thread']","['Repeat procedure until button is secure', 'gather needle']",Repeat procedure until button is secure,0,0, A
6,84.61538461538461,"['Get supplies - shirt, new button, thread, needle', 'Get thread and needle', 'Put button in proper place', 'take needle bring up through the back of the item', 'Pull needle and thread', 'Repeat procedure until button is secure']","['measure and cut length of thread', 'cut the thread']",cut the thread,1,0, A
7,88.46153846153845,"['Get supplies - shirt, new button, thread, needle', 'Get thread and needle', 'Put button in proper place', 'take needle bring up through the back of the item', 'Pull needle and thread', 'Repeat procedure until button is secure', 'cut the thread']","['Put button in the right area', 'Clean up.']",Clean up.,1,0, A
8,92.3076923076923,"['Get supplies - shirt, new button, thread, needle', 'Get thread and needle', 'Put button in proper place', 'take needle bring up through the back of the item', 'Pull needle and thread', 'Repeat procedure until button is secure', 'cut the thread', 'Clean up.']","['Check the button', 'putting the button on the fabric']",Check the button,0,0, A
0,0.0,[],"['Thread needle', 'Grab the fabric and button']",Grab the fabric and button,1,0, A
1,26.923076923076923,['Grab the fabric and button'],"['Place item on flat surface', 'Cut off end from needle']",Place item on flat surface,0,0, A
2,34.61538461538461,"['Grab the fabric and button', 'Place item on flat surface']","['THREAD THE THREAD ONTO THE NEEDLE', 'repeat until button is secure']",THREAD THE THREAD ONTO THE NEEDLE,0,0, A
3,42.30769230769231,"['Grab the fabric and button', 'Place item on flat surface', 'THREAD THE THREAD ONTO THE NEEDLE']","['Get some thread', 'Cut away old strings']",Cut away old strings,1,0, A
4,61.53846153846154,"['Grab the fabric and button', 'Place item on flat surface', 'THREAD THE THREAD ONTO THE NEEDLE', 'Cut away old strings']","['Get your sewing kit', 'Pass the needle through one of the button holes']",Pass the needle through one of the button holes,1,0, A
5,80.76923076923077,"['Grab the fabric and button', 'Place item on flat surface', 'THREAD THE THREAD ONTO THE NEEDLE', 'Cut away old strings', 'Pass the needle through one of the button holes']","['knot thread', 'Thread the needle.']",knot thread,0,0, A
0,0.0,[],"['Place button on fabric and hold with thumb and index finger', 'Drive to fabric store']",Drive to fabric store,1,0, A
1,19.230769230769237,['Drive to fabric store'],"['Keep sewing until the button is secure.', 'Purchase thread']",Purchase thread,1,0, A
2,26.923076923076923,"['Drive to fabric store', 'Purchase thread']","['Get your sewing kit', 'Get the item of clothing the button is to go on']",Get the item of clothing the button is to go on,1,0, A
3,30.76923076923077,"['Drive to fabric store', 'Purchase thread', 'Get the item of clothing the button is to go on']","['Place button where you want it to go', 'Tie off knot with thread.']",Place button where you want it to go,0,0, A
4,42.30769230769231,"['Drive to fabric store', 'Purchase thread', 'Get the item of clothing the button is to go on', 'Place button where you want it to go']","['gathering thread', 'Cut excess thread']",Cut excess thread,1,0, A
5,46.15384615384615,"['Drive to fabric store', 'Purchase thread', 'Get the item of clothing the button is to go on', 'Place button where you want it to go', 'Cut excess thread']","['Find a button', 'sew onto fabric securely']",sew onto fabric securely,1,0, A
6,76.92307692307693,"['Drive to fabric store', 'Purchase thread', 'Get the item of clothing the button is to go on', 'Place button where you want it to go', 'Cut excess thread', 'sew onto fabric securely']","['Take a needle', 'Repeat']",Repeat,1,0, A
7,84.61538461538461,"['Drive to fabric store', 'Purchase thread', 'Get the item of clothing the button is to go on', 'Place button where you want it to go', 'Cut excess thread', 'sew onto fabric securely', 'Repeat']","['cut the thread', 'Cut a length of thread more than double what you will need']",cut the thread,0,0, A
8,88.46153846153845,"['Drive to fabric store', 'Purchase thread', 'Get the item of clothing the button is to go on', 'Place button where you want it to go', 'Cut excess thread', 'sew onto fabric securely', 'Repeat', 'cut the thread']","['Put needle away', 'Put the button in the correct spot.']",Put needle away,0,0, A
9,92.3076923076923,"['Drive to fabric store', 'Purchase thread', 'Get the item of clothing the button is to go on', 'Place button where you want it to go', 'Cut excess thread', 'sew onto fabric securely', 'Repeat', 'cut the thread', 'Put needle away']","['Put thread in it', 'Check new button']",Check new button,1,0, A
0,0.0,[],"['Get button, thread, needle and scissors', 'Put needle and thread through shirt']","Get button, thread, needle and scissors",0,0, A
1,26.923076923076923,"['Get button, thread, needle and scissors']","['Repeat for all holes to reinforce', 'Pick up shirt missing button.']",Pick up shirt missing button.,1,0, A
2,50.0,"['Get button, thread, needle and scissors', 'Pick up shirt missing button.']","['Pick a needle', 'put the needle into the fabric']",put the needle into the fabric,1,0, A
3,61.53846153846154,"['Get button, thread, needle and scissors', 'Pick up shirt missing button.', 'put the needle into the fabric']","['Pick a needle', 'Pull thread through']",Pull thread through,1,0, A
4,76.92307692307693,"['Get button, thread, needle and scissors', 'Pick up shirt missing button.', 'put the needle into the fabric', 'Pull thread through']","['Push through other holes', 'find the button']",Push through other holes,0,0, A
0,0.0,[],"['Pull it back out the other hole', 'Drive to fabric store']",Drive to fabric store,1,0, A
1,19.230769230769237,['Drive to fabric store'],"['Keep sewing until the button is secure.', ""Pull a thread of a matching color through the needle's eye""]",Pull a thread of a matching color through the needle's eye,1,0, A
2,23.07692307692308,"['Drive to fabric store', ""Pull a thread of a matching color through the needle's eye""]","['Find a button', 'Sew on']",Find a button,0,0, A
3,38.46153846153847,"['Drive to fabric store', ""Pull a thread of a matching color through the needle's eye"", 'Find a button']","['Tie knot at end of thread.', 'Tie the thread round in between the garment and button']",Tie knot at end of thread.,0,0, A
4,46.15384615384615,"['Drive to fabric store', ""Pull a thread of a matching color through the needle's eye"", 'Find a button', 'Tie knot at end of thread.']","['gathering thread', 'Sew the button onto the garment by passing the needle through all 4 button holes.']",Sew the button onto the garment by passing the needle through all 4 button holes.,1,0, A
5,50.0,"['Drive to fabric store', ""Pull a thread of a matching color through the needle's eye"", 'Find a button', 'Tie knot at end of thread.', 'Sew the button onto the garment by passing the needle through all 4 button holes.']","['Put thread through needle.', 'Snip excess thread off']",Put thread through needle.,0,0, A
6,80.76923076923077,"['Drive to fabric store', ""Pull a thread of a matching color through the needle's eye"", 'Find a button', 'Tie knot at end of thread.', 'Sew the button onto the garment by passing the needle through all 4 button holes.', 'Put thread through needle.']","['Tie off finishing knot', 'Find thread']",Tie off finishing knot,0,0, A
0,0.0,[],"['Stitch the button on', 'get sewing kit']",get sewing kit,1,0, A
1,11.538461538461538,['get sewing kit'],"['Hold button in place', 'Get needle']",Get needle,1,0, A
2,34.61538461538461,"['get sewing kit', 'Get needle']","['Put an end of the thread through the eye of the needle', 'Push needle under material to next hole']",Put an end of the thread through the eye of the needle,0,0, A
3,38.46153846153847,"['get sewing kit', 'Get needle', 'Put an end of the thread through the eye of the needle']","['Find a needle and thread', 'Tie knot in other end of thread']",Tie knot in other end of thread,1,0, A
4,46.15384615384615,"['get sewing kit', 'Get needle', 'Put an end of the thread through the eye of the needle', 'Tie knot in other end of thread']","['get sewing kit', 'Sew the button through the button holes onto the shirt']",Sew the button through the button holes onto the shirt,1,0, A
5,76.92307692307693,"['get sewing kit', 'Get needle', 'Put an end of the thread through the eye of the needle', 'Tie knot in other end of thread', 'Sew the button through the button holes onto the shirt']","['Continue to loop the needle and thread through the button holes.', 'Get proper button']",Continue to loop the needle and thread through the button holes.,0,0, A
6,84.61538461538461,"['get sewing kit', 'Get needle', 'Put an end of the thread through the eye of the needle', 'Tie knot in other end of thread', 'Sew the button through the button holes onto the shirt', 'Continue to loop the needle and thread through the button holes.']","['Place new button where I want it to go', 'Ending again in the back of the garment cut off the thread.']",Ending again in the back of the garment cut off the thread.,1,0, A
7,88.46153846153845,"['get sewing kit', 'Get needle', 'Put an end of the thread through the eye of the needle', 'Tie knot in other end of thread', 'Sew the button through the button holes onto the shirt', 'Continue to loop the needle and thread through the button holes.', 'Ending again in the back of the garment cut off the thread.']","['Put all the items away', 'Get needle']",Put all the items away,0,0, A
8,92.3076923076923,"['get sewing kit', 'Get needle', 'Put an end of the thread through the eye of the needle', 'Tie knot in other end of thread', 'Sew the button through the button holes onto the shirt', 'Continue to loop the needle and thread through the button holes.', 'Ending again in the back of the garment cut off the thread.', 'Put all the items away']","['Get your button', 'Check new button']",Check new button,1,0, A
0,0.0,[],"['line new button up with corresponding button hole', 'Drive to fabric store']",Drive to fabric store,1,0, A
1,19.230769230769237,['Drive to fabric store'],"['Place needle through button eyelets.', 'Find thread color to match button or item requiring the button']",Find thread color to match button or item requiring the button,1,0, A
2,23.07692307692308,"['Drive to fabric store', 'Find thread color to match button or item requiring the button']","['get button', 'put needle into adjoining hole']",get button,0,0, A
3,26.923076923076923,"['Drive to fabric store', 'Find thread color to match button or item requiring the button', 'get button']","['Grab the fabric and button', 'carefully cut off old button if exists']",carefully cut off old button if exists,1,0, A
4,34.61538461538461,"['Drive to fabric store', 'Find thread color to match button or item requiring the button', 'get button', 'carefully cut off old button if exists']","['threading the needle', 'pull needle through to knot']",threading the needle,0,0, A
5,46.15384615384615,"['Drive to fabric store', 'Find thread color to match button or item requiring the button', 'get button', 'carefully cut off old button if exists', 'threading the needle']","['Put needle and thread through holes', 'Find a button']",Put needle and thread through holes,0,0, A
6,80.76923076923077,"['Drive to fabric store', 'Find thread color to match button or item requiring the button', 'get button', 'carefully cut off old button if exists', 'threading the needle', 'Put needle and thread through holes']","['Choose button that I like', 'Tie of thread on inside']",Tie of thread on inside,1,0, A
0,0.0,[],"['grab object the button is being sewed', 'Get out sewing kit.']",Get out sewing kit.,1,0, A
1,11.538461538461538,['Get out sewing kit.'],"['Cut off any excess thread.', 'Get needle']",Get needle,1,0, A
2,34.61538461538461,"['Get out sewing kit.', 'Get needle']","['Thread needle.', 'knot thread']",Thread needle.,0,0, A
3,61.53846153846154,"['Get out sewing kit.', 'Get needle', 'Thread needle.']","['Put needle into one button hole through shirt.', 'put needle and thread away']",Put needle into one button hole through shirt.,0,0, A
4,65.38461538461539,"['Get out sewing kit.', 'Get needle', 'Thread needle.', 'Put needle into one button hole through shirt.']","['attach string to needle', 'Bring the needle up through another hole on button.']",Bring the needle up through another hole on button.,1,0, A
5,69.23076923076923,"['Get out sewing kit.', 'Get needle', 'Thread needle.', 'Put needle into one button hole through shirt.', 'Bring the needle up through another hole on button.']","['Place the thread inside the needle', 'Push needle under material to next hole']",Push needle under material to next hole,1,0, A
0,0.0,[],"['Thread sewing needle with chosen thread.', 'Drive to fabric store']",Drive to fabric store,1,0, A
1,19.230769230769237,['Drive to fabric store'],"['Continue repeating pushing up and pushing thread back down', 'Get thread']",Get thread,1,0, A
2,30.76923076923077,"['Drive to fabric store', 'Get thread']","['Put button on shirt', 'Pull through']",Put button on shirt,0,0, A
3,42.30769230769231,"['Drive to fabric store', 'Get thread', 'Put button on shirt']","['Cut away old strings', 'Push through other holes']",Cut away old strings,0,0, A
4,61.53846153846154,"['Drive to fabric store', 'Get thread', 'Put button on shirt', 'Cut away old strings']","['Sew button onto fabric through the first hole', 'Put away needle and thread']",Sew button onto fabric through the first hole,0,0, A
5,76.92307692307693,"['Drive to fabric store', 'Get thread', 'Put button on shirt', 'Cut away old strings', 'Sew button onto fabric through the first hole']","['Repeat step 8 until button is sewn on', 'Find an extra button']",Repeat step 8 until button is sewn on,0,0, A
0,0.0,[],"['Tie the thread at the bottom of the button', 'Get sewing basket']",Get sewing basket,1,0, A
1,19.230769230769237,['Get sewing basket'],"['Sew needle through other holes in an X formation', 'gathering thread']",gathering thread,1,0, A
2,30.76923076923077,"['Get sewing basket', 'gathering thread']","['Put button in proper place', 'cut thread so that need will detach']",Put button in proper place,0,0, A
3,61.53846153846154,"['Get sewing basket', 'gathering thread', 'Put button in proper place']","['getting out needle', 'Put needle into one button hole through shirt.']",Put needle into one button hole through shirt.,1,0, A
4,65.38461538461539,"['Get sewing basket', 'gathering thread', 'Put button in proper place', 'Put needle into one button hole through shirt.']","['Get thread', 'Pull needle out other side.']",Pull needle out other side.,1,0, A
5,69.23076923076923,"['Get sewing basket', 'gathering thread', 'Put button in proper place', 'Put needle into one button hole through shirt.', 'Pull needle out other side.']","['place the button', 'Sew through the diagonal hole of the button and the garment.']",Sew through the diagonal hole of the button and the garment.,1,0, A
6,73.07692307692307,"['Get sewing basket', 'gathering thread', 'Put button in proper place', 'Put needle into one button hole through shirt.', 'Pull needle out other side.', 'Sew through the diagonal hole of the button and the garment.']","['Sew button.', 'Continue sewing in an X pattern until the button is secure.']",Continue sewing in an X pattern until the button is secure.,1,0, A
0,0.0,[],"['Put the button up to the garment', 'Get out sewing kit']",Get out sewing kit,1,0, A
1,19.230769230769237,['Get out sewing kit'],"['Put away thread and needle', 'gathering thread']",gathering thread,1,0, A
2,23.07692307692308,"['Get out sewing kit', 'gathering thread']","['Snip excess thread off', 'Find similar button']",Find similar button,1,0, A
3,26.923076923076923,"['Get out sewing kit', 'gathering thread', 'Find similar button']","['get sewing kit', 'grab object the button is being sewed']",grab object the button is being sewed,1,0, A
4,30.76923076923077,"['Get out sewing kit', 'gathering thread', 'Find similar button', 'grab object the button is being sewed']","['tie off thread', 'Find placement for new button.']",Find placement for new button.,1,0, A
5,42.30769230769231,"['Get out sewing kit', 'gathering thread', 'Find similar button', 'grab object the button is being sewed', 'Find placement for new button.']","['Get needle and thread', 'Cut away any loose threads.']",Cut away any loose threads.,1,0, A
6,61.53846153846154,"['Get out sewing kit', 'gathering thread', 'Find similar button', 'grab object the button is being sewed', 'Find placement for new button.', 'Cut away any loose threads.']","['break the thread', 'push the needle through the button']",push the needle through the button,1,0, A
7,80.76923076923077,"['Get out sewing kit', 'gathering thread', 'Find similar button', 'grab object the button is being sewed', 'Find placement for new button.', 'Cut away any loose threads.', 'push the needle through the button']","['Wrap the thread', 'Thread the needle']",Wrap the thread,0,0, A
8,88.46153846153845,"['Get out sewing kit', 'gathering thread', 'Find similar button', 'grab object the button is being sewed', 'Find placement for new button.', 'Cut away any loose threads.', 'push the needle through the button', 'Wrap the thread']","['Put away needle and thread', 'Take a needle and required thread']",Put away needle and thread,0,0, A
0,0.0,[],"['Get your sewing kit', 'Place button where you want it.']",Get your sewing kit,0,0, A
1,11.538461538461538,['Get your sewing kit'],"['Get needle.', ""Make sure it's secure""]",Get needle.,0,0, A
2,34.61538461538461,"['Get your sewing kit', 'Get needle.']","['make sure button is secure', 'Put thread in needle']",Put thread in needle,1,0, A
3,38.46153846153847,"['Get your sewing kit', 'Get needle.', 'Put thread in needle']","['Get sewing kit', 'Tie knot in thread']",Tie knot in thread,1,0, A
4,42.30769230769231,"['Get your sewing kit', 'Get needle.', 'Put thread in needle', 'Tie knot in thread']","['Tie thread at end', 'Cut away old strings']",Cut away old strings,1,0, A
5,61.53846153846154,"['Get your sewing kit', 'Get needle.', 'Put thread in needle', 'Tie knot in thread', 'Cut away old strings']","['Get a piece of clothing.', 'take needle bring up through the back of the item']",take needle bring up through the back of the item,1,0, A
6,76.92307692307693,"['Get your sewing kit', 'Get needle.', 'Put thread in needle', 'Tie knot in thread', 'Cut away old strings', 'take needle bring up through the back of the item']","['Repeat for all holes to reinforce', 'Position button on shirt']",Repeat for all holes to reinforce,0,0, A
0,0.0,[],"['Insert the needle from the bottom where the button is to be sewn', 'Take out sewing kit']",Take out sewing kit,1,0, A
1,19.230769230769237,['Take out sewing kit'],"['Put needle and thread back in drawer', 'get thread']",get thread,1,0, A
2,23.07692307692308,"['Take out sewing kit', 'get thread']","['Take button.', 'Repeat procedure until button is secure']",Take button.,0,0, A
3,61.53846153846154,"['Take out sewing kit', 'get thread', 'Take button.']","['break the thread', 'Push needle through hole']",Push needle through hole,1,0, A
4,80.76923076923077,"['Take out sewing kit', 'get thread', 'Take button.', 'Push needle through hole']","['Tie off the thread', 'Thread the needle']",Tie off the thread,0,0, A
0,0.0,[],"['Get out sewing kit', 'Cut loose ends']",Get out sewing kit,0,0, A
1,23.07692307692308,['Get out sewing kit'],"['Repeat to make loop and knot it.', 'Get button']",Get button,1,0, A
2,26.923076923076923,"['Get out sewing kit', 'Get button']","['Get clothing', 'Sew through the diagonal hole of the button and the garment.']",Get clothing,0,0, A
3,30.76923076923077,"['Get out sewing kit', 'Get button', 'Get clothing']","['tie a knot in the thread', 'Put button on shirt.']",Put button on shirt.,1,0, A
4,53.84615384615385,"['Get out sewing kit', 'Get button', 'Get clothing', 'Put button on shirt.']","['Continue to push and pull needle through button holes until button is secure', 'Take a needle']",Continue to push and pull needle through button holes until button is secure,0,0, A
5,80.76923076923077,"['Get out sewing kit', 'Get button', 'Get clothing', 'Put button on shirt.', 'Continue to push and pull needle through button holes until button is secure']","['Make a knot in fabric with thread behind the button', 'Find a needle']",Make a knot in fabric with thread behind the button,0,0, A
6,88.46153846153845,"['Get out sewing kit', 'Get button', 'Get clothing', 'Put button on shirt.', 'Continue to push and pull needle through button holes until button is secure', 'Make a knot in fabric with thread behind the button']","['put back all the materials', 'Find some thread']",put back all the materials,0,0, A
0,0.0,[],"['Grab the fabric and button', 'Sew on button']",Grab the fabric and button,0,0, A
1,26.923076923076923,['Grab the fabric and button'],"['Place item on flat surface', 'Cut off any loose threads with a scissors.']",Place item on flat surface,0,0, A
2,34.61538461538461,"['Grab the fabric and button', 'Place item on flat surface']","['Knot thread', 'Thread needle.']",Thread needle.,1,0, A
3,53.84615384615385,"['Grab the fabric and button', 'Place item on flat surface', 'Thread needle.']","['Pull the needle through a hole in the button, then back into the fabric', 'gathering thread']","Pull the needle through a hole in the button, then back into the fabric",0,0, A
4,57.692307692307686,"['Grab the fabric and button', 'Place item on flat surface', 'Thread needle.', 'Pull the needle through a hole in the button, then back into the fabric']","['Pull through', 'Find right color string']",Pull through,0,0, A
5,76.92307692307693,"['Grab the fabric and button', 'Place item on flat surface', 'Thread needle.', 'Pull the needle through a hole in the button, then back into the fabric', 'Pull through']","['Get clothes', 'Repeat step 8 until button is sewn on']",Repeat step 8 until button is sewn on,1,0, A
6,84.61538461538461,"['Grab the fabric and button', 'Place item on flat surface', 'Thread needle.', 'Pull the needle through a hole in the button, then back into the fabric', 'Pull through', 'Repeat step 8 until button is sewn on']","['Poke hole with needle through button hole and fabric', 'cut the thread']",cut the thread,1,0, A
7,88.46153846153845,"['Grab the fabric and button', 'Place item on flat surface', 'Thread needle.', 'Pull the needle through a hole in the button, then back into the fabric', 'Pull through', 'Repeat step 8 until button is sewn on', 'cut the thread']","['Put needle away', 'Start sewing going into the back of the garment.']",Put needle away,0,0, A
0,0.0,[],"['Drive to fabric store', 'Tie the end with a knot.']",Drive to fabric store,0,0, A
1,19.230769230769237,['Drive to fabric store'],"[""Pull a thread of a matching color through the needle's eye"", 'Put the needle thorough the back of the button hole.']",Pull a thread of a matching color through the needle's eye,0,0, A
2,30.76923076923077,"['Drive to fabric store', ""Pull a thread of a matching color through the needle's eye""]","['Get your sewing kit', 'Position button on shirt']",Position button on shirt,1,0, A
3,34.61538461538461,"['Drive to fabric store', ""Pull a thread of a matching color through the needle's eye"", 'Position button on shirt']","['Hook thread through needle', 'Place needle through clothing.']",Hook thread through needle,0,0, A
4,50.0,"['Drive to fabric store', ""Pull a thread of a matching color through the needle's eye"", 'Position button on shirt', 'Hook thread through needle']","['Cut thread', 'put the needle into the fabric']",put the needle into the fabric,1,0, A
5,76.92307692307693,"['Drive to fabric store', ""Pull a thread of a matching color through the needle's eye"", 'Position button on shirt', 'Hook thread through needle', 'put the needle into the fabric']","['Repeat steps 4 through 6 about 30 times', 'Align the button on the correct place on the cloth']",Repeat steps 4 through 6 about 30 times,0,0, A
6,84.61538461538461,"['Drive to fabric store', ""Pull a thread of a matching color through the needle's eye"", 'Position button on shirt', 'Hook thread through needle', 'put the needle into the fabric', 'Repeat steps 4 through 6 about 30 times']","['Cut length of thread', 'Cut off end from needle']",Cut off end from needle,1,0, A
0,0.0,[],"['Push the needle through the fabric', 'Get your sewing kit']",Get your sewing kit,1,0, A
1,7.6923076923076925,['Get your sewing kit'],"['Get thread and needle', 'Sew the button in place with the needle and thread']",Get thread and needle,0,0, A
2,34.61538461538461,"['Get your sewing kit', 'Get thread and needle']","['MAKE SURE BUTTON IS SECURE', 'Thread needle']",Thread needle,1,0, A
3,46.15384615384615,"['Get your sewing kit', 'Get thread and needle', 'Thread needle']","['Get needle', 'Push the needle through the garment into the button']",Push the needle through the garment into the button,1,0, A
4,50.0,"['Get your sewing kit', 'Get thread and needle', 'Thread needle', 'Push the needle through the garment into the button']","['Clean up.', 'put the needle into the fabric']",put the needle into the fabric,1,0, A
5,53.84615384615385,"['Get your sewing kit', 'Get thread and needle', 'Thread needle', 'Push the needle through the garment into the button', 'put the needle into the fabric']","['Crisscross on the button', 'Purchase buttons']",Crisscross on the button,0,0, A
0,0.0,[],"['Get scissors, needle, button and thread', 'Push needle through button and fabric.']","Get scissors, needle, button and thread",0,0, A
1,30.76923076923077,"['Get scissors, needle, button and thread']","['Place button on item', 'Pull through other side.']",Place button on item,0,0, A
2,46.15384615384615,"['Get scissors, needle, button and thread', 'Place button on item']","['Get needle', 'make few passes']",make few passes,1,0, A
3,53.84615384615385,"['Get scissors, needle, button and thread', 'Place button on item', 'make few passes']","['With other hand, push needle through button hole', 'locate needle and thread']","With other hand, push needle through button hole",0,0, A
0,0.0,[],"['Drive to fabric store', 'Tie knot in end of thread']",Drive to fabric store,0,0, A
1,19.230769230769237,['Drive to fabric store'],"['cut thread from button', 'Get thread']",Get thread,1,0, A
2,34.61538461538461,"['Drive to fabric store', 'Get thread']","['Put one end of thread through the eye of the needle.', 'Get scissors, needle, button and thread']",Put one end of thread through the eye of the needle.,0,0, A
3,50.0,"['Drive to fabric store', 'Get thread', 'Put one end of thread through the eye of the needle.']","['Put needle through button and shirt', 'Get a thread and a needle']",Put needle through button and shirt,0,0, A
4,76.92307692307693,"['Drive to fabric store', 'Get thread', 'Put one end of thread through the eye of the needle.', 'Put needle through button and shirt']","['Repeat for all holes to reinforce', 'Put button in the right area']",Repeat for all holes to reinforce,0,0, A
0,0.0,[],"['tie knot on thread', 'Find sewing kit']",Find sewing kit,1,0, A
1,34.61538461538461,['Find sewing kit'],"['Cut off excess thread', 'thread the needle']",thread the needle,1,0, A
2,50.0,"['Find sewing kit', 'thread the needle']","['Get needle and thread', 'Stick the needle through']",Stick the needle through,1,0, A
3,53.84615384615385,"['Find sewing kit', 'thread the needle', 'Stick the needle through']","['Choose a button.', 'Sew needle through other holes in an X formation']",Sew needle through other holes in an X formation,1,0, A
4,61.53846153846154,"['Find sewing kit', 'thread the needle', 'Stick the needle through', 'Sew needle through other holes in an X formation']","['Pass the needle through one of the button holes', 'Get a thread and a needle']",Pass the needle through one of the button holes,0,0, A
5,80.76923076923077,"['Find sewing kit', 'thread the needle', 'Stick the needle through', 'Sew needle through other holes in an X formation', 'Pass the needle through one of the button holes']","['Tie the thread round in between the garment and button', 'Put the button in the correct spot.']",Tie the thread round in between the garment and button,0,0, A
6,88.46153846153845,"['Find sewing kit', 'thread the needle', 'Stick the needle through', 'Sew needle through other holes in an X formation', 'Pass the needle through one of the button holes', 'Tie the thread round in between the garment and button']","['pull the needle through', 'Clean up.']",Clean up.,1,0, A
7,92.3076923076923,"['Find sewing kit', 'thread the needle', 'Stick the needle through', 'Sew needle through other holes in an X formation', 'Pass the needle through one of the button holes', 'Tie the thread round in between the garment and button', 'Clean up.']","['Select thread', 'MAKE SURE BUTTON IS SECURE']",MAKE SURE BUTTON IS SECURE,1,0, A
0,0.0,[],"[""Make sure it's secure"", 'Drive to fabric store']",Drive to fabric store,1,0, A
1,19.230769230769237,['Drive to fabric store'],"['get some thread', 'Repeat several times until button is attached solidly to the fabric.']",get some thread,0,0, A
2,26.923076923076923,"['Drive to fabric store', 'get some thread']","['find shirt with missing button', 'Insert needle through first side of button (step 3)']",find shirt with missing button,0,0, A
3,34.61538461538461,"['Drive to fabric store', 'get some thread', 'find shirt with missing button']","['Drive to fabric store', 'Place the thread through the needle']",Place the thread through the needle,1,0, A
4,46.15384615384615,"['Drive to fabric store', 'get some thread', 'find shirt with missing button', 'Place the thread through the needle']","['Check if the button is tight', 'Use needle and thread to sew button']",Use needle and thread to sew button,1,0, A
5,80.76923076923077,"['Drive to fabric store', 'get some thread', 'find shirt with missing button', 'Place the thread through the needle', 'Use needle and thread to sew button']","[""TIE A KNOT IN THE END OF THE THREAD SO THE BUTTON DOESN'T COME OFF"", 'Stick the head through the needle eye']",TIE A KNOT IN THE END OF THE THREAD SO THE BUTTON DOESN'T COME OFF,0,0, A
6,88.46153846153845,"['Drive to fabric store', 'get some thread', 'find shirt with missing button', 'Place the thread through the needle', 'Use needle and thread to sew button', ""TIE A KNOT IN THE END OF THE THREAD SO THE BUTTON DOESN'T COME OFF""]","['Place button where you want it to go', 'Put needle and thread back in drawer']",Put needle and thread back in drawer,1,0, A
0,0.0,[],"['Drive to fabric store', 'When button is securely in place tie knot in thread at back of garment']",Drive to fabric store,0,0, A
1,19.230769230769237,['Drive to fabric store'],"['Get some thread', 'Cut off excess thread']",Get some thread,0,0, A
2,34.61538461538461,"['Drive to fabric store', 'Get some thread']","['Cut off end from needle', 'Put thread through needle hole']",Put thread through needle hole,1,0, A
3,38.46153846153847,"['Drive to fabric store', 'Get some thread', 'Put thread through needle hole']","['when done tie the end properly', 'Tie knot at end of thread.']",Tie knot at end of thread.,1,0, A
4,61.53846153846154,"['Drive to fabric store', 'Get some thread', 'Put thread through needle hole', 'Tie knot at end of thread.']","['Put needle into one button hole through shirt.', 'Take out needle.']",Put needle into one button hole through shirt.,0,0, A
5,65.38461538461539,"['Drive to fabric store', 'Get some thread', 'Put thread through needle hole', 'Tie knot at end of thread.', 'Put needle into one button hole through shirt.']","['grab a needle and string', 'Pull needle out other side.']",Pull needle out other side.,1,0, A
6,69.23076923076923,"['Drive to fabric store', 'Get some thread', 'Put thread through needle hole', 'Tie knot at end of thread.', 'Put needle into one button hole through shirt.', 'Pull needle out other side.']","['Hold button in place', 'find the needle']",Hold button in place,0,0, A
7,73.07692307692307,"['Drive to fabric store', 'Get some thread', 'Put thread through needle hole', 'Tie knot at end of thread.', 'Put needle into one button hole through shirt.', 'Pull needle out other side.', 'Hold button in place']","['Get needle and thread', 'Get back the needle through the fourth button hole']",Get back the needle through the fourth button hole,1,0, A
8,80.76923076923077,"['Drive to fabric store', 'Get some thread', 'Put thread through needle hole', 'Tie knot at end of thread.', 'Put needle into one button hole through shirt.', 'Pull needle out other side.', 'Hold button in place', 'Get back the needle through the fourth button hole']","['tie a knot in the thread', 'Grab the garment that you would like to sew the button to.']",tie a knot in the thread,0,0, A
9,88.46153846153845,"['Drive to fabric store', 'Get some thread', 'Put thread through needle hole', 'Tie knot at end of thread.', 'Put needle into one button hole through shirt.', 'Pull needle out other side.', 'Hold button in place', 'Get back the needle through the fourth button hole', 'tie a knot in the thread']","['Remove the old button', 'Put everything away.']",Put everything away.,1,0, A
0,0.0,[],"['Find sewing kit.', 'Continue repeating pushing up and pushing thread back down']",Find sewing kit.,0,0, A
1,19.230769230769237,['Find sewing kit.'],"['Get thread.', 'tying a knot with thread']",Get thread.,0,0, A
2,30.76923076923077,"['Find sewing kit.', 'Get thread.']","['Mark on clothing where button is to go', 'Insert needle through first side of button (step 3)']",Mark on clothing where button is to go,0,0, A
3,61.53846153846154,"['Find sewing kit.', 'Get thread.', 'Mark on clothing where button is to go']","['locate needle and thread', 'Starting from the bottom, poke needle through hole in button']","Starting from the bottom, poke needle through hole in button",1,0, A
4,76.92307692307693,"['Find sewing kit.', 'Get thread.', 'Mark on clothing where button is to go', 'Starting from the bottom, poke needle through hole in button']","['repeat 6 more times', 'Find a needle']",repeat 6 more times,0,0, A
5,84.61538461538461,"['Find sewing kit.', 'Get thread.', 'Mark on clothing where button is to go', 'Starting from the bottom, poke needle through hole in button', 'repeat 6 more times']","['Pull thread through', 'Cut the thread near the needle to finish']",Cut the thread near the needle to finish,1,0, A
0,0.0,[],"['Drive to fabric store', 'Tie off thread']",Drive to fabric store,0,0, A
1,19.230769230769237,['Drive to fabric store'],"['Cut off remaining thread', 'Get thread']",Get thread,1,0, A
2,30.76923076923077,"['Drive to fabric store', 'Get thread']","['Do this through all holes of button', 'Hold button in place on clothing.']",Hold button in place on clothing.,1,0, A
3,34.61538461538461,"['Drive to fabric store', 'Get thread', 'Hold button in place on clothing.']","['repeat', 'Thread needle']",Thread needle,1,0, A
4,50.0,"['Drive to fabric store', 'Get thread', 'Hold button in place on clothing.', 'Thread needle']","['Grab thread and needle', 'insert needle through cloth']",insert needle through cloth,1,0, A
5,61.53846153846154,"['Drive to fabric store', 'Get thread', 'Hold button in place on clothing.', 'Thread needle', 'insert needle through cloth']","['PUT NEEDLE AND THREAD AWAY', 'Pull the needle until thread is completely on the other side of shirt']",Pull the needle until thread is completely on the other side of shirt,1,0, A
6,80.76923076923077,"['Drive to fabric store', 'Get thread', 'Hold button in place on clothing.', 'Thread needle', 'insert needle through cloth', 'Pull the needle until thread is completely on the other side of shirt']","['Place the button in the right spot', 'knot thread']",knot thread,1,0, A
7,88.46153846153845,"['Drive to fabric store', 'Get thread', 'Hold button in place on clothing.', 'Thread needle', 'insert needle through cloth', 'Pull the needle until thread is completely on the other side of shirt', 'knot thread']","['Put needle away', 'Pick thread to use']",Put needle away,0,0, A
8,92.3076923076923,"['Drive to fabric store', 'Get thread', 'Hold button in place on clothing.', 'Thread needle', 'insert needle through cloth', 'Pull the needle until thread is completely on the other side of shirt', 'knot thread', 'Put needle away']","['MAKE SURE BUTTON IS SECURE', 'Get the thread']",MAKE SURE BUTTON IS SECURE,0,0, A
0,0.0,[],"['Find sewing kit', 'Stitch the button on']",Find sewing kit,0,0, A
1,23.07692307692308,['Find sewing kit'],"['Get button', 'Insert the needle with thread in button hole and shirt']",Get button,0,0, A
2,34.61538461538461,"['Find sewing kit', 'Get button']","['Repeat the inserting as above for about 10 times', 'put thread in needle']",put thread in needle,1,0, A
3,61.53846153846154,"['Find sewing kit', 'Get button', 'put thread in needle']","['Grab thread and needle', 'Starting from the bottom, poke needle through hole in button']","Starting from the bottom, poke needle through hole in button",1,0, A
4,80.76923076923077,"['Find sewing kit', 'Get button', 'put thread in needle', 'Starting from the bottom, poke needle through hole in button']","['Remove thread and needle from kit', 'Tie knot in thread']",Tie knot in thread,1,0, A
5,88.46153846153845,"['Find sewing kit', 'Get button', 'put thread in needle', 'Starting from the bottom, poke needle through hole in button', 'Tie knot in thread']","['Take the cloth to be sewed', 'Put all the items away']",Put all the items away,1,0, A
6,92.3076923076923,"['Find sewing kit', 'Get button', 'put thread in needle', 'Starting from the bottom, poke needle through hole in button', 'Tie knot in thread', 'Put all the items away']","['get thread', 'Check new button']",Check new button,1,0, A
0,0.0,[],"['Get scissors, needle, button and thread', 'tie knot on thread']","Get scissors, needle, button and thread",0,0, A
1,30.76923076923077,"['Get scissors, needle, button and thread']","['putting the button on the fabric', 'repeat steps 4-5 until button is secured to shirt']",putting the button on the fabric,0,0, A
2,61.53846153846154,"['Get scissors, needle, button and thread', 'putting the button on the fabric']","[""Pull a thread of a matching color through the needle's eye"", 'Holding button at appropriate location, press needle through first hole on button.']","Holding button at appropriate location, press needle through first hole on button.",1,0, A
3,80.76923076923077,"['Get scissors, needle, button and thread', 'putting the button on the fabric', 'Holding button at appropriate location, press needle through first hole on button.']","['Tie the end of the string', 'measure and cut length of thread']",Tie the end of the string,0,0, A
4,88.46153846153845,"['Get scissors, needle, button and thread', 'putting the button on the fabric', 'Holding button at appropriate location, press needle through first hole on button.', 'Tie the end of the string']","['Put needle and thread back in drawer', 'Place button onto item of clothing']",Put needle and thread back in drawer,0,0, A
5,92.3076923076923,"['Get scissors, needle, button and thread', 'putting the button on the fabric', 'Holding button at appropriate location, press needle through first hole on button.', 'Tie the end of the string', 'Put needle and thread back in drawer']","['Get clothing', 'MAKE SURE BUTTON IS SECURE']",MAKE SURE BUTTON IS SECURE,1,0, A
0,0.0,[],"['knot thread', 'Get supplies - shirt, new button, thread, needle']","Get supplies - shirt, new button, thread, needle",1,0, A
1,15.384615384615383,"['Get supplies - shirt, new button, thread, needle']","['Find right color string', 'Put the needle and thread away']",Find right color string,0,0, A
2,34.61538461538461,"['Get supplies - shirt, new button, thread, needle', 'Find right color string']","['Thread the needle', 'Tie a knot.']",Thread the needle,0,0, A
3,53.84615384615385,"['Get supplies - shirt, new button, thread, needle', 'Find right color string', 'Thread the needle']","['Select thread of correct color', 'Run needle and thread through button hole and fabric hole']",Run needle and thread through button hole and fabric hole,1,0, A
4,61.53846153846154,"['Get supplies - shirt, new button, thread, needle', 'Find right color string', 'Thread the needle', 'Run needle and thread through button hole and fabric hole']","['Sew button onto fabric through the first hole', 'Get the sewing kit.']",Sew button onto fabric through the first hole,0,0, A
5,80.76923076923077,"['Get supplies - shirt, new button, thread, needle', 'Find right color string', 'Thread the needle', 'Run needle and thread through button hole and fabric hole', 'Sew button onto fabric through the first hole']","['Tie a knot.', 'Find a button']",Tie a knot.,0,0, A
6,88.46153846153845,"['Get supplies - shirt, new button, thread, needle', 'Find right color string', 'Thread the needle', 'Run needle and thread through button hole and fabric hole', 'Sew button onto fabric through the first hole', 'Tie a knot.']","['Take out sewing kit', 'Put away needle and thread']",Put away needle and thread,1,0, A
0,0.0,[],"['Thread the needle', 'Get scissors, needle, button and thread']","Get scissors, needle, button and thread",1,0, A
1,26.923076923076923,"['Get scissors, needle, button and thread']","['Hold shirt with non-dominant hand', 'tie off thread']",Hold shirt with non-dominant hand,0,0, A
2,30.76923076923077,"['Get scissors, needle, button and thread', 'Hold shirt with non-dominant hand']","['Sew through the diagonal hole of the button and the garment.', 'place button where you want it']",place button where you want it,1,0, A
3,42.30769230769231,"['Get scissors, needle, button and thread', 'Hold shirt with non-dominant hand', 'place button where you want it']","['Cut length of thread', 'Make knot between thread and clothing.']",Cut length of thread,0,0, A
4,61.53846153846154,"['Get scissors, needle, button and thread', 'Hold shirt with non-dominant hand', 'place button where you want it', 'Cut length of thread']","['Get a needle and thread.', 'Sew button onto fabric through the first hole']",Sew button onto fabric through the first hole,1,0, A
5,80.76923076923077,"['Get scissors, needle, button and thread', 'Hold shirt with non-dominant hand', 'place button where you want it', 'Cut length of thread', 'Sew button onto fabric through the first hole']","['Tie the thread at the bottom of the button', 'line it up with the hole']",Tie the thread at the bottom of the button,0,0, A
0,0.0,[],"['Cut off excess thread', 'Grab the fabric and button']",Grab the fabric and button,1,0, A
1,26.923076923076923,['Grab the fabric and button'],"['get item to be sewn', 'Snip excess thread off']",get item to be sewn,0,0, A
2,46.15384615384615,"['Grab the fabric and button', 'get item to be sewn']","['Obtain needle and thread', 'Sew the button in place with the needle and thread']",Sew the button in place with the needle and thread,1,0, A
3,76.92307692307693,"['Grab the fabric and button', 'get item to be sewn', 'Sew the button in place with the needle and thread']","[""Repeat until it's stable"", 'Get a thimble']",Repeat until it's stable,0,0, A
0,0.0,[],"['Put the needle thorough the back of the button hole.', 'Get a thimble']",Get a thimble,1,0, A
1,26.923076923076923,['Get a thimble'],"['Take the cloth to be sewed', 'Starting from the bottom, poke needle through hole in button']",Take the cloth to be sewed,0,0, A
2,50.0,"['Get a thimble', 'Take the cloth to be sewed']","['Put needle and thread through shirt', 'cut the thread when finished']",Put needle and thread through shirt,0,0, A
3,65.38461538461539,"['Get a thimble', 'Take the cloth to be sewed', 'Put needle and thread through shirt']","['Insert thread in needle', 'Pass the needle through the second button hole']",Pass the needle through the second button hole,1,0, A
4,76.92307692307693,"['Get a thimble', 'Take the cloth to be sewed', 'Put needle and thread through shirt', 'Pass the needle through the second button hole']","['Continue until the button is on tight', 'Thread a needle']",Continue until the button is on tight,0,0, A
5,84.61538461538461,"['Get a thimble', 'Take the cloth to be sewed', 'Put needle and thread through shirt', 'Pass the needle through the second button hole', 'Continue until the button is on tight']","['Cut the excess thread', 'Place button where it belongs on garment']",Cut the excess thread,0,0, A
0,0.0,[],"['Get out sewing kit.', 'Tie knot in thread']",Get out sewing kit.,0,0, A
1,23.07692307692308,['Get out sewing kit.'],"['Find button', 'Cut thread']",Find button,0,0, A
2,34.61538461538461,"['Get out sewing kit.', 'Find button']","['Put thread through needle hole', 'Get back the needle through the fourth button hole']",Put thread through needle hole,0,0, A
3,61.53846153846154,"['Get out sewing kit.', 'Find button', 'Put thread through needle hole']","['Pull thread through', 'getting out needle']",Pull thread through,0,0, A
4,80.76923076923077,"['Get out sewing kit.', 'Find button', 'Put thread through needle hole', 'Pull thread through']","['Put button in the right area', 'Tie knot.']",Tie knot.,1,0, A
0,0.0,[],"['Drive to fabric store', 'Pull the needle until thread is completely on the other side of shirt']",Drive to fabric store,0,0, A
1,19.230769230769237,['Drive to fabric store'],"['Get the proper colored thread', 'MAKE SURE BUTTON IS SECURE']",Get the proper colored thread,0,0, A
2,34.61538461538461,"['Drive to fabric store', 'Get the proper colored thread']","['Thread needle', 'tying a knot with thread']",Thread needle,0,0, A
3,88.46153846153845,"['Drive to fabric store', 'Get the proper colored thread', 'Thread needle']","['Take out the needle', 'Get sewing kit']",Take out the needle,0,0, A
0,0.0,[],"['Drive to fabric store', 'Thread the needle, double it up and tie a knot at the end']",Drive to fabric store,0,0, A
1,19.230769230769237,['Drive to fabric store'],"['Get thread.', 'push needle to back of the item']",Get thread.,0,0, A
2,23.07692307692308,"['Drive to fabric store', 'Get thread.']","['break the thread', 'Get a button to match']",Get a button to match,1,0, A
3,34.61538461538461,"['Drive to fabric store', 'Get thread.', 'Get a button to match']","['Check new button', 'threading the needle']",threading the needle,1,0, A
4,42.30769230769231,"['Drive to fabric store', 'Get thread.', 'Get a button to match', 'threading the needle']","['Put away needle and thread', 'Cut away old strings']",Cut away old strings,1,0, A
5,46.15384615384615,"['Drive to fabric store', 'Get thread.', 'Get a button to match', 'threading the needle', 'Cut away old strings']","['Move needle in and out of button holes to secure to shirt.', 'Get the button']",Move needle in and out of button holes to secure to shirt.,0,0, A
6,61.53846153846154,"['Drive to fabric store', 'Get thread.', 'Get a button to match', 'threading the needle', 'Cut away old strings', 'Move needle in and out of button holes to secure to shirt.']","['Get a needle', 'Pull the needle until thread is completely on the other side of shirt']",Pull the needle until thread is completely on the other side of shirt,1,0, A
7,80.76923076923077,"['Drive to fabric store', 'Get thread.', 'Get a button to match', 'threading the needle', 'Cut away old strings', 'Move needle in and out of button holes to secure to shirt.', 'Pull the needle until thread is completely on the other side of shirt']","['Get a needle.', 'tying a knot with thread']",tying a knot with thread,1,0, A
8,84.61538461538461,"['Drive to fabric store', 'Get thread.', 'Get a button to match', 'threading the needle', 'Cut away old strings', 'Move needle in and out of button holes to secure to shirt.', 'Pull the needle until thread is completely on the other side of shirt', 'tying a knot with thread']","['gather button', 'Cut.']",Cut.,1,0, A
0,0.0,[],"['Get sewing kit', 'Cross over to perpendicular hole, push needle back through']",Get sewing kit,0,0, A
1,7.6923076923076925,['Get sewing kit'],"['Tie the end with a knot.', 'Remove thread and needle from kit']",Remove thread and needle from kit,1,0, A
2,26.923076923076923,"['Get sewing kit', 'Remove thread and needle from kit']","['Place item on flat surface', 'Run needle and thread through button hole and fabric hole']",Place item on flat surface,0,0, A
3,30.76923076923077,"['Get sewing kit', 'Remove thread and needle from kit', 'Place item on flat surface']","['Continue to loop the needle and thread through the button holes.', 'Align button']",Align button,1,0, A
4,42.30769230769231,"['Get sewing kit', 'Remove thread and needle from kit', 'Place item on flat surface', 'Align button']","['cut the thread', 'Cut thread string to how much is needed']",Cut thread string to how much is needed,1,0, A
5,46.15384615384615,"['Get sewing kit', 'Remove thread and needle from kit', 'Place item on flat surface', 'Align button', 'Cut thread string to how much is needed']","['Put thread through button', 'locate needle and thread']",Put thread through button,0,0, A
6,84.61538461538461,"['Get sewing kit', 'Remove thread and needle from kit', 'Place item on flat surface', 'Align button', 'Cut thread string to how much is needed', 'Put thread through button']","['Get your sewing kit', 'Cut off excess thread']",Cut off excess thread,1,0, A
7,88.46153846153845,"['Get sewing kit', 'Remove thread and needle from kit', 'Place item on flat surface', 'Align button', 'Cut thread string to how much is needed', 'Put thread through button', 'Cut off excess thread']","['Get a thimble', 'Put supplies away']",Put supplies away,1,0, A
0,0.0,[],"['use needle and thread to sew button onto shirt', 'Find sewing kit.']",Find sewing kit.,1,0, A
1,34.61538461538461,['Find sewing kit.'],"['break the thread', 'Thread needle']",Thread needle,1,0, A
2,88.46153846153845,"['Find sewing kit.', 'Thread needle']","['Put the needle and thread away', 'Get needle']",Put the needle and thread away,0,0, A
3,92.3076923076923,"['Find sewing kit.', 'Thread needle', 'Put the needle and thread away']","['Check new button', 'Align button']",Check new button,0,0, A
0,0.0,[],"['Pass the needle through one of the button holes', 'Take out sewing kit.']",Take out sewing kit.,1,0, A
1,11.538461538461538,['Take out sewing kit.'],"['Get needle', 'Pull needle and thread']",Get needle,0,0, A
2,19.230769230769237,"['Take out sewing kit.', 'Get needle']","['Start to sew the button onto the fabric.', 'gathering thread']",gathering thread,1,0, A
3,30.76923076923077,"['Take out sewing kit.', 'Get needle', 'gathering thread']","['Pull needle and thread', 'Place the button in the right spot']",Place the button in the right spot,1,0, A
4,34.61538461538461,"['Take out sewing kit.', 'Get needle', 'gathering thread', 'Place the button in the right spot']","['Repeat step 8 until button is sewn on', 'Thread needle']",Thread needle,1,0, A
5,46.15384615384615,"['Take out sewing kit.', 'Get needle', 'gathering thread', 'Place the button in the right spot', 'Thread needle']","['Get thread', 'Sew on the button.']",Sew on the button.,1,0, A
6,50.0,"['Take out sewing kit.', 'Get needle', 'gathering thread', 'Place the button in the right spot', 'Thread needle', 'Sew on the button.']","['Cut excess thread', 'Insert the thread through the button']",Insert the thread through the button,1,0, A
7,76.92307692307693,"['Take out sewing kit.', 'Get needle', 'gathering thread', 'Place the button in the right spot', 'Thread needle', 'Sew on the button.', 'Insert the thread through the button']","['Repeat procedure until button is secure', 'THREAD THE THREAD ONTO THE NEEDLE']",Repeat procedure until button is secure,0,0, A
8,84.61538461538461,"['Take out sewing kit.', 'Get needle', 'gathering thread', 'Place the button in the right spot', 'Thread needle', 'Sew on the button.', 'Insert the thread through the button', 'Repeat procedure until button is secure']","['Cut off remaining thread', 'tie knot at end of thread']",Cut off remaining thread,0,0, A
9,88.46153846153845,"['Take out sewing kit.', 'Get needle', 'gathering thread', 'Place the button in the right spot', 'Thread needle', 'Sew on the button.', 'Insert the thread through the button', 'Repeat procedure until button is secure', 'Cut off remaining thread']","['Get button', 'Put supplies away']",Put supplies away,1,0, A
0,0.0,[],"['Drive to fabric store', 'Put everything away.']",Drive to fabric store,0,0, A
1,19.230769230769237,['Drive to fabric store'],"['Find thread that matches button color.', 'Pull needle and thread']",Find thread that matches button color.,0,0, A
2,23.07692307692308,"['Drive to fabric store', 'Find thread that matches button color.']","['Find a button', 'Put needle and thread through holes']",Find a button,0,0, A
3,50.0,"['Drive to fabric store', 'Find thread that matches button color.', 'Find a button']","['Get thread', 'Push needle through back of clothes and through hole of button']",Push needle through back of clothes and through hole of button,1,0, A
4,76.92307692307693,"['Drive to fabric store', 'Find thread that matches button color.', 'Find a button', 'Push needle through back of clothes and through hole of button']","['repeat until button is secure', 'Look through sewing kit for a button that matches clothing.']",repeat until button is secure,0,0, A
5,84.61538461538461,"['Drive to fabric store', 'Find thread that matches button color.', 'Find a button', 'Push needle through back of clothes and through hole of button', 'repeat until button is secure']","['Find a button to sew.', 'Cut the needle off of the thread.']",Cut the needle off of the thread.,1,0, A
0,0.0,[],"['Make a knot in fabric with thread behind the button', 'Take out sewing kit']",Take out sewing kit,1,0, A
1,11.538461538461538,['Take out sewing kit'],"['Tie the thread so the button will not come loose', 'Get needle.']",Get needle.,1,0, A
2,23.07692307692308,"['Take out sewing kit', 'Get needle.']","['cut the thread', 'Find a suitable button']",Find a suitable button,1,0, A
3,50.0,"['Take out sewing kit', 'Get needle.', 'Find a suitable button']","['Get a needle.', 'Poke a hole in the fabric']",Poke a hole in the fabric,1,0, A
4,61.53846153846154,"['Take out sewing kit', 'Get needle.', 'Find a suitable button', 'Poke a hole in the fabric']","[""Pull a thread of a matching color through the needle's eye"", 'Thread one hole with the needle']",Thread one hole with the needle,1,0, A
5,65.38461538461539,"['Take out sewing kit', 'Get needle.', 'Find a suitable button', 'Poke a hole in the fabric', 'Thread one hole with the needle']","['Then push needle through material', 'get needle']",Then push needle through material,0,0, A
6,76.92307692307693,"['Take out sewing kit', 'Get needle.', 'Find a suitable button', 'Poke a hole in the fabric', 'Thread one hole with the needle', 'Then push needle through material']","['Find a needle', 'repeat 5-8 several times until button is secure']",repeat 5-8 several times until button is secure,1,0, A
7,80.76923076923077,"['Take out sewing kit', 'Get needle.', 'Find a suitable button', 'Poke a hole in the fabric', 'Thread one hole with the needle', 'Then push needle through material', 'repeat 5-8 several times until button is secure']","['Repeat to make loop and knot it.', 'grab a needle and string']",Repeat to make loop and knot it.,0,0, A
0,0.0,[],"['Drive to fabric store', 'thread the needle']",Drive to fabric store,0,0, A
1,19.230769230769237,['Drive to fabric store'],"['Move needle down to hole opposite first hole', 'Get the proper colored thread']",Get the proper colored thread,1,0, A
2,26.923076923076923,"['Drive to fabric store', 'Get the proper colored thread']","['Get the item of clothing the button is to go on', 'Push needle under material to next hole']",Get the item of clothing the button is to go on,0,0, A
3,46.15384615384615,"['Drive to fabric store', 'Get the proper colored thread', 'Get the item of clothing the button is to go on']","['With needle and thread push needle through cloth and through button hole', 'Find thread that matches']",With needle and thread push needle through cloth and through button hole,0,0, A
4,53.84615384615385,"['Drive to fabric store', 'Get the proper colored thread', 'Get the item of clothing the button is to go on', 'With needle and thread push needle through cloth and through button hole']","['Insert the needle into the button hole', 'Pick up shirt missing button.']",Insert the needle into the button hole,0,0, A
5,61.53846153846154,"['Drive to fabric store', 'Get the proper colored thread', 'Get the item of clothing the button is to go on', 'With needle and thread push needle through cloth and through button hole', 'Insert the needle into the button hole']","['Pull thread through', 'put back all the materials']",Pull thread through,0,0, A
6,80.76923076923077,"['Drive to fabric store', 'Get the proper colored thread', 'Get the item of clothing the button is to go on', 'With needle and thread push needle through cloth and through button hole', 'Insert the needle into the button hole', 'Pull thread through']","['Find some thread and needle', 'when done tie the end properly']",when done tie the end properly,1,0, A
7,84.61538461538461,"['Drive to fabric store', 'Get the proper colored thread', 'Get the item of clothing the button is to go on', 'With needle and thread push needle through cloth and through button hole', 'Insert the needle into the button hole', 'Pull thread through', 'when done tie the end properly']","['attach button to shirt', 'Cut thread']",Cut thread,1,0, A
0,0.0,[],"['Continue until the button is on tight', 'Drive to fabric store']",Drive to fabric store,1,0, A
1,19.230769230769237,['Drive to fabric store'],"['Get the thread', 'Sew button into place']",Get the thread,0,0, A
2,23.07692307692308,"['Drive to fabric store', 'Get the thread']","['Take button.', 'put needle into adjoining hole']",Take button.,0,0, A
3,61.53846153846154,"['Drive to fabric store', 'Get the thread', 'Take button.']","['Put away needle and thread', 'Push needle through hole']",Push needle through hole,1,0, A
4,65.38461538461539,"['Drive to fabric store', 'Get the thread', 'Take button.', 'Push needle through hole']","['Thread the needle', 'Push needle through other hole of button and through clothes']",Push needle through other hole of button and through clothes,1,0, A
5,69.23076923076923,"['Drive to fabric store', 'Get the thread', 'Take button.', 'Push needle through hole', 'Push needle through other hole of button and through clothes']","['attach button', 'Push needle under material to next hole']",Push needle under material to next hole,1,0, A
6,73.07692307692307,"['Drive to fabric store', 'Get the thread', 'Take button.', 'Push needle through hole', 'Push needle through other hole of button and through clothes', 'Push needle under material to next hole']","['Get back the needle through the fourth button hole', 'thread needle']",Get back the needle through the fourth button hole,0,0, A
7,80.76923076923077,"['Drive to fabric store', 'Get the thread', 'Take button.', 'Push needle through hole', 'Push needle through other hole of button and through clothes', 'Push needle under material to next hole', 'Get back the needle through the fourth button hole']","['Tie off the thread on the underside of the garment', 'Find button to be sewn']",Tie off the thread on the underside of the garment,0,0, A
8,84.61538461538461,"['Drive to fabric store', 'Get the thread', 'Take button.', 'Push needle through hole', 'Push needle through other hole of button and through clothes', 'Push needle under material to next hole', 'Get back the needle through the fourth button hole', 'Tie off the thread on the underside of the garment']","['cut remaining thread away', 'Choose button that I like']",cut remaining thread away,0,0, A
0,0.0,[],"['take needle bring up through the back of the item', 'Grab the fabric and button']",Grab the fabric and button,1,0, A
1,26.923076923076923,['Grab the fabric and button'],"['Hold shirt with non-dominant hand', 'Thread one hole with the needle']",Hold shirt with non-dominant hand,0,0, A
2,30.76923076923077,"['Grab the fabric and button', 'Hold shirt with non-dominant hand']","['Sew button through second hole', 'Find placement for new button.']",Find placement for new button.,1,0, A
3,46.15384615384615,"['Grab the fabric and button', 'Hold shirt with non-dominant hand', 'Find placement for new button.']","['Sew the button onto the garment by passing the needle through all 4 button holes.', 'Get needle']",Sew the button onto the garment by passing the needle through all 4 button holes.,0,0, A
4,84.61538461538461,"['Grab the fabric and button', 'Hold shirt with non-dominant hand', 'Find placement for new button.', 'Sew the button onto the garment by passing the needle through all 4 button holes.']","['Find button that matches lost button.', 'Cut away any extra string']",Cut away any extra string,1,0, A
0,0.0,[],"['Tie off thread', 'Drive to fabric store']",Drive to fabric store,1,0, A
1,19.230769230769237,['Drive to fabric store'],"['Get some thread', 'Crisscross on the button']",Get some thread,0,0, A
2,26.923076923076923,"['Drive to fabric store', 'Get some thread']","['Find a piece of clothing.', 'pull the needle through']",Find a piece of clothing.,0,0, A
3,34.61538461538461,"['Drive to fabric store', 'Get some thread', 'Find a piece of clothing.']","['Cut off the extra thread', 'Thread needle']",Thread needle,1,0, A
4,88.46153846153845,"['Drive to fabric store', 'Get some thread', 'Find a piece of clothing.', 'Thread needle']","['Put away needle and thread', 'getting out thread']",Put away needle and thread,0,0, A
0,0.0,[],"['Stick the head through the needle eye', 'Drive to fabric store']",Drive to fabric store,1,0, A
1,19.230769230769237,['Drive to fabric store'],"['Find some thread', 'put the needle in and out through the holes']",Find some thread,0,0, A
2,23.07692307692308,"['Drive to fabric store', 'Find some thread']","['take the button', 'cut the thread']",take the button,0,0, A
3,26.923076923076923,"['Drive to fabric store', 'Find some thread', 'take the button']","['Push needle through the button holes', 'taking the right button out']",taking the right button out,1,0, A
4,34.61538461538461,"['Drive to fabric store', 'Find some thread', 'take the button', 'taking the right button out']","['Wrap the thread', 'Put thread in needle']",Put thread in needle,1,0, A
5,46.15384615384615,"['Drive to fabric store', 'Find some thread', 'take the button', 'taking the right button out', 'Put thread in needle']","['Sow the thread through the button holes quite a few times', 'Check if the button is tight']",Sow the thread through the button holes quite a few times,0,0, A
6,50.0,"['Drive to fabric store', 'Find some thread', 'take the button', 'taking the right button out', 'Put thread in needle', 'Sow the thread through the button holes quite a few times']","['push needle to back of the item', 'push needle through button and shirt']",push needle through button and shirt,1,0, A
7,53.84615384615385,"['Drive to fabric store', 'Find some thread', 'take the button', 'taking the right button out', 'Put thread in needle', 'Sow the thread through the button holes quite a few times', 'push needle through button and shirt']","['Place button close to clothing.', 'Pick up shirt missing button.']",Place button close to clothing.,0,0, A
8,76.92307692307693,"['Drive to fabric store', 'Find some thread', 'take the button', 'taking the right button out', 'Put thread in needle', 'Sow the thread through the button holes quite a few times', 'push needle through button and shirt', 'Place button close to clothing.']","['Repeat until sewed on.', 'Tie knot in end of thread']",Repeat until sewed on.,0,0, A
9,84.61538461538461,"['Drive to fabric store', 'Find some thread', 'take the button', 'taking the right button out', 'Put thread in needle', 'Sow the thread through the button holes quite a few times', 'push needle through button and shirt', 'Place button close to clothing.', 'Repeat until sewed on.']","['Cut off excess thread', 'locate needle and thread']",Cut off excess thread,0,0, A
10,88.46153846153845,"['Drive to fabric store', 'Find some thread', 'take the button', 'taking the right button out', 'Put thread in needle', 'Sow the thread through the button holes quite a few times', 'push needle through button and shirt', 'Place button close to clothing.', 'Repeat until sewed on.', 'Cut off excess thread']","['Cut thread string to how much is needed', 'put back all the materials']",put back all the materials,1,0, A
11,92.3076923076923,"['Drive to fabric store', 'Find some thread', 'take the button', 'taking the right button out', 'Put thread in needle', 'Sow the thread through the button holes quite a few times', 'push needle through button and shirt', 'Place button close to clothing.', 'Repeat until sewed on.', 'Cut off excess thread', 'put back all the materials']","['MAKE SURE BUTTON IS SECURE', 'Tie knot in end of thread']",MAKE SURE BUTTON IS SECURE,0,0, A
0,0.0,[],"['Drive to fabric store', 'Put needle through button and shirt']",Drive to fabric store,0,0, A
1,19.230769230769237,['Drive to fabric store'],"['get thread', 'cut the thread']",get thread,0,0, A
2,30.76923076923077,"['Drive to fabric store', 'get thread']","['Put button in proper place', 'Get sewing basket']",Put button in proper place,0,0, A
3,53.84615384615385,"['Drive to fabric store', 'get thread', 'Put button in proper place']","['get thread', 'Return the needle through the fabric and through a different button hole']",Return the needle through the fabric and through a different button hole,1,0, A
4,84.61538461538461,"['Drive to fabric store', 'get thread', 'Put button in proper place', 'Return the needle through the fabric and through a different button hole']","['Cut the thread.', 'Find thread that matches']",Cut the thread.,0,0, A
0,0.0,[],"['put the needle in and out through the holes', 'Drive to fabric store']",Drive to fabric store,1,0, A
1,19.230769230769237,['Drive to fabric store'],"['Get thread', 'Repeat for remaining holes']",Get thread,0,0, A
2,26.923076923076923,"['Drive to fabric store', 'Get thread']","['Get item that needs a button', 'Continue sewing.']",Get item that needs a button,0,0, A
3,30.76923076923077,"['Drive to fabric store', 'Get thread', 'Get item that needs a button']","['Mark on clothing where button is to go', 'tie a knot at the end of the string']",Mark on clothing where button is to go,0,0, A
4,61.53846153846154,"['Drive to fabric store', 'Get thread', 'Get item that needs a button', 'Mark on clothing where button is to go']","['Hold shirt with non-dominant hand', 'Starting from the bottom, poke needle through hole in button']","Starting from the bottom, poke needle through hole in button",1,0, A
5,76.92307692307693,"['Drive to fabric store', 'Get thread', 'Get item that needs a button', 'Mark on clothing where button is to go', 'Starting from the bottom, poke needle through hole in button']","['Repeat this until the button is secure', 'Line the button up in the place where the old one would have been']",Repeat this until the button is secure,0,0, A
0,0.0,[],"['Drive to fabric store', 'Make a knot']",Drive to fabric store,0,0, A
1,19.230769230769237,['Drive to fabric store'],"['Get some thread.', 'Cut thread']",Get some thread.,0,0, A
2,30.76923076923077,"['Drive to fabric store', 'Get some thread.']","['Put button in the right area', 'Tie of thread on inside']",Put button in the right area,0,0, A
3,61.53846153846154,"['Drive to fabric store', 'Get some thread.', 'Put button in the right area']","['Thread one hole with the needle', 'Find thread and needle.']",Thread one hole with the needle,0,0, A
4,65.38461538461539,"['Drive to fabric store', 'Get some thread.', 'Put button in the right area', 'Thread one hole with the needle']","['Slide button onto needle and thread.', 'put thread in needle']",Slide button onto needle and thread.,0,0, A
5,76.92307692307693,"['Drive to fabric store', 'Get some thread.', 'Put button in the right area', 'Thread one hole with the needle', 'Slide button onto needle and thread.']","['repeat', 'attach button']",repeat,0,0, A
6,84.61538461538461,"['Drive to fabric store', 'Get some thread.', 'Put button in the right area', 'Thread one hole with the needle', 'Slide button onto needle and thread.', 'repeat']","['cut remaining thread away', 'tie the thread to the sewing needle']",cut remaining thread away,0,0, A
7,88.46153846153845,"['Drive to fabric store', 'Get some thread.', 'Put button in the right area', 'Thread one hole with the needle', 'Slide button onto needle and thread.', 'repeat', 'cut remaining thread away']","['Get needle', 'Put away needle and thread']",Put away needle and thread,1,0, A
0,0.0,[],"['Get sewing basket', 'cut remaining thread away']",Get sewing basket,0,0, A
1,19.230769230769237,['Get sewing basket'],"['Take out right colored thread.', 'Push needle through back of clothes and through hole of button']",Take out right colored thread.,0,0, A
2,30.76923076923077,"['Get sewing basket', 'Take out right colored thread.']","['place botton where you want it', 'Take out sewing kit']",place botton where you want it,0,0, A
3,42.30769230769231,"['Get sewing basket', 'Take out right colored thread.', 'place botton where you want it']","['tug to make sure it is secure', 'Cut about 16 inches worth of thread.']",Cut about 16 inches worth of thread.,1,0, A
4,61.53846153846154,"['Get sewing basket', 'Take out right colored thread.', 'place botton where you want it', 'Cut about 16 inches worth of thread.']","['Find thread that matches', 'Holding button at appropriate location, press needle through first hole on button.']","Holding button at appropriate location, press needle through first hole on button.",1,0, A
5,65.38461538461539,"['Get sewing basket', 'Take out right colored thread.', 'place botton where you want it', 'Cut about 16 inches worth of thread.', 'Holding button at appropriate location, press needle through first hole on button.']","['Thread the needle', 'pull needle through to knot']",pull needle through to knot,1,0, A
6,69.23076923076923,"['Get sewing basket', 'Take out right colored thread.', 'place botton where you want it', 'Cut about 16 inches worth of thread.', 'Holding button at appropriate location, press needle through first hole on button.', 'pull needle through to knot']","['get thread and needle', 'Sew through the diagonal hole of the button and the garment.']",Sew through the diagonal hole of the button and the garment.,1,0, A
0,0.0,[],"['Drive to fabric store', 'sew onto fabric securely']",Drive to fabric store,0,0, A
1,19.230769230769237,['Drive to fabric store'],"['Get thread', 'Insert needle through button and into fabric where the button belongs.']",Get thread,0,0, A
2,26.923076923076923,"['Drive to fabric store', 'Get thread']","['Sew button through third hole', 'Get clothes']",Get clothes,1,0, A
3,46.15384615384615,"['Drive to fabric store', 'Get thread', 'Get clothes']","['Stitch the button on', 'Take a needle']",Stitch the button on,0,0, A
4,76.92307692307693,"['Drive to fabric store', 'Get thread', 'Get clothes', 'Stitch the button on']","['Get some thread.', 'Continue until the button is on tight']",Continue until the button is on tight,1,0, A
5,84.61538461538461,"['Drive to fabric store', 'Get thread', 'Get clothes', 'Stitch the button on', 'Continue until the button is on tight']","['Use scissors to cut thread', 'Get sewing kit']",Use scissors to cut thread,0,0, A
0,0.0,[],"['Drive to fabric store', 'Knot the ends of the thread together.']",Drive to fabric store,0,0, A
1,19.230769230769237,['Drive to fabric store'],"['Use needle to go through button holes', 'Pull out a length of thread.']",Pull out a length of thread.,1,0, A
2,30.76923076923077,"['Drive to fabric store', 'Pull out a length of thread.']","['knot thread', 'Place button on clothing']",Place button on clothing,1,0, A
3,42.30769230769231,"['Drive to fabric store', 'Pull out a length of thread.', 'Place button on clothing']","['measure and cut length of thread', 'Take thread from sewing kit']",measure and cut length of thread,0,0, A
4,46.15384615384615,"['Drive to fabric store', 'Pull out a length of thread.', 'Place button on clothing', 'measure and cut length of thread']","['sew the button on the garment', 'Acquire new button']",sew the button on the garment,0,0, A
5,50.0,"['Drive to fabric store', 'Pull out a length of thread.', 'Place button on clothing', 'measure and cut length of thread', 'sew the button on the garment']","['Put needle through button and shirt', 'take the needle and matching thread']",Put needle through button and shirt,0,0, A
6,61.53846153846154,"['Drive to fabric store', 'Pull out a length of thread.', 'Place button on clothing', 'measure and cut length of thread', 'sew the button on the garment', 'Put needle through button and shirt']","['PUT NEEDLE AND THREAD AWAY', 'push the needle through the button']",push the needle through the button,1,0, A
7,76.92307692307693,"['Drive to fabric store', 'Pull out a length of thread.', 'Place button on clothing', 'measure and cut length of thread', 'sew the button on the garment', 'Put needle through button and shirt', 'push the needle through the button']","['Thread needle', 'repeat']",repeat,1,0, A
0,0.0,[],"['Put supplies away', 'Drive to fabric store']",Drive to fabric store,1,0, A
1,19.230769230769237,['Drive to fabric store'],"['Insert needle through first side of button (step 3)', 'Get thread']",Get thread,1,0, A
2,26.923076923076923,"['Drive to fabric store', 'Get thread']","['Cut excess thread', 'Get shirt']",Get shirt,1,0, A
3,30.76923076923077,"['Drive to fabric store', 'Get thread', 'Get shirt']","['Put button on shirt', 'Clean up.']",Put button on shirt,0,0, A
4,53.84615384615385,"['Drive to fabric store', 'Get thread', 'Get shirt', 'Put button on shirt']","['pass needle through needle hole in button', 'Find a needle']",pass needle through needle hole in button,0,0, A
5,57.692307692307686,"['Drive to fabric store', 'Get thread', 'Get shirt', 'Put button on shirt', 'pass needle through needle hole in button']","['take the cloth to be sewed', 'Pull through']",Pull through,1,0, A
0,0.0,[],"['Find sewing kit.', 'Cut thread.']",Find sewing kit.,0,0, A
1,23.07692307692308,['Find sewing kit.'],"['Take a matching button', 'Put thread through buttonhole']",Take a matching button,0,0, A
2,26.923076923076923,"['Find sewing kit.', 'Take a matching button']","['Snip excess thread off', 'Get the garment']",Get the garment,1,0, A
3,46.15384615384615,"['Find sewing kit.', 'Take a matching button', 'Get the garment']","['Push the needle through one button hole and back out another hole', 'MAKE SURE BUTTON IS SECURE']",Push the needle through one button hole and back out another hole,0,0, A
4,76.92307692307693,"['Find sewing kit.', 'Take a matching button', 'Get the garment', 'Push the needle through one button hole and back out another hole']","['Continue until the button is on tight', 'find needle and thread']",Continue until the button is on tight,0,0, A
5,80.76923076923077,"['Find sewing kit.', 'Take a matching button', 'Get the garment', 'Push the needle through one button hole and back out another hole', 'Continue until the button is on tight']","['taking the right button out', 'Tie end in a knot']",Tie end in a knot,1,0, A
6,88.46153846153845,"['Find sewing kit.', 'Take a matching button', 'Get the garment', 'Push the needle through one button hole and back out another hole', 'Continue until the button is on tight', 'Tie end in a knot']","['Push needle through the button hole into the fabric', 'Put away needle and thread']",Put away needle and thread,1,0, A
7,92.3076923076923,"['Find sewing kit.', 'Take a matching button', 'Get the garment', 'Push the needle through one button hole and back out another hole', 'Continue until the button is on tight', 'Tie end in a knot', 'Put away needle and thread']","['Thread the needle, double it up and tie a knot at the end', 'Check the button']",Check the button,1,0, A
0,0.0,[],"['Find sewing kit.', 'Position button in correct place.']",Find sewing kit.,0,0, A
1,34.61538461538461,['Find sewing kit.'],"['Thread a needle with thread that matches shirt that needs a new button.', 'Tie thread at end']",Thread a needle with thread that matches shirt that needs a new button.,0,0, A
2,61.53846153846154,"['Find sewing kit.', 'Thread a needle with thread that matches shirt that needs a new button.']","['Holding button at appropriate location, press needle through first hole on button.', 'Hold shirt with non-dominant hand']","Holding button at appropriate location, press needle through first hole on button.",0,0, A
3,80.76923076923077,"['Find sewing kit.', 'Thread a needle with thread that matches shirt that needs a new button.', 'Holding button at appropriate location, press needle through first hole on button.']","['Tie knot', 'tie thread at the end']",tie thread at the end,1,0, A
0,0.0,[],"['Take out sewing kit.', 'Sew on']",Take out sewing kit.,0,0, A
1,7.6923076923076925,['Take out sewing kit.'],"['Push needle through other hole of button and through clothes', 'get thread and needle']",get thread and needle,1,0, A
2,23.07692307692308,"['Take out sewing kit.', 'get thread and needle']","['Find button that matches others.', 'cut remaining thread away']",Find button that matches others.,0,0, A
3,26.923076923076923,"['Take out sewing kit.', 'get thread and needle', 'Find button that matches others.']","['push needle to back of the item', 'taking the right button out']",taking the right button out,1,0, A
4,30.76923076923077,"['Take out sewing kit.', 'get thread and needle', 'Find button that matches others.', 'taking the right button out']","['Place button on item', 'Repeat until button is secure']",Place button on item,0,0, A
5,53.84615384615385,"['Take out sewing kit.', 'get thread and needle', 'Find button that matches others.', 'taking the right button out', 'Place button on item']","['Get the proper colored thread', 'Pull it back out the other hole']",Pull it back out the other hole,1,0, A
6,80.76923076923077,"['Take out sewing kit.', 'get thread and needle', 'Find button that matches others.', 'taking the right button out', 'Place button on item', 'Pull it back out the other hole']","['THREAD THE THREAD ONTO THE NEEDLE', 'tying a knot with thread']",tying a knot with thread,1,0, A
7,88.46153846153845,"['Take out sewing kit.', 'get thread and needle', 'Find button that matches others.', 'taking the right button out', 'Place button on item', 'Pull it back out the other hole', 'tying a knot with thread']","['Clean up.', 'Purchase buttons']",Clean up.,0,0, A
8,92.3076923076923,"['Take out sewing kit.', 'get thread and needle', 'Find button that matches others.', 'taking the right button out', 'Place button on item', 'Pull it back out the other hole', 'tying a knot with thread', 'Clean up.']","['ATTACH BUTTON USING NEEDLE AND THREAD', 'Check the button']",Check the button,1,0, A
0,0.0,[],"['Grab the fabric and button', 'Thread needle.']",Grab the fabric and button,0,0, A
1,30.76923076923077,['Grab the fabric and button'],"['Bring the needle up through another hole on button.', 'putting the button on the fabric']",putting the button on the fabric,1,0, A
2,42.30769230769231,"['Grab the fabric and button', 'putting the button on the fabric']","['Get a thread and a needle', 'Cut away old strings']",Cut away old strings,1,0, A
3,46.15384615384615,"['Grab the fabric and button', 'putting the button on the fabric', 'Cut away old strings']","['Take a matching button', 'Move needle in and out of button holes to secure to shirt.']",Move needle in and out of button holes to secure to shirt.,1,0, A
4,88.46153846153845,"['Grab the fabric and button', 'putting the button on the fabric', 'Cut away old strings', 'Move needle in and out of button holes to secure to shirt.']","['put items away when done', 'find button']",put items away when done,0,0, A
5,92.3076923076923,"['Grab the fabric and button', 'putting the button on the fabric', 'Cut away old strings', 'Move needle in and out of button holes to secure to shirt.', 'put items away when done']","['Get a needle.', 'MAKE SURE BUTTON IS SECURE']",MAKE SURE BUTTON IS SECURE,1,0, A
0,0.0,[],"['Continue crisscrossing thread between holes of button until button is tight.', 'Get sewing kit']",Get sewing kit,1,0, A
1,23.07692307692308,['Get sewing kit'],"['Tie the thread so the button will not come loose', 'Get proper button']",Get proper button,1,0, A
2,61.53846153846154,"['Get sewing kit', 'Get proper button']","['Put needle into one button hole through shirt.', 'Get a needle and thread']",Put needle into one button hole through shirt.,0,0, A
3,76.92307692307693,"['Get sewing kit', 'Get proper button', 'Put needle into one button hole through shirt.']","['Repeat the inserting as above for about 10 times', 'Thread the needle']",Repeat the inserting as above for about 10 times,0,0, A
4,80.76923076923077,"['Get sewing kit', 'Get proper button', 'Put needle into one button hole through shirt.', 'Repeat the inserting as above for about 10 times']","['thread needle', 'Tie another knot at the end of the thread.']",Tie another knot at the end of the thread.,1,0, A
0,0.0,[],"['Get out needle, thread, button, and clothing item.', 'Insert needle through first side of button (step 3)']","Get out needle, thread, button, and clothing item.",0,0, A
1,15.384615384615383,"['Get out needle, thread, button, and clothing item.']","['Find right color string', ""TIE A KNOT IN THE END OF THE THREAD SO THE BUTTON DOESN'T COME OFF""]",Find right color string,0,0, A
2,19.230769230769237,"['Get out needle, thread, button, and clothing item.', 'Find right color string']","['Get thread', 'Repeat for all holes to reinforce']",Get thread,0,0, A
3,34.61538461538461,"['Get out needle, thread, button, and clothing item.', 'Find right color string', 'Get thread']","['Thread a needle', 'Tie off knot with thread.']",Thread a needle,0,0, A
4,38.46153846153847,"['Get out needle, thread, button, and clothing item.', 'Find right color string', 'Get thread', 'Thread a needle']","['Tie knot in other end of thread', 'Tie the end with a knot.']",Tie knot in other end of thread,0,0, A
5,61.53846153846154,"['Get out needle, thread, button, and clothing item.', 'Find right color string', 'Get thread', 'Thread a needle', 'Tie knot in other end of thread']","['Pass the needle through one of the button holes', 'Get a thimble']",Pass the needle through one of the button holes,0,0, A
6,80.76923076923077,"['Get out needle, thread, button, and clothing item.', 'Find right color string', 'Get thread', 'Thread a needle', 'Tie knot in other end of thread', 'Pass the needle through one of the button holes']","['Tie end in a knot', 'Tie a knot in the end of thread']",Tie end in a knot,0,0, A
0,0.0,[],"['Get button, thread, needle and scissors', 'Push needle through button and fabric.']","Get button, thread, needle and scissors",0,0, A
1,7.6923076923076925,"['Get button, thread, needle and scissors']","['Get a needle and thread', 'sew the button on carefully']",Get a needle and thread,0,0, A
2,26.923076923076923,"['Get button, thread, needle and scissors', 'Get a needle and thread']","['Get item that needs button sewing on', 'Tie off your thread.']",Get item that needs button sewing on,0,0, A
3,46.15384615384615,"['Get button, thread, needle and scissors', 'Get a needle and thread', 'Get item that needs button sewing on']","['ATTACH BUTTON USING NEEDLE AND THREAD', 'Get back the needle through the third button hole']",ATTACH BUTTON USING NEEDLE AND THREAD,0,0, A
4,61.53846153846154,"['Get button, thread, needle and scissors', 'Get a needle and thread', 'Get item that needs button sewing on', 'ATTACH BUTTON USING NEEDLE AND THREAD']","['Pull thread through', 'Cut the needle off of the thread.']",Pull thread through,0,0, A
5,76.92307692307693,"['Get button, thread, needle and scissors', 'Get a needle and thread', 'Get item that needs button sewing on', 'ATTACH BUTTON USING NEEDLE AND THREAD', 'Pull thread through']","['Pick thread to use', 'Repeat this until the button is secure']",Repeat this until the button is secure,1,0, A
6,84.61538461538461,"['Get button, thread, needle and scissors', 'Get a needle and thread', 'Get item that needs button sewing on', 'ATTACH BUTTON USING NEEDLE AND THREAD', 'Pull thread through', 'Repeat this until the button is secure']","['Pull thread through', 'Cut thread']",Cut thread,1,0, A
7,88.46153846153845,"['Get button, thread, needle and scissors', 'Get a needle and thread', 'Get item that needs button sewing on', 'ATTACH BUTTON USING NEEDLE AND THREAD', 'Pull thread through', 'Repeat this until the button is secure', 'Cut thread']","['Put needle away', 'Pull the needle until thread is completely on the other side of shirt']",Put needle away,0,0, A
0,0.0,[],"['Pull the needle through a hole in the button, then back into the fabric', 'Get sewing kit']",Get sewing kit,1,0, A
1,7.6923076923076925,['Get sewing kit'],"['Collect thread and needle.', 'Pass the needle in and out of holes on button']",Collect thread and needle.,0,0, A
2,34.61538461538461,"['Get sewing kit', 'Collect thread and needle.']","['Tie off thread', 'Thread needle with matching thread']",Thread needle with matching thread,1,0, A
3,88.46153846153845,"['Get sewing kit', 'Collect thread and needle.', 'Thread needle with matching thread']","['Put all the items away', 'Get thread.']",Put all the items away,0,0, A
4,92.3076923076923,"['Get sewing kit', 'Collect thread and needle.', 'Thread needle with matching thread', 'Put all the items away']","['Check new button', 'Place item on flat surface']",Check new button,0,0, A
0,0.0,[],"['Get the sewing kit.', 'Repeat several times until button is attached solidly to the fabric.']",Get the sewing kit.,0,0, A
1,23.07692307692308,['Get the sewing kit.'],"['Bring the needle up through another hole on button.', 'Find a button']",Find a button,1,0, A
2,26.923076923076923,"['Get the sewing kit.', 'Find a button']","['Get a shirt.', 'Tie end in a knot']",Get a shirt.,0,0, A
3,34.61538461538461,"['Get the sewing kit.', 'Find a button', 'Get a shirt.']","['tie thread at the end', 'Thread a needle.']",Thread a needle.,1,0, A
4,50.0,"['Get the sewing kit.', 'Find a button', 'Get a shirt.', 'Thread a needle.']","['Insert the needle from the bottom where the button is to be sewn', 'cut the thread when finished']",Insert the needle from the bottom where the button is to be sewn,0,0, A
5,76.92307692307693,"['Get the sewing kit.', 'Find a button', 'Get a shirt.', 'Thread a needle.', 'Insert the needle from the bottom where the button is to be sewn']","['Find matching button, or old button.', 'repeat']",repeat,1,0, A
6,84.61538461538461,"['Get the sewing kit.', 'Find a button', 'Get a shirt.', 'Thread a needle.', 'Insert the needle from the bottom where the button is to be sewn', 'repeat']","['Find sewing kit.', 'Cut thread']",Cut thread,1,0, A
0,0.0,[],"['Find sewing kit.', 'Place button onto item of clothing']",Find sewing kit.,0,0, A
1,7.6923076923076925,['Find sewing kit.'],"['Continue sewing in an X pattern until the button is secure.', 'Find a needle and thread']",Find a needle and thread,1,0, A
2,11.538461538461538,"['Find sewing kit.', 'Find a needle and thread']","['Get needle.', 'Tie knot']",Get needle.,0,0, A
3,23.07692307692308,"['Find sewing kit.', 'Find a needle and thread', 'Get needle.']","['cut the thread', 'Get your button']",Get your button,1,0, A
4,26.923076923076923,"['Find sewing kit.', 'Find a needle and thread', 'Get needle.', 'Get your button']","['carefully cut off old button if exists', 'Insert the needle from the bottom where the button is to be sewn']",carefully cut off old button if exists,0,0, A
5,34.61538461538461,"['Find sewing kit.', 'Find a needle and thread', 'Get needle.', 'Get your button', 'carefully cut off old button if exists']","['Continue to loop the needle and thread through the button holes.', 'threading a needle with thread']",threading a needle with thread,1,0, A
6,46.15384615384615,"['Find sewing kit.', 'Find a needle and thread', 'Get needle.', 'Get your button', 'carefully cut off old button if exists', 'threading a needle with thread']","['Sew through holes or shank in button.', 'Get a button to match']",Sew through holes or shank in button.,0,0, A
7,80.76923076923077,"['Find sewing kit.', 'Find a needle and thread', 'Get needle.', 'Get your button', 'carefully cut off old button if exists', 'threading a needle with thread', 'Sew through holes or shank in button.']","['Select thread of correct color', 'Make a knot']",Make a knot,1,0, A
8,88.46153846153845,"['Find sewing kit.', 'Find a needle and thread', 'Get needle.', 'Get your button', 'carefully cut off old button if exists', 'threading a needle with thread', 'Sew through holes or shank in button.', 'Make a knot']","['Put needle away', 'Get the piece of apparel that needs to sew the button on.']",Put needle away,0,0, A
9,92.3076923076923,"['Find sewing kit.', 'Find a needle and thread', 'Get needle.', 'Get your button', 'carefully cut off old button if exists', 'threading a needle with thread', 'Sew through holes or shank in button.', 'Make a knot', 'Put needle away']","['Check the button', 'Sew in a pattern that looks like an X through the holes of the button.']",Check the button,0,0, A
0,0.0,[],"['use needle and thread to sew button onto shirt', 'Drive to fabric store']",Drive to fabric store,1,0, A
1,19.230769230769237,['Drive to fabric store'],"['Get thread', 'Start to sew the button onto the fabric.']",Get thread,0,0, A
2,34.61538461538461,"['Drive to fabric store', 'Get thread']","['Thread the needle and tie a knot at end of thread.', 'Push needle through other hole of button and through clothes']",Thread the needle and tie a knot at end of thread.,0,0, A
3,46.15384615384615,"['Drive to fabric store', 'Get thread', 'Thread the needle and tie a knot at end of thread.']","['Get scissors, needle, button and thread', 'Sew the button onto the garment by passing the needle through all 4 button holes.']",Sew the button onto the garment by passing the needle through all 4 button holes.,1,0, A
4,61.53846153846154,"['Drive to fabric store', 'Get thread', 'Thread the needle and tie a knot at end of thread.', 'Sew the button onto the garment by passing the needle through all 4 button holes.']","['Cut thread', 'Holding button at appropriate location, press needle through first hole on button.']","Holding button at appropriate location, press needle through first hole on button.",1,0, A
5,65.38461538461539,"['Drive to fabric store', 'Get thread', 'Thread the needle and tie a knot at end of thread.', 'Sew the button onto the garment by passing the needle through all 4 button holes.', 'Holding button at appropriate location, press needle through first hole on button.']","['attach button', 'Pull needle out other side.']",Pull needle out other side.,1,0, A
6,69.23076923076923,"['Drive to fabric store', 'Get thread', 'Thread the needle and tie a knot at end of thread.', 'Sew the button onto the garment by passing the needle through all 4 button holes.', 'Holding button at appropriate location, press needle through first hole on button.', 'Pull needle out other side.']","['Move needle in and out of button holes to secure to shirt.', 'Sew through the diagonal hole of the button and the garment.']",Sew through the diagonal hole of the button and the garment.,1,0, A
7,73.07692307692307,"['Drive to fabric store', 'Get thread', 'Thread the needle and tie a knot at end of thread.', 'Sew the button onto the garment by passing the needle through all 4 button holes.', 'Holding button at appropriate location, press needle through first hole on button.', 'Pull needle out other side.', 'Sew through the diagonal hole of the button and the garment.']","['Pull needle and thread', 'Get a sewing needle.']",Pull needle and thread,0,0, A
0,0.0,[],"['Cut excess thread', 'Get sewing kit']",Get sewing kit,1,0, A
1,34.61538461538461,['Get sewing kit'],"['Hook thread through needle', 'Cut the thread.']",Hook thread through needle,0,0, A
2,50.0,"['Get sewing kit', 'Hook thread through needle']","['Put the thread through the button and start threading', 'Get back the needle through the fourth button hole']",Put the thread through the button and start threading,0,0, A
3,61.53846153846154,"['Get sewing kit', 'Hook thread through needle', 'Put the thread through the button and start threading']","['Get the sewing kit.', 'Sew button onto fabric through the first hole']",Sew button onto fabric through the first hole,1,0, A
4,76.92307692307693,"['Get sewing kit', 'Hook thread through needle', 'Put the thread through the button and start threading', 'Sew button onto fabric through the first hole']","['Repeat procedure until button is secure', 'Place button where desired']",Repeat procedure until button is secure,0,0, A
0,0.0,[],"['Tie off finishing knot', 'Get button, thread, needle and scissors']","Get button, thread, needle and scissors",1,0, A
1,7.6923076923076925,"['Get button, thread, needle and scissors']","['Pull through', 'find needle and thread']",find needle and thread,1,0, A
2,34.61538461538461,"['Get button, thread, needle and scissors', 'find needle and thread']","['Repeat this until the button is secure', 'Thread needle']",Thread needle,1,0, A
3,42.30769230769231,"['Get button, thread, needle and scissors', 'find needle and thread', 'Thread needle']","['Poke needle through opposite hole', 'measure and cut length of thread']",measure and cut length of thread,1,0, A
4,46.15384615384615,"['Get button, thread, needle and scissors', 'find needle and thread', 'Thread needle', 'measure and cut length of thread']","['Pull needle and thread', 'Insert the needle with thread in button hole and shirt']",Insert the needle with thread in button hole and shirt,1,0, A
5,53.84615384615385,"['Get button, thread, needle and scissors', 'find needle and thread', 'Thread needle', 'measure and cut length of thread', 'Insert the needle with thread in button hole and shirt']","['Check the button', 'Pull through other end']",Pull through other end,1,0, A
6,61.53846153846154,"['Get button, thread, needle and scissors', 'find needle and thread', 'Thread needle', 'measure and cut length of thread', 'Insert the needle with thread in button hole and shirt', 'Pull through other end']","['Cut loose ends', 'Starting from the bottom, poke needle through hole in button']","Starting from the bottom, poke needle through hole in button",1,0, A
7,80.76923076923077,"['Get button, thread, needle and scissors', 'find needle and thread', 'Thread needle', 'measure and cut length of thread', 'Insert the needle with thread in button hole and shirt', 'Pull through other end', 'Starting from the bottom, poke needle through hole in button']","['Place button onto item of clothing', 'tie a knot in the thread']",tie a knot in the thread,1,0, A
8,84.61538461538461,"['Get button, thread, needle and scissors', 'find needle and thread', 'Thread needle', 'measure and cut length of thread', 'Insert the needle with thread in button hole and shirt', 'Pull through other end', 'Starting from the bottom, poke needle through hole in button', 'tie a knot in the thread']","['Take button.', 'Cut thread']",Cut thread,1,0, A
9,88.46153846153845,"['Get button, thread, needle and scissors', 'find needle and thread', 'Thread needle', 'measure and cut length of thread', 'Insert the needle with thread in button hole and shirt', 'Pull through other end', 'Starting from the bottom, poke needle through hole in button', 'tie a knot in the thread', 'Cut thread']","['Get item that needs a button', 'Put away needle and thread']",Put away needle and thread,1,0, A
0,0.0,[],"['Get sewing kit', 'Place the button in the right spot']",Get sewing kit,0,0, A
1,34.61538461538461,['Get sewing kit'],"['When done knot end.', 'put thread in needle']",put thread in needle,1,0, A
2,38.46153846153847,"['Get sewing kit', 'put thread in needle']","['Tie a knot in the thread', 'Find sewing kit.']",Tie a knot in the thread,0,0, A
3,42.30769230769231,"['Get sewing kit', 'put thread in needle', 'Tie a knot in the thread']","['Cut away any loose threads.', 'Keep sewing until the button is secure.']",Cut away any loose threads.,0,0, A
4,61.53846153846154,"['Get sewing kit', 'put thread in needle', 'Tie a knot in the thread', 'Cut away any loose threads.']","['Get a piece of clothing.', 'Holding button at appropriate location, press needle through first hole on button.']","Holding button at appropriate location, press needle through first hole on button.",1,0, A
5,80.76923076923077,"['Get sewing kit', 'put thread in needle', 'Tie a knot in the thread', 'Cut away any loose threads.', 'Holding button at appropriate location, press needle through first hole on button.']","['Tie the end of the string so it will not unravel', 'Get supplies - shirt, new button, thread, needle']",Tie the end of the string so it will not unravel,0,0, A
0,0.0,[],"['put button where other button was located', 'Drive to fabric store']",Drive to fabric store,1,0, A
1,19.230769230769237,['Drive to fabric store'],"['Get thread', 'Move needle down to hole opposite first hole']",Get thread,0,0, A
2,30.76923076923077,"['Drive to fabric store', 'Get thread']","['Cut off remaining thread', 'Place button on fabric and hold with thumb and index finger']",Place button on fabric and hold with thumb and index finger,1,0, A
3,61.53846153846154,"['Drive to fabric store', 'Get thread', 'Place button on fabric and hold with thumb and index finger']","['Starting from the bottom, poke needle through hole in button', 'Pick up shirt missing button.']","Starting from the bottom, poke needle through hole in button",0,0, A
4,76.92307692307693,"['Drive to fabric store', 'Get thread', 'Place button on fabric and hold with thumb and index finger', 'Starting from the bottom, poke needle through hole in button']","['Repeat for all holes to reinforce', 'Thread needle.']",Repeat for all holes to reinforce,0,0, A
0,0.0,[],"['put the supplies away', 'Drive to fabric store']",Drive to fabric store,1,0, A
1,19.230769230769237,['Drive to fabric store'],"['Cut a length of thread more than double what you will need', 'Tie the end of the string']",Cut a length of thread more than double what you will need,0,0, A
2,34.61538461538461,"['Drive to fabric store', 'Cut a length of thread more than double what you will need']","['Cut off any loose threads with a scissors.', 'Thread the needle']",Thread the needle,1,0, A
3,53.84615384615385,"['Drive to fabric store', 'Cut a length of thread more than double what you will need', 'Thread the needle']","['Find sewing kit.', 'Pull the needle through a hole in the button, then back into the fabric']","Pull the needle through a hole in the button, then back into the fabric",1,0, A
4,61.53846153846154,"['Drive to fabric store', 'Cut a length of thread more than double what you will need', 'Thread the needle', 'Pull the needle through a hole in the button, then back into the fabric']","['Find a needle and thread', 'Holding button at appropriate location, press needle through first hole on button.']","Holding button at appropriate location, press needle through first hole on button.",1,0, A
5,80.76923076923077,"['Drive to fabric store', 'Cut a length of thread more than double what you will need', 'Thread the needle', 'Pull the needle through a hole in the button, then back into the fabric', 'Holding button at appropriate location, press needle through first hole on button.']","['Put button in proper place', 'Make knot between thread and clothing.']",Make knot between thread and clothing.,1,0, A
6,84.61538461538461,"['Drive to fabric store', 'Cut a length of thread more than double what you will need', 'Thread the needle', 'Pull the needle through a hole in the button, then back into the fabric', 'Holding button at appropriate location, press needle through first hole on button.', 'Make knot between thread and clothing.']","['grab object the button is being sewed', 'Cut the excess thread']",Cut the excess thread,1,0, A
7,88.46153846153845,"['Drive to fabric store', 'Cut a length of thread more than double what you will need', 'Thread the needle', 'Pull the needle through a hole in the button, then back into the fabric', 'Holding button at appropriate location, press needle through first hole on button.', 'Make knot between thread and clothing.', 'Cut the excess thread']","['Clean up.', 'pull the needle through']",Clean up.,0,0, A
0,0.0,[],"['Clean up.', 'Drive to fabric store']",Drive to fabric store,1,0, A
1,19.230769230769237,['Drive to fabric store'],"['Get thread.', 'Stick needle through hole and secure with thread']",Get thread.,0,0, A
2,26.923076923076923,"['Drive to fabric store', 'Get thread.']","['Tie off knot with thread.', 'Take the cloth to be sewed']",Take the cloth to be sewed,1,0, A
3,46.15384615384615,"['Drive to fabric store', 'Get thread.', 'Take the cloth to be sewed']","['Sew button onto item', 'FIND THE REPLACEMENT BUTTON']",Sew button onto item,0,0, A
4,88.46153846153845,"['Drive to fabric store', 'Get thread.', 'Take the cloth to be sewed', 'Sew button onto item']","['Place button on shirt', 'Put all the items away']",Put all the items away,1,0, A
0,0.0,[],"['Do this several times until the button is secure', 'Get a thimble']",Get a thimble,1,0, A
1,26.923076923076923,['Get a thimble'],"['Get a shirt.', 'repeat steps 4-5 until button is secured to shirt']",Get a shirt.,0,0, A
2,30.76923076923077,"['Get a thimble', 'Get a shirt.']","['Put the button in the correct spot.', 'Put away thread and needle']",Put the button in the correct spot.,0,0, A
3,46.15384615384615,"['Get a thimble', 'Get a shirt.', 'Put the button in the correct spot.']","['Sew the button through the button holes onto the shirt', 'Get back the needle through the third button hole']",Sew the button through the button holes onto the shirt,0,0, A
4,61.53846153846154,"['Get a thimble', 'Get a shirt.', 'Put the button in the correct spot.', 'Sew the button through the button holes onto the shirt']","['Cut the thread.', 'Thread one hole with the needle']",Thread one hole with the needle,1,0, A
5,76.92307692307693,"['Get a thimble', 'Get a shirt.', 'Put the button in the correct spot.', 'Sew the button through the button holes onto the shirt', 'Thread one hole with the needle']","['Get your button', 'Do this through all holes of button']",Do this through all holes of button,1,0, A
6,80.76923076923077,"['Get a thimble', 'Get a shirt.', 'Put the button in the correct spot.', 'Sew the button through the button holes onto the shirt', 'Thread one hole with the needle', 'Do this through all holes of button']","['Get needle', 'tie thread at the end']",tie thread at the end,1,0, A
7,88.46153846153845,"['Get a thimble', 'Get a shirt.', 'Put the button in the correct spot.', 'Sew the button through the button holes onto the shirt', 'Thread one hole with the needle', 'Do this through all holes of button', 'tie thread at the end']","['Slide button onto needle and thread.', 'PUT NEEDLE AND THREAD AWAY']",PUT NEEDLE AND THREAD AWAY,1,0, A
8,92.3076923076923,"['Get a thimble', 'Get a shirt.', 'Put the button in the correct spot.', 'Sew the button through the button holes onto the shirt', 'Thread one hole with the needle', 'Do this through all holes of button', 'tie thread at the end', 'PUT NEEDLE AND THREAD AWAY']","['Pass the needle in and out of holes on button', 'MAKE SURE BUTTON IS SECURE']",MAKE SURE BUTTON IS SECURE,1,0, A
0,0.0,[],"['Push needle down through other button on hole', 'Get your sewing kit']",Get your sewing kit,1,0, A
1,7.6923076923076925,['Get your sewing kit'],"['Sew through holes or shank in button.', 'Get needle and thread']",Get needle and thread,1,0, A
2,19.230769230769237,"['Get your sewing kit', 'Get needle and thread']","['Select thread', 'Put the needle and thread away']",Select thread,0,0, A
3,26.923076923076923,"['Get your sewing kit', 'Get needle and thread', 'Select thread']","['Get item that needs button sewing on', 'Pull thread through and secure button']",Get item that needs button sewing on,0,0, A
4,50.0,"['Get your sewing kit', 'Get needle and thread', 'Select thread', 'Get item that needs button sewing on']","['get sewing kit', 'push needle through button and shirt']",push needle through button and shirt,1,0, A
5,65.38461538461539,"['Get your sewing kit', 'Get needle and thread', 'Select thread', 'Get item that needs button sewing on', 'push needle through button and shirt']","['Slide button onto needle and thread.', 'Get proper button']",Slide button onto needle and thread.,0,0, A
6,69.23076923076923,"['Get your sewing kit', 'Get needle and thread', 'Select thread', 'Get item that needs button sewing on', 'push needle through button and shirt', 'Slide button onto needle and thread.']","['Grab the fabric and button', 'Hold button in place']",Hold button in place,1,0, A
7,73.07692307692307,"['Get your sewing kit', 'Get needle and thread', 'Select thread', 'Get item that needs button sewing on', 'push needle through button and shirt', 'Slide button onto needle and thread.', 'Hold button in place']","['Place button on desired spot on shirt.', 'Pull needle and thread']",Pull needle and thread,1,0, A
8,80.76923076923077,"['Get your sewing kit', 'Get needle and thread', 'Select thread', 'Get item that needs button sewing on', 'push needle through button and shirt', 'Slide button onto needle and thread.', 'Hold button in place', 'Pull needle and thread']","['Tie of thread on inside', 'Find some thread and needle']",Tie of thread on inside,0,0, A
9,88.46153846153845,"['Get your sewing kit', 'Get needle and thread', 'Select thread', 'Get item that needs button sewing on', 'push needle through button and shirt', 'Slide button onto needle and thread.', 'Hold button in place', 'Pull needle and thread', 'Tie of thread on inside']","['Get a needle.', 'Put away needle and thread']",Put away needle and thread,1,0, A
10,92.3076923076923,"['Get your sewing kit', 'Get needle and thread', 'Select thread', 'Get item that needs button sewing on', 'push needle through button and shirt', 'Slide button onto needle and thread.', 'Hold button in place', 'Pull needle and thread', 'Tie of thread on inside', 'Put away needle and thread']","['Check the button', 'Find button that matches lost button.']",Check the button,0,0, A
0,0.0,[],"['Get your sewing kit', 'Cut thread string to how much is needed']",Get your sewing kit,0,0, A
1,34.61538461538461,['Get your sewing kit'],"['Thread sewing needle with chosen thread.', 'knot thread']",Thread sewing needle with chosen thread.,0,0, A
2,38.46153846153847,"['Get your sewing kit', 'Thread sewing needle with chosen thread.']","['tug to make sure it is secure', 'Tie knot at end of thread.']",Tie knot at end of thread.,1,0, A
3,50.0,"['Get your sewing kit', 'Thread sewing needle with chosen thread.', 'Tie knot at end of thread.']","['Get a needle', 'Push needle through button and fabric.']",Push needle through button and fabric.,1,0, A
4,53.84615384615385,"['Get your sewing kit', 'Thread sewing needle with chosen thread.', 'Tie knot at end of thread.', 'Push needle through button and fabric.']","['Crisscross on the button', 'Find button to be sewn']",Crisscross on the button,0,0, A
5,80.76923076923077,"['Get your sewing kit', 'Thread sewing needle with chosen thread.', 'Tie knot at end of thread.', 'Push needle through button and fabric.', 'Crisscross on the button']","['Knot thread', 'Pull til it stops at the knot, push through fabric and another button hole']",Knot thread,0,0, A
0,0.0,[],"['Drive to fabric store', 'repeat 6 more times']",Drive to fabric store,0,0, A
1,19.230769230769237,['Drive to fabric store'],"['Get thread', 'Sew through the holes of the button']",Get thread,0,0, A
2,26.923076923076923,"['Drive to fabric store', 'Get thread']","['Tie the thread in a knot to secure it', 'gather garment for buttoning']",gather garment for buttoning,1,0, A
3,46.15384615384615,"['Drive to fabric store', 'Get thread', 'gather garment for buttoning']","['Sew button onto item', 'Get thread']",Sew button onto item,0,0, A
4,50.0,"['Drive to fabric store', 'Get thread', 'gather garment for buttoning', 'Sew button onto item']","['Starting on inside of garment, push through with needle.', 'Get a needle.']","Starting on inside of garment, push through with needle.",0,0, A
5,80.76923076923077,"['Drive to fabric store', 'Get thread', 'gather garment for buttoning', 'Sew button onto item', 'Starting on inside of garment, push through with needle.']","['Place the thread inside the needle', 'Tie of thread on inside']",Tie of thread on inside,1,0, A
6,88.46153846153845,"['Drive to fabric store', 'Get thread', 'gather garment for buttoning', 'Sew button onto item', 'Starting on inside of garment, push through with needle.', 'Tie of thread on inside']","['Find a button', 'put sewing kit away']",put sewing kit away,1,0, A
0,0.0,[],"['Get out needle, thread, button, and clothing item.', 'Pull needle and thread']","Get out needle, thread, button, and clothing item.",0,0, A
1,30.76923076923077,"['Get out needle, thread, button, and clothing item.']","['Cut loose ends.', 'Place button where desired']",Place button where desired,1,0, A
2,53.84615384615385,"['Get out needle, thread, button, and clothing item.', 'Place button where desired']","['Take out thread and needle', 'pull the needle through']",pull the needle through,1,0, A
3,57.692307692307686,"['Get out needle, thread, button, and clothing item.', 'Place button where desired', 'pull the needle through']","[""pass needle and thread back through another of the button's needle holes"", 'Put all the items away']",pass needle and thread back through another of the button's needle holes,0,0, A
0,0.0,[],"['Cut off excess thread', 'Drive to fabric store']",Drive to fabric store,1,0, A
1,19.230769230769237,['Drive to fabric store'],"['Find thread that matches button color.', 'pull needle through to knot']",Find thread that matches button color.,0,0, A
2,23.07692307692308,"['Drive to fabric store', 'Find thread that matches button color.']","['Tie the thread at the bottom of the button', 'find the button']",find the button,1,0, A
3,34.61538461538461,"['Drive to fabric store', 'Find thread that matches button color.', 'find the button']","['Cut off remaining thread', 'Put an end of the thread through the eye of the needle']",Put an end of the thread through the eye of the needle,1,0, A
4,42.30769230769231,"['Drive to fabric store', 'Find thread that matches button color.', 'find the button', 'Put an end of the thread through the eye of the needle']","['Get needle.', 'Cut about 16 inches worth of thread.']",Cut about 16 inches worth of thread.,1,0, A
5,46.15384615384615,"['Drive to fabric store', 'Find thread that matches button color.', 'find the button', 'Put an end of the thread through the eye of the needle', 'Cut about 16 inches worth of thread.']","['Find a button', 'Apply button by driving needle through button']",Apply button by driving needle through button,1,0, A
6,88.46153846153845,"['Drive to fabric store', 'Find thread that matches button color.', 'find the button', 'Put an end of the thread through the eye of the needle', 'Cut about 16 inches worth of thread.', 'Apply button by driving needle through button']","['Put needle and thread back in drawer', 'Knot the ends of the thread together.']",Put needle and thread back in drawer,0,0, A
7,92.3076923076923,"['Drive to fabric store', 'Find thread that matches button color.', 'find the button', 'Put an end of the thread through the eye of the needle', 'Cut about 16 inches worth of thread.', 'Apply button by driving needle through button', 'Put needle and thread back in drawer']","['Check new button', 'Cut thread string to how much is needed']",Check new button,0,0, A
0,0.0,[],"['Get supplies - shirt, new button, thread, needle', 'Do this through all holes of button']","Get supplies - shirt, new button, thread, needle",0,0, A
1,7.6923076923076925,"['Get supplies - shirt, new button, thread, needle']","['Grab thread and needle', 'when done tie the end properly']",Grab thread and needle,0,0, A
2,11.538461538461538,"['Get supplies - shirt, new button, thread, needle', 'Grab thread and needle']","['Get the needle', 'Pull through']",Get the needle,0,0, A
3,19.230769230769237,"['Get supplies - shirt, new button, thread, needle', 'Grab thread and needle', 'Get the needle']","['Repeat until button is tight', 'Get some thread.']",Get some thread.,1,0, A
4,34.61538461538461,"['Get supplies - shirt, new button, thread, needle', 'Grab thread and needle', 'Get the needle', 'Get some thread.']","['Repeat several times until button is secure', 'Place the thread inside the needle']",Place the thread inside the needle,1,0, A
5,88.46153846153845,"['Get supplies - shirt, new button, thread, needle', 'Grab thread and needle', 'Get the needle', 'Get some thread.', 'Place the thread inside the needle']","['Put away needle and thread', 'Get garment which you would like to sew button on to.']",Put away needle and thread,0,0, A
6,92.3076923076923,"['Get supplies - shirt, new button, thread, needle', 'Grab thread and needle', 'Get the needle', 'Get some thread.', 'Place the thread inside the needle', 'Put away needle and thread']","['Get thread.', 'Check the button']",Check the button,1,0, A
0,0.0,[],"['Push needle through first hole', 'Drive to fabric store']",Drive to fabric store,1,0, A
1,19.230769230769237,['Drive to fabric store'],"['Get thread.', 'Repeat procedure until button is secure']",Get thread.,0,0, A
2,23.07692307692308,"['Drive to fabric store', 'Get thread.']","['get button', 'Continue to push and pull needle through button holes until button is secure']",get button,0,0, A
3,26.923076923076923,"['Drive to fabric store', 'Get thread.', 'get button']","['Pull til it stops at the knot, push through fabric and another button hole', 'Place item on flat surface']",Place item on flat surface,1,0, A
4,30.76923076923077,"['Drive to fabric store', 'Get thread.', 'get button', 'Place item on flat surface']","['Hold button to material.', 'Tie knot to secure thread and button to clothes']",Hold button to material.,0,0, A
5,34.61538461538461,"['Drive to fabric store', 'Get thread.', 'get button', 'Place item on flat surface', 'Hold button to material.']","['Thread needle', 'Cut the thread']",Thread needle,0,0, A
6,50.0,"['Drive to fabric store', 'Get thread.', 'get button', 'Place item on flat surface', 'Hold button to material.', 'Thread needle']","['push needle through button and shirt', 'Take out the needle']",push needle through button and shirt,0,0, A
7,53.84615384615385,"['Drive to fabric store', 'Get thread.', 'get button', 'Place item on flat surface', 'Hold button to material.', 'Thread needle', 'push needle through button and shirt']","['Use the needle to guide the thread', 'Find a matching button']",Use the needle to guide the thread,0,0, A
8,80.76923076923077,"['Drive to fabric store', 'Get thread.', 'get button', 'Place item on flat surface', 'Hold button to material.', 'Thread needle', 'push needle through button and shirt', 'Use the needle to guide the thread']","['Thread needle', 'Tie ends.']",Tie ends.,1,0, A
9,88.46153846153845,"['Drive to fabric store', 'Get thread.', 'get button', 'Place item on flat surface', 'Hold button to material.', 'Thread needle', 'push needle through button and shirt', 'Use the needle to guide the thread', 'Tie ends.']","['put needle and thread away', 'take the button']",put needle and thread away,0,0, A
0,0.0,[],"['Repeat until sewed on.', 'Get supplies - shirt, new button, thread, needle']","Get supplies - shirt, new button, thread, needle",1,0, A
1,7.6923076923076925,"['Get supplies - shirt, new button, thread, needle']","['Find a needle and thread', 'Break the thread and tie a final knot']",Find a needle and thread,0,0, A
2,34.61538461538461,"['Get supplies - shirt, new button, thread, needle', 'Find a needle and thread']","['Thread the needle', 'Cut thread from spindle']",Thread the needle,0,0, A
3,50.0,"['Get supplies - shirt, new button, thread, needle', 'Find a needle and thread', 'Thread the needle']","['Get scissors, needle, button and thread', 'Stick the needle through']",Stick the needle through,1,0, A
4,61.53846153846154,"['Get supplies - shirt, new button, thread, needle', 'Find a needle and thread', 'Thread the needle', 'Stick the needle through']","['Find thread that matches', 'Starting from the bottom, poke needle through hole in button']","Starting from the bottom, poke needle through hole in button",1,0, A
5,80.76923076923077,"['Get supplies - shirt, new button, thread, needle', 'Find a needle and thread', 'Thread the needle', 'Stick the needle through', 'Starting from the bottom, poke needle through hole in button']","['Tie off thread', 'Get thread']",Tie off thread,0,0, A
6,84.61538461538461,"['Get supplies - shirt, new button, thread, needle', 'Find a needle and thread', 'Thread the needle', 'Stick the needle through', 'Starting from the bottom, poke needle through hole in button', 'Tie off thread']","['Cut thread from spindle', 'Thread needle']",Cut thread from spindle,0,0, A
7,88.46153846153845,"['Get supplies - shirt, new button, thread, needle', 'Find a needle and thread', 'Thread the needle', 'Stick the needle through', 'Starting from the bottom, poke needle through hole in button', 'Tie off thread', 'Cut thread from spindle']","['put needle and thread away', 'Find a needle and thread']",put needle and thread away,0,0, A
8,92.3076923076923,"['Get supplies - shirt, new button, thread, needle', 'Find a needle and thread', 'Thread the needle', 'Stick the needle through', 'Starting from the bottom, poke needle through hole in button', 'Tie off thread', 'Cut thread from spindle', 'put needle and thread away']","['Check new button', 'Sew the button']",Check new button,0,0, A
0,0.0,[],"['Drive to fabric store', 'Continue crisscrossing thread between holes of button until button is tight.']",Drive to fabric store,0,0, A
1,19.230769230769237,['Drive to fabric store'],"['Find thread that matches', 'Tie the thread']",Find thread that matches,0,0, A
2,30.76923076923077,"['Drive to fabric store', 'Find thread that matches']","['Find sewing kit', 'Place button on item']",Place button on item,1,0, A
3,46.15384615384615,"['Drive to fabric store', 'Find thread that matches', 'Place button on item']","['Use needle to go through button holes', 'get sewing kit']",Use needle to go through button holes,0,0, A
4,76.92307692307693,"['Drive to fabric store', 'Find thread that matches', 'Place button on item', 'Use needle to go through button holes']","['Continue to loop the needle and thread through the button holes.', 'Knot the end to make it stay']",Continue to loop the needle and thread through the button holes.,0,0, A
5,80.76923076923077,"['Drive to fabric store', 'Find thread that matches', 'Place button on item', 'Use needle to go through button holes', 'Continue to loop the needle and thread through the button holes.']","['Tie ends.', 'Get item that needs a button']",Tie ends.,0,0, A
0,0.0,[],"['Cut thread', 'Get supplies - shirt, new button, thread, needle']","Get supplies - shirt, new button, thread, needle",1,0, A
1,30.76923076923077,"['Get supplies - shirt, new button, thread, needle']","['Cut thread', 'place botton where you want it']",place botton where you want it,1,0, A
2,50.0,"['Get supplies - shirt, new button, thread, needle', 'place botton where you want it']","['put the supplies away', 'insert needle through cloth']",insert needle through cloth,1,0, A
3,53.84615384615385,"['Get supplies - shirt, new button, thread, needle', 'place botton where you want it', 'insert needle through cloth']","['Pull it back out the other hole', 'Get sewing kit']",Pull it back out the other hole,0,0, A
4,61.53846153846154,"['Get supplies - shirt, new button, thread, needle', 'place botton where you want it', 'insert needle through cloth', 'Pull it back out the other hole']","['take the cloth to be sewed', 'Pull thread through']",Pull thread through,1,0, A
5,80.76923076923077,"['Get supplies - shirt, new button, thread, needle', 'place botton where you want it', 'insert needle through cloth', 'Pull it back out the other hole', 'Pull thread through']","['tie off the thread', 'line it up with the hole']",tie off the thread,0,0, A
0,0.0,[],"['Tie a knot a the end of the thread', 'Get supplies - shirt, new button, thread, needle']","Get supplies - shirt, new button, thread, needle",1,0, A
1,7.6923076923076925,"['Get supplies - shirt, new button, thread, needle']","['get thread and needle', 'Snip excess thread off']",get thread and needle,0,0, A
2,30.76923076923077,"['Get supplies - shirt, new button, thread, needle', 'get thread and needle']","['Put button in proper place', 'Put needle away']",Put button in proper place,0,0, A
3,42.30769230769231,"['Get supplies - shirt, new button, thread, needle', 'get thread and needle', 'Put button in proper place']","['Repeat through each button hole', 'Cut length of thread']",Cut length of thread,1,0, A
4,61.53846153846154,"['Get supplies - shirt, new button, thread, needle', 'get thread and needle', 'Put button in proper place', 'Cut length of thread']","['Sew button onto fabric through the first hole', 'Get thread.']",Sew button onto fabric through the first hole,0,0, A
5,76.92307692307693,"['Get supplies - shirt, new button, thread, needle', 'get thread and needle', 'Put button in proper place', 'Cut length of thread', 'Sew button onto fabric through the first hole']","['Repeat several times until button is attached solidly to the fabric.', 'Find a needle']",Repeat several times until button is attached solidly to the fabric.,0,0, A
0,0.0,[],"['Get your sewing kit', 'pass needle through needle hole in button']",Get your sewing kit,0,0, A
1,11.538461538461538,['Get your sewing kit'],"['Clean up.', 'Take a needle']",Take a needle,1,0, A
2,30.76923076923077,"['Get your sewing kit', 'Take a needle']","['Check new button', 'Put button on shirt']",Put button on shirt,1,0, A
3,42.30769230769231,"['Get your sewing kit', 'Take a needle', 'Put button on shirt']","['Cut about 16 inches worth of thread.', 'Get needle']",Cut about 16 inches worth of thread.,0,0, A
4,46.15384615384615,"['Get your sewing kit', 'Take a needle', 'Put button on shirt', 'Cut about 16 inches worth of thread.']","['Thread button onto clothing', 'Find button to be sewn']",Thread button onto clothing,0,0, A
5,53.84615384615385,"['Get your sewing kit', 'Take a needle', 'Put button on shirt', 'Cut about 16 inches worth of thread.', 'Thread button onto clothing']","['take the button', 'Pull thread through opposite button hole']",Pull thread through opposite button hole,1,0, A
6,61.53846153846154,"['Get your sewing kit', 'Take a needle', 'Put button on shirt', 'Cut about 16 inches worth of thread.', 'Thread button onto clothing', 'Pull thread through opposite button hole']","['Pull the needle until thread is completely on the other side of shirt', 'Remove the old button']",Pull the needle until thread is completely on the other side of shirt,0,0, A
7,80.76923076923077,"['Get your sewing kit', 'Take a needle', 'Put button on shirt', 'Cut about 16 inches worth of thread.', 'Thread button onto clothing', 'Pull thread through opposite button hole', 'Pull the needle until thread is completely on the other side of shirt']","['knot thread', 'Place button where desired']",knot thread,0,0, A
8,84.61538461538461,"['Get your sewing kit', 'Take a needle', 'Put button on shirt', 'Cut about 16 inches worth of thread.', 'Thread button onto clothing', 'Pull thread through opposite button hole', 'Pull the needle until thread is completely on the other side of shirt', 'knot thread']","['Get a piece of clothing.', 'cut the thread']",cut the thread,1,0, A
9,88.46153846153845,"['Get your sewing kit', 'Take a needle', 'Put button on shirt', 'Cut about 16 inches worth of thread.', 'Thread button onto clothing', 'Pull thread through opposite button hole', 'Pull the needle until thread is completely on the other side of shirt', 'knot thread', 'cut the thread']","['Put away needle and thread', 'Tie thread to needle']",Put away needle and thread,0,0, A
0,0.0,[],"['Thread the needle', 'Grab the fabric and button']",Grab the fabric and button,1,0, A
1,30.76923076923077,['Grab the fabric and button'],"['Put the button in the correct spot.', 'Wrap the thread']",Put the button in the correct spot.,0,0, A
2,46.15384615384615,"['Grab the fabric and button', 'Put the button in the correct spot.']","['Get out needle', 'Sew the button']",Sew the button,1,0, A
0,0.0,[],"['Drive to fabric store', 'stitching the button on']",Drive to fabric store,0,0, A
1,19.230769230769237,['Drive to fabric store'],"['Pass thread through button holes.', 'get some thread']",get some thread,1,0, A
2,34.61538461538461,"['Drive to fabric store', 'get some thread']","['Thread needle.', 'Tie off the thread']",Thread needle.,0,0, A
3,50.0,"['Drive to fabric store', 'get some thread', 'Thread needle.']","['Put the thread through the button and start threading', 'Clean up.']",Put the thread through the button and start threading,0,0, A
4,80.76923076923077,"['Drive to fabric store', 'get some thread', 'Thread needle.', 'Put the thread through the button and start threading']","['Tie the end of the string so it will not unravel', 'Take needle from sewing kit']",Tie the end of the string so it will not unravel,0,0, A
0,0.0,[],"['Find sewing kit.', 'Tie end in a knot']",Find sewing kit.,0,0, A
1,7.6923076923076925,['Find sewing kit.'],"['Get a needle and thread.', 'Sew button onto item']",Get a needle and thread.,0,0, A
2,19.230769230769237,"['Find sewing kit.', 'Get a needle and thread.']","['tie knot on thread', 'Pull out a length of thread.']",Pull out a length of thread.,1,0, A
3,23.07692307692308,"['Find sewing kit.', 'Get a needle and thread.', 'Pull out a length of thread.']","['Get extra button', 'Tie off knot with thread.']",Get extra button,0,0, A
4,30.76923076923077,"['Find sewing kit.', 'Get a needle and thread.', 'Pull out a length of thread.', 'Get extra button']","['put back all the materials', 'Place button where desired']",Place button where desired,1,0, A
5,46.15384615384615,"['Find sewing kit.', 'Get a needle and thread.', 'Pull out a length of thread.', 'Get extra button', 'Place button where desired']","['Find similar button', 'sew onto fabric securely']",sew onto fabric securely,1,0, A
6,88.46153846153845,"['Find sewing kit.', 'Get a needle and thread.', 'Pull out a length of thread.', 'Get extra button', 'Place button where desired', 'sew onto fabric securely']","['put the supplies away', 'Get needle.']",put the supplies away,0,0, A
0,0.0,[],"['Repeat several times, going through a different hole each time.', 'Drive to fabric store']",Drive to fabric store,1,0, A
1,19.230769230769237,['Drive to fabric store'],"[""Repeat until it's stable"", 'Take thread from sewing kit']",Take thread from sewing kit,1,0, A
2,26.923076923076923,"['Drive to fabric store', 'Take thread from sewing kit']","['put the supplies away', 'Find a piece of clothing.']",Find a piece of clothing.,1,0, A
3,50.0,"['Drive to fabric store', 'Take thread from sewing kit', 'Find a piece of clothing.']","['Push the needle through the fabric', 'Find a thread']",Push the needle through the fabric,0,0, A
4,80.76923076923077,"['Drive to fabric store', 'Take thread from sewing kit', 'Find a piece of clothing.', 'Push the needle through the fabric']","['Get button', 'Tie the end with a knot.']",Tie the end with a knot.,1,0, A
5,88.46153846153845,"['Drive to fabric store', 'Take thread from sewing kit', 'Find a piece of clothing.', 'Push the needle through the fabric', 'Tie the end with a knot.']","['Drive to fabric store', 'Clean up.']",Clean up.,1,0, A
6,92.3076923076923,"['Drive to fabric store', 'Take thread from sewing kit', 'Find a piece of clothing.', 'Push the needle through the fabric', 'Tie the end with a knot.', 'Clean up.']","['MAKE SURE BUTTON IS SECURE', 'Thread the needle']",MAKE SURE BUTTON IS SECURE,0,0, A
0,0.0,[],"['get sewing kit', 'Put needle and thread through holes']",get sewing kit,0,0, A
1,11.538461538461538,['get sewing kit'],"['Continue to loop the needle and thread through the button holes.', 'Take needle from sewing kit']",Take needle from sewing kit,1,0, A
2,30.76923076923077,"['get sewing kit', 'Take needle from sewing kit']","['Position button in correct place.', 'Find sewing kit']",Position button in correct place.,0,0, A
3,42.30769230769231,"['get sewing kit', 'Take needle from sewing kit', 'Position button in correct place.']","['get thread', 'Cut length of thread']",Cut length of thread,1,0, A
4,46.15384615384615,"['get sewing kit', 'Take needle from sewing kit', 'Position button in correct place.', 'Cut length of thread']","['Sew through the diagonal hole of the button and the garment.', 'Proceed to insert needle into button holes and through clothing/ item until securely sewn']",Proceed to insert needle into button holes and through clothing/ item until securely sewn,1,0, A
5,61.53846153846154,"['get sewing kit', 'Take needle from sewing kit', 'Position button in correct place.', 'Cut length of thread', 'Proceed to insert needle into button holes and through clothing/ item until securely sewn']","['put back all the materials', 'Start sewing going into the back of the garment.']",Start sewing going into the back of the garment.,1,0, A
6,76.92307692307693,"['get sewing kit', 'Take needle from sewing kit', 'Position button in correct place.', 'Cut length of thread', 'Proceed to insert needle into button holes and through clothing/ item until securely sewn', 'Start sewing going into the back of the garment.']","['Repeat for all holes to reinforce', 'Put button on shirt']",Repeat for all holes to reinforce,0,0, A
7,84.61538461538461,"['get sewing kit', 'Take needle from sewing kit', 'Position button in correct place.', 'Cut length of thread', 'Proceed to insert needle into button holes and through clothing/ item until securely sewn', 'Start sewing going into the back of the garment.', 'Repeat for all holes to reinforce']","['Cut away any extra string', 'Poke a hole in the fabric']",Cut away any extra string,0,0, A
8,88.46153846153845,"['get sewing kit', 'Take needle from sewing kit', 'Position button in correct place.', 'Cut length of thread', 'Proceed to insert needle into button holes and through clothing/ item until securely sewn', 'Start sewing going into the back of the garment.', 'Repeat for all holes to reinforce', 'Cut away any extra string']","['Place button on clothing', 'put sewing kit away']",put sewing kit away,1,0, A
9,92.3076923076923,"['get sewing kit', 'Take needle from sewing kit', 'Position button in correct place.', 'Cut length of thread', 'Proceed to insert needle into button holes and through clothing/ item until securely sewn', 'Start sewing going into the back of the garment.', 'Repeat for all holes to reinforce', 'Cut away any extra string', 'put sewing kit away']","['Find button that matches others.', 'Check new button']",Check new button,1,0, A
0,0.0,[],"['Get scissors, needle, button and thread', 'Cut the thread near the needle to finish']","Get scissors, needle, button and thread",0,0, A
1,26.923076923076923,"['Get scissors, needle, button and thread']","['grab object the button is being sewed', 'repeat 6 more times']",grab object the button is being sewed,0,0, A
2,34.61538461538461,"['Get scissors, needle, button and thread', 'grab object the button is being sewed']","['knot thread', 'pull the thread through the eye of needle']",pull the thread through the eye of needle,1,0, A
3,50.0,"['Get scissors, needle, button and thread', 'grab object the button is being sewed', 'pull the thread through the eye of needle']","['Push needle through button and fabric.', 'get sewing kit']",Push needle through button and fabric.,0,0, A
4,61.53846153846154,"['Get scissors, needle, button and thread', 'grab object the button is being sewed', 'pull the thread through the eye of needle', 'Push needle through button and fabric.']","['get item to be sewn', 'push the needle through the button']",push the needle through the button,1,0, A
5,65.38461538461539,"['Get scissors, needle, button and thread', 'grab object the button is being sewed', 'pull the thread through the eye of needle', 'Push needle through button and fabric.', 'push the needle through the button']","['Get the garment', 'Sew button through second hole']",Sew button through second hole,1,0, A
6,69.23076923076923,"['Get scissors, needle, button and thread', 'grab object the button is being sewed', 'pull the thread through the eye of needle', 'Push needle through button and fabric.', 'push the needle through the button', 'Sew button through second hole']","['Put needle in other button hole.', 'Find a button.']",Put needle in other button hole.,0,0, A
0,0.0,[],"['When done knot end.', 'Get out sewing kit.']",Get out sewing kit.,1,0, A
1,34.61538461538461,['Get out sewing kit.'],"['Secure the button with a knot', 'Put thread in needle']",Put thread in needle,1,0, A
2,61.53846153846154,"['Get out sewing kit.', 'Put thread in needle']","['push the needle through the button', 'Get out thread']",push the needle through the button,0,0, A
3,65.38461538461539,"['Get out sewing kit.', 'Put thread in needle', 'push the needle through the button']","['Find a button', 'Pull needle and thread']",Pull needle and thread,1,0, A
4,69.23076923076923,"['Get out sewing kit.', 'Put thread in needle', 'push the needle through the button', 'Pull needle and thread']","['Get needle and thread', 'Sew through the diagonal hole of the button and the garment.']",Sew through the diagonal hole of the button and the garment.,1,0, A
5,73.07692307692307,"['Get out sewing kit.', 'Put thread in needle', 'push the needle through the button', 'Pull needle and thread', 'Sew through the diagonal hole of the button and the garment.']","['Push needle down through other button on hole', 'Choose thread color']",Push needle down through other button on hole,0,0, A
0,0.0,[],"['Sew button onto garment.', 'Get sewing kit']",Get sewing kit,1,0, A
1,7.6923076923076925,['Get sewing kit'],"['Pull til it stops at the knot, push through fabric and another button hole', 'Get needle and thread']",Get needle and thread,1,0, A
2,26.923076923076923,"['Get sewing kit', 'Get needle and thread']","['Get clothing', 'Repeat the inserting as above for about 10 times']",Get clothing,0,0, A
3,34.61538461538461,"['Get sewing kit', 'Get needle and thread', 'Get clothing']","['knot thread', 'thread the needle']",thread the needle,1,0, A
4,88.46153846153845,"['Get sewing kit', 'Get needle and thread', 'Get clothing', 'thread the needle']","['Get a piece of clothing.', 'Put away needle and thread']",Put away needle and thread,1,0, A
0,0.0,[],"['Drive to fabric store', 'Cut loose ends']",Drive to fabric store,0,0, A
1,19.230769230769237,['Drive to fabric store'],"['Push needle through the button holes', 'Find thread']",Find thread,1,0, A
2,23.07692307692308,"['Drive to fabric store', 'Find thread']","['Find matching button, or old button.', 'Poke needle through opposite hole']","Find matching button, or old button.",0,0, A
3,26.923076923076923,"['Drive to fabric store', 'Find thread', 'Find matching button, or old button.']","['Cut the thread', 'Remove the old button']",Remove the old button,1,0, A
4,34.61538461538461,"['Drive to fabric store', 'Find thread', 'Find matching button, or old button.', 'Remove the old button']","['Thread the needle', 'Knot thread']",Thread the needle,0,0, A
5,88.46153846153845,"['Drive to fabric store', 'Find thread', 'Find matching button, or old button.', 'Remove the old button', 'Thread the needle']","['put the supplies away', 'Tie knot in end of thread']",put the supplies away,0,0, A
0,0.0,[],"['Cut the needle off of the thread.', 'Get sewing kit']",Get sewing kit,1,0, A
1,11.538461538461538,['Get sewing kit'],"['Thread needle', 'cut the thread when finished']",Thread needle,0,0, A
2,23.07692307692308,"['Get sewing kit', 'Thread needle']","['Repeat until button is tight', 'take the button']",take the button,1,0, A
3,30.76923076923077,"['Get sewing kit', 'Thread needle', 'take the button']","['Poke needle through opposite hole', 'line new button up with corresponding button hole']",line new button up with corresponding button hole,1,0, A
4,46.15384615384615,"['Get sewing kit', 'Thread needle', 'take the button', 'line new button up with corresponding button hole']","['Find button replacement', 'Sew button.']",Sew button.,1,0, A
5,80.76923076923077,"['Get sewing kit', 'Thread needle', 'take the button', 'line new button up with corresponding button hole', 'Sew button.']","['Get sewing kit', 'Tie the thread so the button will not come loose']",Tie the thread so the button will not come loose,1,0, A
6,88.46153846153845,"['Get sewing kit', 'Thread needle', 'take the button', 'line new button up with corresponding button hole', 'Sew button.', 'Tie the thread so the button will not come loose']","['Remove the old button', 'put back all the materials']",put back all the materials,1,0, A
0,0.0,[],"['Put needle through button and shirt', 'Drive to fabric store']",Drive to fabric store,1,0, A
1,19.230769230769237,['Drive to fabric store'],"['Find thread that matches button color.', 'Sew button into place']",Find thread that matches button color.,0,0, A
2,23.07692307692308,"['Drive to fabric store', 'Find thread that matches button color.']","['Choose a button.', 'Ending again in the back of the garment cut off the thread.']",Choose a button.,0,0, A
3,26.923076923076923,"['Drive to fabric store', 'Find thread that matches button color.', 'Choose a button.']","['Remove the old button', 'Pull needle and thread']",Remove the old button,0,0, A
4,34.61538461538461,"['Drive to fabric store', 'Find thread that matches button color.', 'Choose a button.', 'Remove the old button']","['Tie of thread on inside', 'put thread through needle']",put thread through needle,1,0, A
5,42.30769230769231,"['Drive to fabric store', 'Find thread that matches button color.', 'Choose a button.', 'Remove the old button', 'put thread through needle']","['Cut off excess thread', 'Cut thread string to how much is needed']",Cut thread string to how much is needed,1,0, A
6,46.15384615384615,"['Drive to fabric store', 'Find thread that matches button color.', 'Choose a button.', 'Remove the old button', 'put thread through needle', 'Cut thread string to how much is needed']","['Get button', 'Push needle through fabric and button hole']",Push needle through fabric and button hole,1,0, A
7,80.76923076923077,"['Drive to fabric store', 'Find thread that matches button color.', 'Choose a button.', 'Remove the old button', 'put thread through needle', 'Cut thread string to how much is needed', 'Push needle through fabric and button hole']","['Get a shirt.', 'Tie thread at end']",Tie thread at end,1,0, A
0,0.0,[],"['Get out needle, thread, button, and clothing item.', 'Cut the needle off of the thread.']","Get out needle, thread, button, and clothing item.",0,0, A
1,26.923076923076923,"['Get out needle, thread, button, and clothing item.']","['Place item on flat surface', ""Make 4 x's in button.""]",Place item on flat surface,0,0, A
2,30.76923076923077,"['Get out needle, thread, button, and clothing item.', 'Place item on flat surface']","['Repeat until button is tight', 'Place button on fabric']",Place button on fabric,1,0, A
3,61.53846153846154,"['Get out needle, thread, button, and clothing item.', 'Place item on flat surface', 'Place button on fabric']","['take the needle and matching thread', 'Pull thread through']",Pull thread through,1,0, A
4,65.38461538461539,"['Get out needle, thread, button, and clothing item.', 'Place item on flat surface', 'Place button on fabric', 'Pull thread through']","['Find button that matches others.', 'Push needle through other hole of button and through clothes']",Push needle through other hole of button and through clothes,1,0, A
5,69.23076923076923,"['Get out needle, thread, button, and clothing item.', 'Place item on flat surface', 'Place button on fabric', 'Pull thread through', 'Push needle through other hole of button and through clothes']","['put needle into adjoining hole', 'Push needle through fabric and button hole']",put needle into adjoining hole,0,0, A
0,0.0,[],"['Drive to fabric store', 'Push needle through fabric and button hole']",Drive to fabric store,0,0, A
1,19.230769230769237,['Drive to fabric store'],"['Find thread', 'Tie off thread']",Find thread,0,0, A
2,30.76923076923077,"['Drive to fabric store', 'Find thread']","['cut the thread', 'Place button on desired spot on shirt.']",Place button on desired spot on shirt.,1,0, A
3,50.0,"['Drive to fabric store', 'Find thread', 'Place button on desired spot on shirt.']","['Get out thread', 'Push needle through the button hole into the fabric']",Push needle through the button hole into the fabric,1,0, A
4,80.76923076923077,"['Drive to fabric store', 'Find thread', 'Place button on desired spot on shirt.', 'Push needle through the button hole into the fabric']","['Tie another knot at the end of the thread.', 'Tie thread to needle']",Tie another knot at the end of the thread.,0,0, A
5,84.61538461538461,"['Drive to fabric store', 'Find thread', 'Place button on desired spot on shirt.', 'Push needle through the button hole into the fabric', 'Tie another knot at the end of the thread.']","['Cut loose ends', 'find shirt with missing button']",Cut loose ends,0,0, A
6,88.46153846153845,"['Drive to fabric store', 'Find thread', 'Place button on desired spot on shirt.', 'Push needle through the button hole into the fabric', 'Tie another knot at the end of the thread.', 'Cut loose ends']","['put sewing kit away', 'Get some thread']",put sewing kit away,0,0, A
7,92.3076923076923,"['Drive to fabric store', 'Find thread', 'Place button on desired spot on shirt.', 'Push needle through the button hole into the fabric', 'Tie another knot at the end of the thread.', 'Cut loose ends', 'put sewing kit away']","['Find button that matches others.', 'Check the button']",Check the button,1,0, A
0,0.0,[],"['Drive to fabric store', 'Place item on flat surface']",Drive to fabric store,0,0, A
1,19.230769230769237,['Drive to fabric store'],"['Pull the needle until thread is completely on the other side of shirt', 'Get thread']",Get thread,1,0, A
2,34.61538461538461,"['Drive to fabric store', 'Get thread']","['Tie off thread', 'thread needle']",thread needle,1,0, A
3,38.46153846153847,"['Drive to fabric store', 'Get thread', 'thread needle']","['Cut thread', 'Tie a knot in the end of thread']",Tie a knot in the end of thread,1,0, A
4,46.15384615384615,"['Drive to fabric store', 'Get thread', 'thread needle', 'Tie a knot in the end of thread']","['Use the needle to sew the broken button', 'Pull needle and thread']",Use the needle to sew the broken button,0,0, A
5,50.0,"['Drive to fabric store', 'Get thread', 'thread needle', 'Tie a knot in the end of thread', 'Use the needle to sew the broken button']","['Push needle through the button holes', 'Cut the excess thread']",Push needle through the button holes,0,0, A
6,80.76923076923077,"['Drive to fabric store', 'Get thread', 'thread needle', 'Tie a knot in the end of thread', 'Use the needle to sew the broken button', 'Push needle through the button holes']","['Tie off knot with thread.', 'Get a needle']",Tie off knot with thread.,0,0, A
7,84.61538461538461,"['Drive to fabric store', 'Get thread', 'thread needle', 'Tie a knot in the end of thread', 'Use the needle to sew the broken button', 'Push needle through the button holes', 'Tie off knot with thread.']","['Get needle and thread', 'Cut excess thread']",Cut excess thread,1,0, A
0,0.0,[],"['Get supplies - shirt, new button, thread, needle', 'Thread the needle']","Get supplies - shirt, new button, thread, needle",0,0, A
1,26.923076923076923,"['Get supplies - shirt, new button, thread, needle']","['Tie a knot.', 'Hold shirt with non-dominant hand']",Hold shirt with non-dominant hand,1,0, A
2,30.76923076923077,"['Get supplies - shirt, new button, thread, needle', 'Hold shirt with non-dominant hand']","['cut thread so that need will detach', 'Place button where desired']",Place button where desired,1,0, A
3,50.0,"['Get supplies - shirt, new button, thread, needle', 'Hold shirt with non-dominant hand', 'Place button where desired']","['get thread and needle', 'Put the thread through the button and start threading']",Put the thread through the button and start threading,1,0, A
4,53.84615384615385,"['Get supplies - shirt, new button, thread, needle', 'Hold shirt with non-dominant hand', 'Place button where desired', 'Put the thread through the button and start threading']","['get thread and needle', 'Place needle through button eyelets.']",Place needle through button eyelets.,1,0, A
5,80.76923076923077,"['Get supplies - shirt, new button, thread, needle', 'Hold shirt with non-dominant hand', 'Place button where desired', 'Put the thread through the button and start threading', 'Place needle through button eyelets.']","['Break the thread and tie a final knot', 'Select a button']",Break the thread and tie a final knot,0,0, A
0,0.0,[],"['Grab the fabric and button', 'Tie off thread']",Grab the fabric and button,0,0, A
1,26.923076923076923,['Grab the fabric and button'],"['Hold shirt with non-dominant hand', 'Keep repeating the sewing to reinforce the strength']",Hold shirt with non-dominant hand,0,0, A
2,34.61538461538461,"['Grab the fabric and button', 'Hold shirt with non-dominant hand']","['Hook thread through needle', 'Tie the end with a knot.']",Hook thread through needle,0,0, A
3,53.84615384615385,"['Grab the fabric and button', 'Hold shirt with non-dominant hand', 'Hook thread through needle']","['Continue to push and pull needle through button holes until button is secure', 'Get sewing kit']",Continue to push and pull needle through button holes until button is secure,0,0, A
0,0.0,[],"['Gather supplies', 'Sew needle through other holes in an X formation']",Gather supplies,0,0, A
1,26.923076923076923,['Gather supplies'],"['Hold shirt with non-dominant hand', 'MAKE SURE BUTTON IS SECURE']",Hold shirt with non-dominant hand,0,0, A
2,30.76923076923077,"['Gather supplies', 'Hold shirt with non-dominant hand']","['Take out sewing kit', 'Place button on item']",Place button on item,1,0, A
3,53.84615384615385,"['Gather supplies', 'Hold shirt with non-dominant hand', 'Place button on item']","['Find a button that matches', 'Pull thread through and secure button']",Pull thread through and secure button,1,0, A
4,80.76923076923077,"['Gather supplies', 'Hold shirt with non-dominant hand', 'Place button on item', 'Pull thread through and secure button']","['Thread the needle', 'Tie the end of the string']",Tie the end of the string,1,0, A
0,0.0,[],"['Drive to fabric store', 'tie knot at end of thread']",Drive to fabric store,0,0, A
1,19.230769230769237,['Drive to fabric store'],"['Get the thread', 'Sew button through second hole']",Get the thread,0,0, A
2,34.61538461538461,"['Drive to fabric store', 'Get the thread']","['Thread the needle', 'Slide button onto needle and thread.']",Thread the needle,0,0, A
3,50.0,"['Drive to fabric store', 'Get the thread', 'Thread the needle']","['Check new button', 'Push needle through back of clothes and through hole of button']",Push needle through back of clothes and through hole of button,1,0, A
4,61.53846153846154,"['Drive to fabric store', 'Get the thread', 'Thread the needle', 'Push needle through back of clothes and through hole of button']","['Find thread that matches', 'Starting from the bottom, poke needle through hole in button']","Starting from the bottom, poke needle through hole in button",1,0, A
5,65.38461538461539,"['Drive to fabric store', 'Get the thread', 'Thread the needle', 'Push needle through back of clothes and through hole of button', 'Starting from the bottom, poke needle through hole in button']","['thread the needle', 'Then push needle through material']",Then push needle through material,1,0, A
6,69.23076923076923,"['Drive to fabric store', 'Get the thread', 'Thread the needle', 'Push needle through back of clothes and through hole of button', 'Starting from the bottom, poke needle through hole in button', 'Then push needle through material']","['Get a needle.', 'Move needle down to hole opposite first hole']",Move needle down to hole opposite first hole,1,0, A
7,73.07692307692307,"['Drive to fabric store', 'Get the thread', 'Thread the needle', 'Push needle through back of clothes and through hole of button', 'Starting from the bottom, poke needle through hole in button', 'Then push needle through material', 'Move needle down to hole opposite first hole']","['Pull needle and thread', 'Thread the needle']",Pull needle and thread,0,0, A
0,0.0,[],"['Thread needle with some thread.', 'Drive to fabric store']",Drive to fabric store,1,0, A
1,19.230769230769237,['Drive to fabric store'],"['getting out thread', 'Pass thread through button holes.']",getting out thread,0,0, A
2,34.61538461538461,"['Drive to fabric store', 'getting out thread']","['Push through other holes', 'thread needle']",thread needle,1,0, A
3,88.46153846153845,"['Drive to fabric store', 'getting out thread', 'thread needle']","['Put everything away.', 'Push needle through the button holes']",Put everything away.,0,0, A
0,0.0,[],"['Repeat several times until button is secure', 'Get sewing basket']",Get sewing basket,1,0, A
1,23.07692307692308,['Get sewing basket'],"['Find a spare button that matches the other buttons', ""Repeat until it's stable""]",Find a spare button that matches the other buttons,0,0, A
2,26.923076923076923,"['Get sewing basket', 'Find a spare button that matches the other buttons']","['Remove the old button', 'Get out sewing kit']",Remove the old button,0,0, A
3,34.61538461538461,"['Get sewing basket', 'Find a spare button that matches the other buttons', 'Remove the old button']","['Thread needle', 'Repeat to make loop and knot it.']",Thread needle,0,0, A
4,88.46153846153845,"['Get sewing basket', 'Find a spare button that matches the other buttons', 'Remove the old button', 'Thread needle']","['Drive to fabric store', 'Put away needle and thread']",Put away needle and thread,1,0, A
5,92.3076923076923,"['Get sewing basket', 'Find a spare button that matches the other buttons', 'Remove the old button', 'Thread needle', 'Put away needle and thread']","['MAKE SURE BUTTON IS SECURE', 'Sew button onto fabric through the first hole']",MAKE SURE BUTTON IS SECURE,0,0, A
0,0.0,[],"['Insert needle through one side of button', 'Get button, thread, needle and scissors']","Get button, thread, needle and scissors",1,0, A
1,26.923076923076923,"['Get button, thread, needle and scissors']","['Put needle and thread back in drawer', 'grab object the button is being sewed']",grab object the button is being sewed,1,0, A
2,34.61538461538461,"['Get button, thread, needle and scissors', 'grab object the button is being sewed']","['Thread needle.', 'Cut off remaining thread']",Thread needle.,0,0, A
3,53.84615384615385,"['Get button, thread, needle and scissors', 'grab object the button is being sewed', 'Thread needle.']","['Find a button that matches the others on your garment', 'pull thread forward']",pull thread forward,1,0, A
4,76.92307692307693,"['Get button, thread, needle and scissors', 'grab object the button is being sewed', 'Thread needle.', 'pull thread forward']","['take the button', ""Repeat until it's stable""]",Repeat until it's stable,1,0, A
5,84.61538461538461,"['Get button, thread, needle and scissors', 'grab object the button is being sewed', 'Thread needle.', 'pull thread forward', ""Repeat until it's stable""]","['Cut the thread near the needle to finish', 'Get needle and thread']",Cut the thread near the needle to finish,0,0, A
0,0.0,[],"['Get the sewing kit.', 'Tie a knot at the end of thread']",Get the sewing kit.,0,0, A
1,19.230769230769237,['Get the sewing kit.'],"['Get the thread', 'Use the needle to guide the thread']",Get the thread,0,0, A
2,26.923076923076923,"['Get the sewing kit.', 'Get the thread']","['Take the cloth to be sewed', 'Push needle down through other button on hole']",Take the cloth to be sewed,0,0, A
3,34.61538461538461,"['Get the sewing kit.', 'Get the thread', 'Take the cloth to be sewed']","['Repeat step 8 until button is sewn on', 'Thread needle']",Thread needle,1,0, A
4,88.46153846153845,"['Get the sewing kit.', 'Get the thread', 'Take the cloth to be sewed', 'Thread needle']","['Put everything away.', 'Get thread']",Put everything away.,0,0, A
5,92.3076923076923,"['Get the sewing kit.', 'Get the thread', 'Take the cloth to be sewed', 'Thread needle', 'Put everything away.']","['Check the button', 'pull the needle through']",Check the button,0,0, A
0,0.0,[],"['Get sewing basket', 'Sew on']",Get sewing basket,0,0, A
1,34.61538461538461,['Get sewing basket'],"['thread the needle', 'Do this through all holes of button']",thread the needle,0,0, A
2,46.15384615384615,"['Get sewing basket', 'thread the needle']","['Use needle and thread to sew button', 'Get sewing basket']",Use needle and thread to sew button,0,0, A
3,50.0,"['Get sewing basket', 'thread the needle', 'Use needle and thread to sew button']","['pull through on the other side', 'Find right color string']",pull through on the other side,0,0, A
4,80.76923076923077,"['Get sewing basket', 'thread the needle', 'Use needle and thread to sew button', 'pull through on the other side']","['tug to make sure it is secure', 'Thread a needle']",tug to make sure it is secure,0,0, A
0,0.0,[],"['Drive to fabric store', 'Knot thread']",Drive to fabric store,0,0, A
1,19.230769230769237,['Drive to fabric store'],"['Check if the button is tight', 'Find thread']",Find thread,1,0, A
2,30.76923076923077,"['Drive to fabric store', 'Find thread']","['Take out sewing kit.', 'Place button where you want it.']",Place button where you want it.,1,0, A
3,42.30769230769231,"['Drive to fabric store', 'Find thread', 'Place button where you want it.']","['Cut off any loose threads with a scissors.', 'Cut away any loose threads.']",Cut away any loose threads.,1,0, A
4,46.15384615384615,"['Drive to fabric store', 'Find thread', 'Place button where you want it.', 'Cut away any loose threads.']","['Find a thread', 'put the needle in and out through the holes']",put the needle in and out through the holes,1,0, A
5,53.84615384615385,"['Drive to fabric store', 'Find thread', 'Place button where you want it.', 'Cut away any loose threads.', 'put the needle in and out through the holes']","['Get the button', 'Pull thread through opposite button hole']",Pull thread through opposite button hole,1,0, A
6,57.692307692307686,"['Drive to fabric store', 'Find thread', 'Place button where you want it.', 'Cut away any loose threads.', 'put the needle in and out through the holes', 'Pull thread through opposite button hole']","[""pass needle and thread back through another of the button's needle holes"", 'Get needle']",pass needle and thread back through another of the button's needle holes,0,0, A
7,61.53846153846154,"['Drive to fabric store', 'Find thread', 'Place button where you want it.', 'Cut away any loose threads.', 'put the needle in and out through the holes', 'Pull thread through opposite button hole', ""pass needle and thread back through another of the button's needle holes""]","['Start sewing going into the back of the garment.', 'gather needle and thread']",Start sewing going into the back of the garment.,0,0, A
8,80.76923076923077,"['Drive to fabric store', 'Find thread', 'Place button where you want it.', 'Cut away any loose threads.', 'put the needle in and out through the holes', 'Pull thread through opposite button hole', ""pass needle and thread back through another of the button's needle holes"", 'Start sewing going into the back of the garment.']","['Thread the needle', 'Tie off thread']",Tie off thread,1,0, A
9,84.61538461538461,"['Drive to fabric store', 'Find thread', 'Place button where you want it.', 'Cut away any loose threads.', 'put the needle in and out through the holes', 'Pull thread through opposite button hole', ""pass needle and thread back through another of the button's needle holes"", 'Start sewing going into the back of the garment.', 'Tie off thread']","['line new button up with corresponding button hole', 'Cut off excess thread']",Cut off excess thread,1,0, A
10,88.46153846153845,"['Drive to fabric store', 'Find thread', 'Place button where you want it.', 'Cut away any loose threads.', 'put the needle in and out through the holes', 'Pull thread through opposite button hole', ""pass needle and thread back through another of the button's needle holes"", 'Start sewing going into the back of the garment.', 'Tie off thread', 'Cut off excess thread']","['Find sewing kit.', 'Put all the items away']",Put all the items away,1,0, A
11,92.3076923076923,"['Drive to fabric store', 'Find thread', 'Place button where you want it.', 'Cut away any loose threads.', 'put the needle in and out through the holes', 'Pull thread through opposite button hole', ""pass needle and thread back through another of the button's needle holes"", 'Start sewing going into the back of the garment.', 'Tie off thread', 'Cut off excess thread', 'Put all the items away']","['MAKE SURE BUTTON IS SECURE', 'Pull out a length of thread.']",MAKE SURE BUTTON IS SECURE,0,0, A
0,0.0,[],"['Push needle through button hole', 'get thread, needle, button to be sewn']","get thread, needle, button to be sewn",1,0, A
1,7.6923076923076925,"['get thread, needle, button to be sewn']","['Tie the end with a knot.', 'Get thread and needle']",Get thread and needle,1,0, A
2,26.923076923076923,"['get thread, needle, button to be sewn', 'Get thread and needle']","['Continue to push and pull needle through button holes until button is secure', 'grab object the button is being sewed']",grab object the button is being sewed,1,0, A
3,34.61538461538461,"['get thread, needle, button to be sewn', 'Get thread and needle', 'grab object the button is being sewed']","['Repeat for all holes to reinforce', 'Thread needle']",Thread needle,1,0, A
4,46.15384615384615,"['get thread, needle, button to be sewn', 'Get thread and needle', 'grab object the button is being sewed', 'Thread needle']","[""Pull a thread of a matching color through the needle's eye"", 'Sew button.']",Sew button.,1,0, A
5,76.92307692307693,"['get thread, needle, button to be sewn', 'Get thread and needle', 'grab object the button is being sewed', 'Thread needle', 'Sew button.']","['repeat 5-8 several times until button is secure', 'Get a replacement button.']",repeat 5-8 several times until button is secure,0,0, A
0,0.0,[],"['Drive to fabric store', 'Sew the button']",Drive to fabric store,0,0, A
1,19.230769230769237,['Drive to fabric store'],"['Then push needle through material', 'Get thread']",Get thread,1,0, A
2,26.923076923076923,"['Drive to fabric store', 'Get thread']","['Repeat step 8 until button is sewn on', 'Get a piece of clothing.']",Get a piece of clothing.,1,0, A
3,46.15384615384615,"['Drive to fabric store', 'Get thread', 'Get a piece of clothing.']","['find the needle', 'Pass needle through shirt and button holes']",Pass needle through shirt and button holes,1,0, A
4,53.84615384615385,"['Drive to fabric store', 'Get thread', 'Get a piece of clothing.', 'Pass needle through shirt and button holes']","['Get a needle and thread', 'Place button close to clothing.']",Place button close to clothing.,1,0, A
5,76.92307692307693,"['Drive to fabric store', 'Get thread', 'Get a piece of clothing.', 'Pass needle through shirt and button holes', 'Place button close to clothing.']","['Tie knot in thread.', 'Keep threading until the button is firmly attached']",Keep threading until the button is firmly attached,1,0, A
6,80.76923076923077,"['Drive to fabric store', 'Get thread', 'Get a piece of clothing.', 'Pass needle through shirt and button holes', 'Place button close to clothing.', 'Keep threading until the button is firmly attached']","['Take the cloth to be sewed', 'Secure the button with a knot']",Secure the button with a knot,1,0, A
7,84.61538461538461,"['Drive to fabric store', 'Get thread', 'Get a piece of clothing.', 'Pass needle through shirt and button holes', 'Place button close to clothing.', 'Keep threading until the button is firmly attached', 'Secure the button with a knot']","['Thread the needle', 'Cut the needle off of the thread.']",Cut the needle off of the thread.,1,0, A
0,0.0,[],"['Find sewing kit', 'Place button where desired']",Find sewing kit,0,0, A
1,11.538461538461538,['Find sewing kit'],"['Find a needle', 'Tie off your thread.']",Find a needle,0,0, A
2,23.07692307692308,"['Find sewing kit', 'Find a needle']","['Cut loose ends', 'Get button']",Get button,1,0, A
3,34.61538461538461,"['Find sewing kit', 'Find a needle', 'Get button']","['Cut the thread.', 'Thread a needle with thread that matches shirt that needs a new button.']",Thread a needle with thread that matches shirt that needs a new button.,1,0, A
4,50.0,"['Find sewing kit', 'Find a needle', 'Get button', 'Thread a needle with thread that matches shirt that needs a new button.']","['Get a needle', 'Starting on inside of garment, push through with needle.']","Starting on inside of garment, push through with needle.",1,0, A
5,76.92307692307693,"['Find sewing kit', 'Find a needle', 'Get button', 'Thread a needle with thread that matches shirt that needs a new button.', 'Starting on inside of garment, push through with needle.']","['Thread needle.', 'Continue until button is secure']",Continue until button is secure,1,0, A
6,84.61538461538461,"['Find sewing kit', 'Find a needle', 'Get button', 'Thread a needle with thread that matches shirt that needs a new button.', 'Starting on inside of garment, push through with needle.', 'Continue until button is secure']","['Thread needle', 'Cut off remaining thread']",Cut off remaining thread,1,0, A
0,0.0,[],"['Grab the fabric and button', 'Thread needle.']",Grab the fabric and button,0,0, A
1,7.6923076923076925,['Grab the fabric and button'],"['Put all the items away', 'Take out thread and needle']",Take out thread and needle,1,0, A
2,34.61538461538461,"['Grab the fabric and button', 'Take out thread and needle']","['Thread the needle', 'Repeat to make loop and knot it.']",Thread the needle,0,0, A
3,46.15384615384615,"['Grab the fabric and button', 'Take out thread and needle', 'Thread the needle']","['Find an extra button', 'sew the button on carefully']",sew the button on carefully,1,0, A
4,53.84615384615385,"['Grab the fabric and button', 'Take out thread and needle', 'Thread the needle', 'sew the button on carefully']","['Get out sewing kit.', 'pull thread forward']",pull thread forward,1,0, A
0,0.0,[],"['Take out sewing kit.', 'Stick the needle through']",Take out sewing kit.,0,0, A
1,11.538461538461538,['Take out sewing kit.'],"['sew the button on the garment', 'Get needle.']",Get needle.,1,0, A
2,34.61538461538461,"['Take out sewing kit.', 'Get needle.']","['Pull through', 'Thread the needle.']",Thread the needle.,1,0, A
3,61.53846153846154,"['Take out sewing kit.', 'Get needle.', 'Thread the needle.']","['Push needle through hole', 'Take shirt']",Push needle through hole,0,0, A
4,65.38461538461539,"['Take out sewing kit.', 'Get needle.', 'Thread the needle.', 'Push needle through hole']","['Grab button', 'Bring the needle up through another hole on button.']",Bring the needle up through another hole on button.,1,0, A
5,69.23076923076923,"['Take out sewing kit.', 'Get needle.', 'Thread the needle.', 'Push needle through hole', 'Bring the needle up through another hole on button.']","['Sew through the diagonal hole of the button and the garment.', 'Align button']",Sew through the diagonal hole of the button and the garment.,0,0, A
6,73.07692307692307,"['Take out sewing kit.', 'Get needle.', 'Thread the needle.', 'Push needle through hole', 'Bring the needle up through another hole on button.', 'Sew through the diagonal hole of the button and the garment.']","['Sew button through fourth and final hole', 'Put the thread through the button and start threading']",Sew button through fourth and final hole,0,0, A
7,84.61538461538461,"['Take out sewing kit.', 'Get needle.', 'Thread the needle.', 'Push needle through hole', 'Bring the needle up through another hole on button.', 'Sew through the diagonal hole of the button and the garment.', 'Sew button through fourth and final hole']","['Cut loose ends', 'Get sewing basket']",Cut loose ends,0,0, A
0,0.0,[],"['Hold button to material.', 'Get sewing kit']",Get sewing kit,1,0, A
1,11.538461538461538,['Get sewing kit'],"['Get needle', 'cut the thread when finished']",Get needle,0,0, A
2,34.61538461538461,"['Get sewing kit', 'Get needle']","['thread the needle', 'Push needle through other hole of button and through clothes']",thread the needle,0,0, A
3,50.0,"['Get sewing kit', 'Get needle', 'thread the needle']","['pull through on the other side', 'Cut thread.']",pull through on the other side,0,0, A
4,65.38461538461539,"['Get sewing kit', 'Get needle', 'thread the needle', 'pull through on the other side']","['Slide button onto needle and thread.', 'Place button where you want it to go']",Slide button onto needle and thread.,0,0, A
5,76.92307692307693,"['Get sewing kit', 'Get needle', 'thread the needle', 'pull through on the other side', 'Slide button onto needle and thread.']","['repeat steps 4-5 until button is secured to shirt', 'Grab the garment that you would like to sew the button to.']",repeat steps 4-5 until button is secured to shirt,0,0, A
6,80.76923076923077,"['Get sewing kit', 'Get needle', 'thread the needle', 'pull through on the other side', 'Slide button onto needle and thread.', 'repeat steps 4-5 until button is secured to shirt']","['Pick thread to use', 'tie a knot in the thread']",tie a knot in the thread,1,0, A
0,0.0,[],"['Drive to fabric store', 'Thread the needle']",Drive to fabric store,0,0, A
1,19.230769230769237,['Drive to fabric store'],"['Push through other holes', 'Take thread from sewing kit']",Take thread from sewing kit,1,0, A
2,30.76923076923077,"['Drive to fabric store', 'Take thread from sewing kit']","['Place button onto item of clothing', 'Tie off the end of the thread']",Place button onto item of clothing,0,0, A
3,61.53846153846154,"['Drive to fabric store', 'Take thread from sewing kit', 'Place button onto item of clothing']","['Thread one hole with the needle', 'Cut off any loose threads with a scissors.']",Thread one hole with the needle,0,0, A
4,80.76923076923077,"['Drive to fabric store', 'Take thread from sewing kit', 'Place button onto item of clothing', 'Thread one hole with the needle']","['knot thread', 'Prepare garment for sewing']",knot thread,0,0, A
5,88.46153846153845,"['Drive to fabric store', 'Take thread from sewing kit', 'Place button onto item of clothing', 'Thread one hole with the needle', 'knot thread']","['Crisscross on the button', 'Put needle away']",Put needle away,1,0, A
0,0.0,[],"['Put button in proper place', 'Drive to fabric store']",Drive to fabric store,1,0, A
1,19.230769230769237,['Drive to fabric store'],"['Find a thread', 'Cut.']",Find a thread,0,0, A
2,23.07692307692308,"['Drive to fabric store', 'Find a thread']","['Get your button', 'Tie end in a knot']",Get your button,0,0, A
3,38.46153846153847,"['Drive to fabric store', 'Find a thread', 'Get your button']","['Tie knot at end of thread.', 'Repeat this until the button is secure']",Tie knot at end of thread.,0,0, A
4,42.30769230769231,"['Drive to fabric store', 'Find a thread', 'Get your button', 'Tie knot at end of thread.']","['Cut away any loose threads.', 'Put needle and thread back in drawer']",Cut away any loose threads.,0,0, A
5,61.53846153846154,"['Drive to fabric store', 'Find a thread', 'Get your button', 'Tie knot at end of thread.', 'Cut away any loose threads.']","['Pull thread through', 'Lay down garment']",Pull thread through,0,0, A
6,65.38461538461539,"['Drive to fabric store', 'Find a thread', 'Get your button', 'Tie knot at end of thread.', 'Cut away any loose threads.', 'Pull thread through']","['Find button that matches lost button.', 'Slide button onto needle and thread.']",Slide button onto needle and thread.,1,0, A
7,69.23076923076923,"['Drive to fabric store', 'Find a thread', 'Get your button', 'Tie knot at end of thread.', 'Cut away any loose threads.', 'Pull thread through', 'Slide button onto needle and thread.']","['Get back the needle through the third button hole', 'Thread the needle and tie a knot at end of thread.']",Get back the needle through the third button hole,0,0, A
0,0.0,[],"['taking the right button out', 'Drive to fabric store']",Drive to fabric store,1,0, A
1,19.230769230769237,['Drive to fabric store'],"['Cut the needle off of the thread.', 'Get the thread']",Get the thread,1,0, A
2,30.76923076923077,"['Drive to fabric store', 'Get the thread']","['knot thread', 'Align the button on the correct place on the cloth']",Align the button on the correct place on the cloth,1,0, A
3,34.61538461538461,"['Drive to fabric store', 'Get the thread', 'Align the button on the correct place on the cloth']","['Grab the fabric and button', 'Thread needle']",Thread needle,1,0, A
4,46.15384615384615,"['Drive to fabric store', 'Get the thread', 'Align the button on the correct place on the cloth', 'Thread needle']","['Start to sew the button onto the fabric.', 'Get button']",Start to sew the button onto the fabric.,0,0, A
5,84.61538461538461,"['Drive to fabric store', 'Get the thread', 'Align the button on the correct place on the cloth', 'Thread needle', 'Start to sew the button onto the fabric.']","['Find right color string', 'Cut off the extra thread']",Cut off the extra thread,1,0, A
6,88.46153846153845,"['Drive to fabric store', 'Get the thread', 'Align the button on the correct place on the cloth', 'Thread needle', 'Start to sew the button onto the fabric.', 'Cut off the extra thread']","['Clean up.', 'place botton where you want it']",Clean up.,0,0, A
0,0.0,[],"['Use scissors to cut thread', 'Drive to fabric store']",Drive to fabric store,1,0, A
1,19.230769230769237,['Drive to fabric store'],"['Find thread that matches', 'Check the button']",Find thread that matches,0,0, A
2,26.923076923076923,"['Drive to fabric store', 'Find thread that matches']","['Get sewing basket', 'Get the garment']",Get the garment,1,0, A
3,50.0,"['Drive to fabric store', 'Find thread that matches', 'Get the garment']","['Poke a hole in the fabric', 'Put supplies away']",Poke a hole in the fabric,0,0, A
4,53.84615384615385,"['Drive to fabric store', 'Find thread that matches', 'Get the garment', 'Poke a hole in the fabric']","['Get a shirt.', 'repeat the same way']",repeat the same way,1,0, A
5,61.53846153846154,"['Drive to fabric store', 'Find thread that matches', 'Get the garment', 'Poke a hole in the fabric', 'repeat the same way']","['Holding button at appropriate location, press needle through first hole on button.', 'Take the cloth to be sewed']","Holding button at appropriate location, press needle through first hole on button.",0,0, A
6,76.92307692307693,"['Drive to fabric store', 'Find thread that matches', 'Get the garment', 'Poke a hole in the fabric', 'repeat the same way', 'Holding button at appropriate location, press needle through first hole on button.']","['stitching the button on', 'Find replacement button.']",stitching the button on,0,0, A
7,84.61538461538461,"['Drive to fabric store', 'Find thread that matches', 'Get the garment', 'Poke a hole in the fabric', 'repeat the same way', 'Holding button at appropriate location, press needle through first hole on button.', 'stitching the button on']","['Get thread.', 'cut loose thread']",cut loose thread,1,0, A
8,88.46153846153845,"['Drive to fabric store', 'Find thread that matches', 'Get the garment', 'Poke a hole in the fabric', 'repeat the same way', 'Holding button at appropriate location, press needle through first hole on button.', 'stitching the button on', 'cut loose thread']","['put needle and thread away', ""pass needle and thread back through another of the button's needle holes""]",put needle and thread away,0,0, A
9,92.3076923076923,"['Drive to fabric store', 'Find thread that matches', 'Get the garment', 'Poke a hole in the fabric', 'repeat the same way', 'Holding button at appropriate location, press needle through first hole on button.', 'stitching the button on', 'cut loose thread', 'put needle and thread away']","['Sew on', 'Check if the button is tight']",Check if the button is tight,1,0, A
0,0.0,[],"['Tie thread to needle', 'Drive to fabric store']",Drive to fabric store,1,0, A
1,19.230769230769237,['Drive to fabric store'],"['Take out right colored thread.', 'break the thread']",Take out right colored thread.,0,0, A
2,30.76923076923077,"['Drive to fabric store', 'Take out right colored thread.']","['Pass the needle through the second button hole', 'line it up with the hole']",line it up with the hole,1,0, A
3,53.84615384615385,"['Drive to fabric store', 'Take out right colored thread.', 'line it up with the hole']","['Place needle through button eyelets.', 'Take the cloth to be sewed']",Place needle through button eyelets.,0,0, A
0,0.0,[],"['Drive to fabric store', 'tie a knot in thread']",Drive to fabric store,0,0, A
1,19.230769230769237,['Drive to fabric store'],"['Get out thread', 'cut the thread']",Get out thread,0,0, A
2,34.61538461538461,"['Drive to fabric store', 'Get out thread']","['Thread a needle with thread that matches shirt that needs a new button.', 'Continue until the button is on tight']",Thread a needle with thread that matches shirt that needs a new button.,0,0, A
3,42.30769230769231,"['Drive to fabric store', 'Get out thread', 'Thread a needle with thread that matches shirt that needs a new button.']","['Cut away any loose threads.', 'Find thread color to match button or item requiring the button']",Cut away any loose threads.,0,0, A
4,46.15384615384615,"['Drive to fabric store', 'Get out thread', 'Thread a needle with thread that matches shirt that needs a new button.', 'Cut away any loose threads.']","['Move needle in and out of button holes to secure to shirt.', 'Find thread color to match button or item requiring the button']",Move needle in and out of button holes to secure to shirt.,0,0, A
5,80.76923076923077,"['Drive to fabric store', 'Get out thread', 'Thread a needle with thread that matches shirt that needs a new button.', 'Cut away any loose threads.', 'Move needle in and out of button holes to secure to shirt.']","['tie off the thread', 'Find thread and needle.']",tie off the thread,0,0, A
6,84.61538461538461,"['Drive to fabric store', 'Get out thread', 'Thread a needle with thread that matches shirt that needs a new button.', 'Cut away any loose threads.', 'Move needle in and out of button holes to secure to shirt.', 'tie off the thread']","['find the button', 'Cut loose ends']",Cut loose ends,1,0, A
7,88.46153846153845,"['Drive to fabric store', 'Get out thread', 'Thread a needle with thread that matches shirt that needs a new button.', 'Cut away any loose threads.', 'Move needle in and out of button holes to secure to shirt.', 'tie off the thread', 'Cut loose ends']","['Place button in desired position', 'Put the needle and thread away']",Put the needle and thread away,1,0, A
8,92.3076923076923,"['Drive to fabric store', 'Get out thread', 'Thread a needle with thread that matches shirt that needs a new button.', 'Cut away any loose threads.', 'Move needle in and out of button holes to secure to shirt.', 'tie off the thread', 'Cut loose ends', 'Put the needle and thread away']","['Check the button', 'Get your sewing kit']",Check the button,0,0, A
0,0.0,[],"['Take out sewing kit', 'put items away when done']",Take out sewing kit,0,0, A
1,7.6923076923076925,['Take out sewing kit'],"['Find some thread and needle', 'make sure button is secure']",Find some thread and needle,0,0, A
2,26.923076923076923,"['Take out sewing kit', 'Find some thread and needle']","['Insert the needle into the button hole', 'Get item that needs a button']",Get item that needs a button,1,0, A
3,46.15384615384615,"['Take out sewing kit', 'Find some thread and needle', 'Get item that needs a button']","['Find some thread and needle', 'Use needle to go through button holes']",Use needle to go through button holes,1,0, A
4,61.53846153846154,"['Take out sewing kit', 'Find some thread and needle', 'Get item that needs a button', 'Use needle to go through button holes']","['Start sewing going into the back of the garment.', 'Collect thread and needle.']",Start sewing going into the back of the garment.,0,0, A
5,76.92307692307693,"['Take out sewing kit', 'Find some thread and needle', 'Get item that needs a button', 'Use needle to go through button holes', 'Start sewing going into the back of the garment.']","['Continue crisscrossing thread between holes of button until button is tight.', 'slide thread through hole']",Continue crisscrossing thread between holes of button until button is tight.,0,0, A
6,84.61538461538461,"['Take out sewing kit', 'Find some thread and needle', 'Get item that needs a button', 'Use needle to go through button holes', 'Start sewing going into the back of the garment.', 'Continue crisscrossing thread between holes of button until button is tight.']","['Cut excess thread', 'Grab button']",Cut excess thread,0,0, A
0,0.0,[],"['Find sewing kit', 'Repeat procedure until button is secure']",Find sewing kit,0,0, A
1,19.230769230769237,['Find sewing kit'],"['Select thread', 'Tie thread at end']",Select thread,0,0, A
2,23.07692307692308,"['Find sewing kit', 'Select thread']","['Take button.', 'cut thread']",Take button.,0,0, A
3,50.0,"['Find sewing kit', 'Select thread', 'Take button.']","['put the needle into the fabric', 'Tie knot to secure thread and button to clothes']",put the needle into the fabric,0,0, A
4,80.76923076923077,"['Find sewing kit', 'Select thread', 'Take button.', 'put the needle into the fabric']","['Tie the thread so the button will not come loose', 'Thread the needle']",Tie the thread so the button will not come loose,0,0, A
0,0.0,[],"['Sew needle through other holes in an X formation', 'Get a thimble']",Get a thimble,1,0, A
1,26.923076923076923,['Get a thimble'],"['find shirt with missing button', 'Repeat procedure until button is secure']",find shirt with missing button,0,0, A
2,46.15384615384615,"['Get a thimble', 'find shirt with missing button']","['Choose thread to sew button on with.', 'Pass needle through shirt and button holes']",Pass needle through shirt and button holes,1,0, A
0,0.0,[],"['Get your sewing kit', 'Repeat this until the button is secure']",Get your sewing kit,0,0, A
1,11.538461538461538,['Get your sewing kit'],"['Proceed to insert needle into button holes and through clothing/ item until securely sewn', 'Take a needle']",Take a needle,1,0, A
2,23.07692307692308,"['Get your sewing kit', 'Take a needle']","['Get button', 'Loop thread to create knot in thread.']",Get button,0,0, A
3,50.0,"['Get your sewing kit', 'Take a needle', 'Get button']","['Find thread that matches', 'push needle through button and shirt']",push needle through button and shirt,1,0, A
4,65.38461538461539,"['Get your sewing kit', 'Take a needle', 'Get button', 'push needle through button and shirt']","['Put away needle and thread', 'Slide button onto needle and thread.']",Slide button onto needle and thread.,1,0, A
5,76.92307692307693,"['Get your sewing kit', 'Take a needle', 'Get button', 'push needle through button and shirt', 'Slide button onto needle and thread.']","['Push through other holes', 'Place button where it belongs on garment']",Push through other holes,0,0, A
6,84.61538461538461,"['Get your sewing kit', 'Take a needle', 'Get button', 'push needle through button and shirt', 'Slide button onto needle and thread.', 'Push through other holes']","['thread a needle', 'Cut the needle off of the thread.']",Cut the needle off of the thread.,1,0, A
7,88.46153846153845,"['Get your sewing kit', 'Take a needle', 'Get button', 'push needle through button and shirt', 'Slide button onto needle and thread.', 'Push through other holes', 'Cut the needle off of the thread.']","['Put away needle and thread', 'Find a spare button that matches the other buttons']",Put away needle and thread,0,0, A
0,0.0,[],"['Drive to fabric store', 'thread needle']",Drive to fabric store,0,0, A
1,19.230769230769237,['Drive to fabric store'],"['Get out thread', 'When done knot end.']",Get out thread,0,0, A
2,30.76923076923077,"['Drive to fabric store', 'Get out thread']","['Take out sewing kit.', 'Hold button to material.']",Hold button to material.,1,0, A
3,42.30769230769231,"['Drive to fabric store', 'Get out thread', 'Hold button to material.']","['Cut about 16 inches worth of thread.', 'Tie knot in thread']",Cut about 16 inches worth of thread.,0,0, A
4,46.15384615384615,"['Drive to fabric store', 'Get out thread', 'Hold button to material.', 'Cut about 16 inches worth of thread.']","['Grab button', 'Proceed to insert needle into button holes and through clothing/ item until securely sewn']",Proceed to insert needle into button holes and through clothing/ item until securely sewn,1,0, A
0,0.0,[],"['Find sewing kit.', 'Repeat several times until button is secure']",Find sewing kit.,0,0, A
1,11.538461538461538,['Find sewing kit.'],"['Select needle', 'Cut off end from needle']",Select needle,0,0, A
2,30.76923076923077,"['Find sewing kit.', 'Select needle']","['Put button on shirt', 'Cut off any loose threads with a scissors.']",Put button on shirt,0,0, A
3,34.61538461538461,"['Find sewing kit.', 'Select needle', 'Put button on shirt']","['Cut excess thread', 'Thread the needle']",Thread the needle,1,0, A
4,61.53846153846154,"['Find sewing kit.', 'Select needle', 'Put button on shirt', 'Thread the needle']","['Get needle', 'Holding button at appropriate location, press needle through first hole on button.']","Holding button at appropriate location, press needle through first hole on button.",1,0, A
5,65.38461538461539,"['Find sewing kit.', 'Select needle', 'Put button on shirt', 'Thread the needle', 'Holding button at appropriate location, press needle through first hole on button.']","['Remove thread and needle from kit', 'Pull needle out other side.']",Pull needle out other side.,1,0, A
6,69.23076923076923,"['Find sewing kit.', 'Select needle', 'Put button on shirt', 'Thread the needle', 'Holding button at appropriate location, press needle through first hole on button.', 'Pull needle out other side.']","['Push needle under material to next hole', 'Get sewing basket']",Push needle under material to next hole,0,0, A
7,73.07692307692307,"['Find sewing kit.', 'Select needle', 'Put button on shirt', 'Thread the needle', 'Holding button at appropriate location, press needle through first hole on button.', 'Pull needle out other side.', 'Push needle under material to next hole']","[""Insert the thread into the eye of the needle and tie a knot so it's attached."", 'Pull needle and thread']",Pull needle and thread,1,0, A
0,0.0,[],"['Find sewing kit', 'Tie a knot in the end of thread']",Find sewing kit,0,0, A
1,7.6923076923076925,['Find sewing kit'],"['Continue sewing in an X pattern until the button is secure.', 'Get needle and thread']",Get needle and thread,1,0, A
2,11.538461538461538,"['Find sewing kit', 'Get needle and thread']","['Repeat the inserting as above for about 10 times', 'getting out needle']",getting out needle,1,0, A
3,34.61538461538461,"['Find sewing kit', 'Get needle and thread', 'getting out needle']","['Tie another knot at the end of the thread.', 'Thread needle']",Thread needle,1,0, A
4,42.30769230769231,"['Find sewing kit', 'Get needle and thread', 'getting out needle', 'Thread needle']","['Select needle', 'Cut away old strings']",Cut away old strings,1,0, A
5,61.53846153846154,"['Find sewing kit', 'Get needle and thread', 'getting out needle', 'Thread needle', 'Cut away old strings']","['Find a needle', 'Push needle through first hole']",Push needle through first hole,1,0, A
6,65.38461538461539,"['Find sewing kit', 'Get needle and thread', 'getting out needle', 'Thread needle', 'Cut away old strings', 'Push needle through first hole']","['Cross over to perpendicular hole, push needle back through', 'Thread needle']","Cross over to perpendicular hole, push needle back through",0,0, A
7,69.23076923076923,"['Find sewing kit', 'Get needle and thread', 'getting out needle', 'Thread needle', 'Cut away old strings', 'Push needle through first hole', 'Cross over to perpendicular hole, push needle back through']","['Thread needle.', 'Get back the needle through the third button hole']",Get back the needle through the third button hole,1,0, A
8,73.07692307692307,"['Find sewing kit', 'Get needle and thread', 'getting out needle', 'Thread needle', 'Cut away old strings', 'Push needle through first hole', 'Cross over to perpendicular hole, push needle back through', 'Get back the needle through the third button hole']","['Sew button onto item', 'Pull through other side.']",Pull through other side.,1,0, A
9,80.76923076923077,"['Find sewing kit', 'Get needle and thread', 'getting out needle', 'Thread needle', 'Cut away old strings', 'Push needle through first hole', 'Cross over to perpendicular hole, push needle back through', 'Get back the needle through the third button hole', 'Pull through other side.']","['Tie off the thread', 'Find a needle and thread']",Tie off the thread,0,0, A
10,88.46153846153845,"['Find sewing kit', 'Get needle and thread', 'getting out needle', 'Thread needle', 'Cut away old strings', 'Push needle through first hole', 'Cross over to perpendicular hole, push needle back through', 'Get back the needle through the third button hole', 'Pull through other side.', 'Tie off the thread']","['Find replacement button.', 'Clean up.']",Clean up.,1,0, A
0,0.0,[],"['Drive to fabric store', 'Cross over to perpendicular hole, push needle back through']",Drive to fabric store,0,0, A
1,19.230769230769237,['Drive to fabric store'],"['Get some thread', 'Ending again in the back of the garment cut off the thread.']",Get some thread,0,0, A
2,26.923076923076923,"['Drive to fabric store', 'Get some thread']","['Get shirt', 'Put the needle and thread away']",Get shirt,0,0, A
3,34.61538461538461,"['Drive to fabric store', 'Get some thread', 'Get shirt']","['Put thread end through eye of needle', 'Push needle down through other button on hole']",Put thread end through eye of needle,0,0, A
4,38.46153846153847,"['Drive to fabric store', 'Get some thread', 'Get shirt', 'Put thread end through eye of needle']","['Cut the excess thread', 'Tie knot on needle.']",Tie knot on needle.,1,0, A
5,46.15384615384615,"['Drive to fabric store', 'Get some thread', 'Get shirt', 'Put thread end through eye of needle', 'Tie knot on needle.']","['Sew through the holes of the button', 'Take needle from sewing kit']",Sew through the holes of the button,0,0, A
0,0.0,[],"['PUT NEEDLE AND THREAD AWAY', 'Grab the fabric and button']",Grab the fabric and button,1,0, A
1,26.923076923076923,['Grab the fabric and button'],"['Get clothing', 'Find sewing kit']",Get clothing,0,0, A
2,50.0,"['Grab the fabric and button', 'Get clothing']","['put the supplies away', 'insert needle through cloth']",insert needle through cloth,1,0, A
3,76.92307692307693,"['Grab the fabric and button', 'Get clothing', 'insert needle through cloth']","['Take out sewing kit.', 'Keep repeating the sewing to reinforce the strength']",Keep repeating the sewing to reinforce the strength,1,0, A
4,80.76923076923077,"['Grab the fabric and button', 'Get clothing', 'insert needle through cloth', 'Keep repeating the sewing to reinforce the strength']","['Get item that needs button sewing on', 'knot thread']",knot thread,1,0, A
5,88.46153846153845,"['Grab the fabric and button', 'Get clothing', 'insert needle through cloth', 'Keep repeating the sewing to reinforce the strength', 'knot thread']","['Take out the needle', 'Insert needle through first side of button (step 3)']",Take out the needle,0,0, A
0,0.0,[],"['Pull til it stops at the knot, push through fabric and another button hole', 'Get scissors, needle, button and thread']","Get scissors, needle, button and thread",1,0, A
1,30.76923076923077,"['Get scissors, needle, button and thread']","['Check new button', 'place the button']",place the button,1,0, A
2,53.84615384615385,"['Get scissors, needle, button and thread', 'place the button']","['Pull the needle through a hole in the button, then back into the fabric', 'Remove the old button']","Pull the needle through a hole in the button, then back into the fabric",0,0, A
0,0.0,[],"['Thread a needle', 'get thread, needle, button to be sewn']","get thread, needle, button to be sewn",1,0, A
1,7.6923076923076925,"['get thread, needle, button to be sewn']","['Remove thread and needle from kit', 'Tie the thread in a knot to secure it']",Remove thread and needle from kit,0,0, A
2,19.230769230769237,"['get thread, needle, button to be sewn', 'Remove thread and needle from kit']","[""Pull a thread of a matching color through the needle's eye"", 'Sew button through fourth and final hole']",Pull a thread of a matching color through the needle's eye,0,0, A
3,26.923076923076923,"['get thread, needle, button to be sewn', 'Remove thread and needle from kit', ""Pull a thread of a matching color through the needle's eye""]","['Tie off your thread.', 'Get item that needs a button']",Get item that needs a button,1,0, A
4,46.15384615384615,"['get thread, needle, button to be sewn', 'Remove thread and needle from kit', ""Pull a thread of a matching color through the needle's eye"", 'Get item that needs a button']","['Take out thread and needle', 'Pass thread through button holes.']",Pass thread through button holes.,1,0, A
5,88.46153846153845,"['get thread, needle, button to be sewn', 'Remove thread and needle from kit', ""Pull a thread of a matching color through the needle's eye"", 'Get item that needs a button', 'Pass thread through button holes.']","['Insert the thread through the button', 'put the supplies away']",put the supplies away,1,0, A
0,0.0,[],"['thread a needle', 'Get supplies - shirt, new button, thread, needle']","Get supplies - shirt, new button, thread, needle",1,0, A
1,26.923076923076923,"['Get supplies - shirt, new button, thread, needle']","['Get the garment', 'When done knot end.']",Get the garment,0,0, A
2,34.61538461538461,"['Get supplies - shirt, new button, thread, needle', 'Get the garment']","['Get supplies - shirt, new button, thread, needle', 'thread needle']",thread needle,1,0, A
3,50.0,"['Get supplies - shirt, new button, thread, needle', 'Get the garment', 'thread needle']","['Push needle through back of clothes and through hole of button', 'Place item on flat surface']",Push needle through back of clothes and through hole of button,0,0, A
4,61.53846153846154,"['Get supplies - shirt, new button, thread, needle', 'Get the garment', 'thread needle', 'Push needle through back of clothes and through hole of button']","['Insert needle through one side of button', 'Put supplies away']",Insert needle through one side of button,0,0, A
5,80.76923076923077,"['Get supplies - shirt, new button, thread, needle', 'Get the garment', 'thread needle', 'Push needle through back of clothes and through hole of button', 'Insert needle through one side of button']","['Tie another knot at the end of the thread.', 'get thread, needle, button to be sewn']",Tie another knot at the end of the thread.,0,0, A
6,84.61538461538461,"['Get supplies - shirt, new button, thread, needle', 'Get the garment', 'thread needle', 'Push needle through back of clothes and through hole of button', 'Insert needle through one side of button', 'Tie another knot at the end of the thread.']","['Cut away any loose threads.', 'Cut thread']",Cut thread,1,0, A
0,0.0,[],"['knot thread', 'Get out sewing kit.']",Get out sewing kit.,1,0, A
1,19.230769230769237,['Get out sewing kit.'],"['Pull thread through opposite button hole', 'Find similar color thread to use.']",Find similar color thread to use.,1,0, A
2,23.07692307692308,"['Get out sewing kit.', 'Find similar color thread to use.']","['Continue until the button is on tight', 'Take button.']",Take button.,1,0, A
3,50.0,"['Get out sewing kit.', 'Find similar color thread to use.', 'Take button.']","['Cut thread', 'Insert the thread through the button']",Insert the thread through the button,1,0, A
4,65.38461538461539,"['Get out sewing kit.', 'Find similar color thread to use.', 'Take button.', 'Insert the thread through the button']","['Pull needle and thread', 'Thread needle']",Pull needle and thread,0,0, A
5,76.92307692307693,"['Get out sewing kit.', 'Find similar color thread to use.', 'Take button.', 'Insert the thread through the button', 'Pull needle and thread']","['repeat steps 4-5 until button is secured to shirt', 'Push thread through needle and tie in a knot']",repeat steps 4-5 until button is secured to shirt,0,0, A
0,0.0,[],"['Put needle away', 'Get scissors, needle, button and thread']","Get scissors, needle, button and thread",1,0, A
1,7.6923076923076925,"['Get scissors, needle, button and thread']","['Find a needle and thread', 'When button is securely in place tie knot in thread at back of garment']",Find a needle and thread,0,0, A
2,19.230769230769237,"['Get scissors, needle, button and thread', 'Find a needle and thread']","['Get thread.', 'Secure the button with a knot']",Get thread.,0,0, A
3,34.61538461538461,"['Get scissors, needle, button and thread', 'Find a needle and thread', 'Get thread.']","['attach string to needle', 'Sew button through fourth and final hole']",attach string to needle,0,0, A
4,38.46153846153847,"['Get scissors, needle, button and thread', 'Find a needle and thread', 'Get thread.', 'attach string to needle']","['Get out sewing kit.', 'Tie a knot a the end of the thread']",Tie a knot a the end of the thread,1,0, A
5,50.0,"['Get scissors, needle, button and thread', 'Find a needle and thread', 'Get thread.', 'attach string to needle', 'Tie a knot a the end of the thread']","['Get out needle', 'Insert the thread through the button']",Insert the thread through the button,1,0, A
6,61.53846153846154,"['Get scissors, needle, button and thread', 'Find a needle and thread', 'Get thread.', 'attach string to needle', 'Tie a knot a the end of the thread', 'Insert the thread through the button']","['Grab the garment that you would like to sew the button to.', 'Pull thread through']",Pull thread through,1,0, A
7,76.92307692307693,"['Get scissors, needle, button and thread', 'Find a needle and thread', 'Get thread.', 'attach string to needle', 'Tie a knot a the end of the thread', 'Insert the thread through the button', 'Pull thread through']","['Get a button.', 'repeat 6 more times']",repeat 6 more times,1,0, A
8,80.76923076923077,"['Get scissors, needle, button and thread', 'Find a needle and thread', 'Get thread.', 'attach string to needle', 'Tie a knot a the end of the thread', 'Insert the thread through the button', 'Pull thread through', 'repeat 6 more times']","['Get a shirt.', 'Tie the end of the string']",Tie the end of the string,1,0, A
9,88.46153846153845,"['Get scissors, needle, button and thread', 'Find a needle and thread', 'Get thread.', 'attach string to needle', 'Tie a knot a the end of the thread', 'Insert the thread through the button', 'Pull thread through', 'repeat 6 more times', 'Tie the end of the string']","['Get a button to match', 'Put away needle and thread']",Put away needle and thread,1,0, A
0,0.0,[],"['Put supplies away', 'Drive to fabric store']",Drive to fabric store,1,0, A
1,19.230769230769237,['Drive to fabric store'],"['Get thread.', 'Continue crisscrossing thread between holes of button until button is tight.']",Get thread.,0,0, A
2,34.61538461538461,"['Drive to fabric store', 'Get thread.']","['Thread the needle', 'Cut off excess thread']",Thread the needle,0,0, A
3,88.46153846153845,"['Drive to fabric store', 'Get thread.', 'Thread the needle']","['Find needle', 'Clean up.']",Clean up.,1,0, A
4,92.3076923076923,"['Drive to fabric store', 'Get thread.', 'Thread the needle', 'Clean up.']","['Collect thread and needle.', 'MAKE SURE BUTTON IS SECURE']",MAKE SURE BUTTON IS SECURE,1,0, A
0,0.0,[],"['attach button', 'Take out sewing kit']",Take out sewing kit,1,0, A
1,7.6923076923076925,['Take out sewing kit'],"['Put needle through button and shirt', 'gather needle and thread']",gather needle and thread,1,0, A
2,26.923076923076923,"['Take out sewing kit', 'gather needle and thread']","['Get sewing basket', 'Prepare garment for sewing']",Prepare garment for sewing,1,0, A
3,30.76923076923077,"['Take out sewing kit', 'gather needle and thread', 'Prepare garment for sewing']","['When done knot end.', 'Find the location where button needs to be sewn.']",Find the location where button needs to be sewn.,1,0, A
4,34.61538461538461,"['Take out sewing kit', 'gather needle and thread', 'Prepare garment for sewing', 'Find the location where button needs to be sewn.']","['put thread in needle', 'Get back the needle through the third button hole']",put thread in needle,0,0, A
5,42.30769230769231,"['Take out sewing kit', 'gather needle and thread', 'Prepare garment for sewing', 'Find the location where button needs to be sewn.', 'put thread in needle']","['Cut thread.', 'Cut thread string to how much is needed']",Cut thread string to how much is needed,1,0, A
6,46.15384615384615,"['Take out sewing kit', 'gather needle and thread', 'Prepare garment for sewing', 'Find the location where button needs to be sewn.', 'put thread in needle', 'Cut thread string to how much is needed']","['get thread', 'sew button into fabric making sure stitches are secure']",sew button into fabric making sure stitches are secure,1,0, A
7,50.0,"['Take out sewing kit', 'gather needle and thread', 'Prepare garment for sewing', 'Find the location where button needs to be sewn.', 'put thread in needle', 'Cut thread string to how much is needed', 'sew button into fabric making sure stitches are secure']","['Insert the needle from the bottom where the button is to be sewn', 'Take a needle']",Insert the needle from the bottom where the button is to be sewn,0,0, A
8,61.53846153846154,"['Take out sewing kit', 'gather needle and thread', 'Prepare garment for sewing', 'Find the location where button needs to be sewn.', 'put thread in needle', 'Cut thread string to how much is needed', 'sew button into fabric making sure stitches are secure', 'Insert the needle from the bottom where the button is to be sewn']","['Thread one hole with the needle', 'Check if the button is tight']",Thread one hole with the needle,0,0, A
9,65.38461538461539,"['Take out sewing kit', 'gather needle and thread', 'Prepare garment for sewing', 'Find the location where button needs to be sewn.', 'put thread in needle', 'Cut thread string to how much is needed', 'sew button into fabric making sure stitches are secure', 'Insert the needle from the bottom where the button is to be sewn', 'Thread one hole with the needle']","['Knot the ends of the thread together.', 'Pull needle and thread']",Pull needle and thread,1,0, A
10,69.23076923076923,"['Take out sewing kit', 'gather needle and thread', 'Prepare garment for sewing', 'Find the location where button needs to be sewn.', 'put thread in needle', 'Cut thread string to how much is needed', 'sew button into fabric making sure stitches are secure', 'Insert the needle from the bottom where the button is to be sewn', 'Thread one hole with the needle', 'Pull needle and thread']","['Sow the thread through the button holes quite a few times', 'Hold button in place']",Hold button in place,1,0, A
11,73.07692307692307,"['Take out sewing kit', 'gather needle and thread', 'Prepare garment for sewing', 'Find the location where button needs to be sewn.', 'put thread in needle', 'Cut thread string to how much is needed', 'sew button into fabric making sure stitches are secure', 'Insert the needle from the bottom where the button is to be sewn', 'Thread one hole with the needle', 'Pull needle and thread', 'Hold button in place']","['Get thread and needle', 'Pull through other side.']",Pull through other side.,1,0, A
12,84.61538461538461,"['Take out sewing kit', 'gather needle and thread', 'Prepare garment for sewing', 'Find the location where button needs to be sewn.', 'put thread in needle', 'Cut thread string to how much is needed', 'sew button into fabric making sure stitches are secure', 'Insert the needle from the bottom where the button is to be sewn', 'Thread one hole with the needle', 'Pull needle and thread', 'Hold button in place', 'Pull through other side.']","['grab object the button is being sewed', 'Cut the thread']",Cut the thread,1,0, A
13,88.46153846153845,"['Take out sewing kit', 'gather needle and thread', 'Prepare garment for sewing', 'Find the location where button needs to be sewn.', 'put thread in needle', 'Cut thread string to how much is needed', 'sew button into fabric making sure stitches are secure', 'Insert the needle from the bottom where the button is to be sewn', 'Thread one hole with the needle', 'Pull needle and thread', 'Hold button in place', 'Pull through other side.', 'Cut the thread']","['Clean up.', 'Tie a knot a the end of the thread']",Clean up.,0,0, A
14,92.3076923076923,"['Take out sewing kit', 'gather needle and thread', 'Prepare garment for sewing', 'Find the location where button needs to be sewn.', 'put thread in needle', 'Cut thread string to how much is needed', 'sew button into fabric making sure stitches are secure', 'Insert the needle from the bottom where the button is to be sewn', 'Thread one hole with the needle', 'Pull needle and thread', 'Hold button in place', 'Pull through other side.', 'Cut the thread', 'Clean up.']","['Choose button that I like', 'MAKE SURE BUTTON IS SECURE']",MAKE SURE BUTTON IS SECURE,1,0, A
0,0.0,[],"['Push needle through fabric and button hole', 'Grab the fabric and button']",Grab the fabric and button,1,0, A
1,30.76923076923077,['Grab the fabric and button'],"['Check the button', 'Put button in proper place']",Put button in proper place,1,0, A
2,34.61538461538461,"['Grab the fabric and button', 'Put button in proper place']","['Tie the thread so the button will not come loose', 'Place the thread inside the needle']",Place the thread inside the needle,1,0, A
3,53.84615384615385,"['Grab the fabric and button', 'Put button in proper place', 'Place the thread inside the needle']","['Get some thread.', 'With other hand, push needle through button hole']","With other hand, push needle through button hole",1,0, A
4,61.53846153846154,"['Grab the fabric and button', 'Put button in proper place', 'Place the thread inside the needle', 'With other hand, push needle through button hole']","['Push needle through hole', 'Get the piece of apparel that needs to sew the button on.']",Push needle through hole,0,0, A
5,76.92307692307693,"['Grab the fabric and button', 'Put button in proper place', 'Place the thread inside the needle', 'With other hand, push needle through button hole', 'Push needle through hole']","['Do this through all holes of button', 'line it up with the hole']",Do this through all holes of button,0,0, A
6,84.61538461538461,"['Grab the fabric and button', 'Put button in proper place', 'Place the thread inside the needle', 'With other hand, push needle through button hole', 'Push needle through hole', 'Do this through all holes of button']","['Cut excess thread', 'Thread the needle']",Cut excess thread,0,0, A
7,88.46153846153845,"['Grab the fabric and button', 'Put button in proper place', 'Place the thread inside the needle', 'With other hand, push needle through button hole', 'Push needle through hole', 'Do this through all holes of button', 'Cut excess thread']","['Take out the needle', 'get needle']",Take out the needle,0,0, A
0,0.0,[],"['Get supplies - shirt, new button, thread, needle', 'Cut excess thread']","Get supplies - shirt, new button, thread, needle",0,0, A
1,30.76923076923077,"['Get supplies - shirt, new button, thread, needle']","['Put button on shirt.', 'Tie off thread']",Put button on shirt.,0,0, A
2,34.61538461538461,"['Get supplies - shirt, new button, thread, needle', 'Put button on shirt.']","['Thread needle', 'Cut off excess thread']",Thread needle,0,0, A
3,38.46153846153847,"['Get supplies - shirt, new button, thread, needle', 'Put button on shirt.', 'Thread needle']","['Get out sewing kit.', 'tie a knot in thread']",tie a knot in thread,1,0, A
4,50.0,"['Get supplies - shirt, new button, thread, needle', 'Put button on shirt.', 'Thread needle', 'tie a knot in thread']","['push needle through button and shirt', 'carefully cut off old button if exists']",push needle through button and shirt,0,0, A
5,76.92307692307693,"['Get supplies - shirt, new button, thread, needle', 'Put button on shirt.', 'Thread needle', 'tie a knot in thread', 'push needle through button and shirt']","['Get the sewing kit.', 'Do this several times until the button is secure']",Do this several times until the button is secure,1,0, A
6,84.61538461538461,"['Get supplies - shirt, new button, thread, needle', 'Put button on shirt.', 'Thread needle', 'tie a knot in thread', 'push needle through button and shirt', 'Do this several times until the button is secure']","['Prepare garment for sewing', 'Cut the thread.']",Cut the thread.,1,0, A
7,88.46153846153845,"['Get supplies - shirt, new button, thread, needle', 'Put button on shirt.', 'Thread needle', 'tie a knot in thread', 'push needle through button and shirt', 'Do this several times until the button is secure', 'Cut the thread.']","['Get thread.', 'Put supplies away']",Put supplies away,1,0, A
8,92.3076923076923,"['Get supplies - shirt, new button, thread, needle', 'Put button on shirt.', 'Thread needle', 'tie a knot in thread', 'push needle through button and shirt', 'Do this several times until the button is secure', 'Cut the thread.', 'Put supplies away']","['Check the button', 'Knot the end to make it stay']",Check the button,0,0, A
0,0.0,[],"['Get out sewing kit.', 'Sew button through fourth and final hole']",Get out sewing kit.,0,0, A
1,19.230769230769237,['Get out sewing kit.'],"['Get some thread', 'push needle through button and shirt']",Get some thread,0,0, A
2,26.923076923076923,"['Get out sewing kit.', 'Get some thread']","['Find a piece of clothing.', 'Thread the opposite diagonal hole with the needle and tighten the string']",Find a piece of clothing.,0,0, A
3,34.61538461538461,"['Get out sewing kit.', 'Get some thread', 'Find a piece of clothing.']","['Slide button onto needle and thread.', 'thread the needle']",thread the needle,1,0, A
4,38.46153846153847,"['Get out sewing kit.', 'Get some thread', 'Find a piece of clothing.', 'thread the needle']","['Select thread of correct color', 'Tie a knot a the end of the thread']",Tie a knot a the end of the thread,1,0, A
5,46.15384615384615,"['Get out sewing kit.', 'Get some thread', 'Find a piece of clothing.', 'thread the needle', 'Tie a knot a the end of the thread']","['Stitch the button on', 'Find matching button, or old button.']",Stitch the button on,0,0, A
6,76.92307692307693,"['Get out sewing kit.', 'Get some thread', 'Find a piece of clothing.', 'thread the needle', 'Tie a knot a the end of the thread', 'Stitch the button on']","['Thread the needle and tie a knot at end of thread.', 'Repeat until button is tight']",Repeat until button is tight,1,0, A
7,80.76923076923077,"['Get out sewing kit.', 'Get some thread', 'Find a piece of clothing.', 'thread the needle', 'Tie a knot a the end of the thread', 'Stitch the button on', 'Repeat until button is tight']","['Tie the thread at the bottom of the button', 'Find a button']",Tie the thread at the bottom of the button,0,0, A
0,0.0,[],"['Sew through holes or shank in button.', 'Get out sewing kit']",Get out sewing kit,1,0, A
1,19.230769230769237,['Get out sewing kit'],"['Find similar color thread to use.', 'Slide button onto needle and thread.']",Find similar color thread to use.,0,0, A
2,26.923076923076923,"['Get out sewing kit', 'Find similar color thread to use.']","['Pick up shirt missing button.', 'Continue to loop the needle and thread through the button holes.']",Pick up shirt missing button.,0,0, A
3,50.0,"['Get out sewing kit', 'Find similar color thread to use.', 'Pick up shirt missing button.']","['cut loose thread', 'Poke a hole in the fabric']",Poke a hole in the fabric,1,0, A
4,61.53846153846154,"['Get out sewing kit', 'Find similar color thread to use.', 'Pick up shirt missing button.', 'Poke a hole in the fabric']","['Push needle through hole', 'Put away needle and thread']",Push needle through hole,0,0, A
5,65.38461538461539,"['Get out sewing kit', 'Find similar color thread to use.', 'Pick up shirt missing button.', 'Poke a hole in the fabric', 'Push needle through hole']","['Put the needle thorough the back of the button hole.', 'Find matching thread']",Put the needle thorough the back of the button hole.,0,0, A
6,76.92307692307693,"['Get out sewing kit', 'Find similar color thread to use.', 'Pick up shirt missing button.', 'Poke a hole in the fabric', 'Push needle through hole', 'Put the needle thorough the back of the button hole.']","['Repeat 5 times with other two button holes', 'Get a button to match']",Repeat 5 times with other two button holes,0,0, A
7,84.61538461538461,"['Get out sewing kit', 'Find similar color thread to use.', 'Pick up shirt missing button.', 'Poke a hole in the fabric', 'Push needle through hole', 'Put the needle thorough the back of the button hole.', 'Repeat 5 times with other two button holes']","['Get the item of clothing the button is to go on', 'Ending again in the back of the garment cut off the thread.']",Ending again in the back of the garment cut off the thread.,1,0, A
8,88.46153846153845,"['Get out sewing kit', 'Find similar color thread to use.', 'Pick up shirt missing button.', 'Poke a hole in the fabric', 'Push needle through hole', 'Put the needle thorough the back of the button hole.', 'Repeat 5 times with other two button holes', 'Ending again in the back of the garment cut off the thread.']","['Insert the needle into the button hole', 'Clean up.']",Clean up.,1,0, A
9,92.3076923076923,"['Get out sewing kit', 'Find similar color thread to use.', 'Pick up shirt missing button.', 'Poke a hole in the fabric', 'Push needle through hole', 'Put the needle thorough the back of the button hole.', 'Repeat 5 times with other two button holes', 'Ending again in the back of the garment cut off the thread.', 'Clean up.']","['sew the button on carefully', 'Check new button']",Check new button,1,0, A
0,0.0,[],"['Sew button through third hole', 'Drive to fabric store']",Drive to fabric store,1,0, A
1,19.230769230769237,['Drive to fabric store'],"['Make a knot on last pass', 'Get thread']",Get thread,1,0, A
2,30.76923076923077,"['Drive to fabric store', 'Get thread']","['Get out sewing kit.', 'putting the button on the fabric']",putting the button on the fabric,1,0, A
3,46.15384615384615,"['Drive to fabric store', 'Get thread', 'putting the button on the fabric']","['Get needle', 'Pass the needle in and out of holes on button']",Pass the needle in and out of holes on button,1,0, A
4,88.46153846153845,"['Drive to fabric store', 'Get thread', 'putting the button on the fabric', 'Pass the needle in and out of holes on button']","['Clean up.', 'Get a shirt.']",Clean up.,0,0, A
5,92.3076923076923,"['Drive to fabric store', 'Get thread', 'putting the button on the fabric', 'Pass the needle in and out of holes on button', 'Clean up.']","['Find a button', 'Check new button']",Check new button,1,0, A
0,0.0,[],"['Repeat through each button hole', 'Get button, thread, needle and scissors']","Get button, thread, needle and scissors",1,0, A
1,15.384615384615383,"['Get button, thread, needle and scissors']","['Keep sewing until the button is secure.', 'Find right color string']",Find right color string,1,0, A
2,19.230769230769237,"['Get button, thread, needle and scissors', 'Find right color string']","['Get some thread', 'Repeat for all holes to reinforce']",Get some thread,0,0, A
3,30.76923076923077,"['Get button, thread, needle and scissors', 'Find right color string', 'Get some thread']","['Place button on fabric', 'cut the thread when finished']",Place button on fabric,0,0, A
4,46.15384615384615,"['Get button, thread, needle and scissors', 'Find right color string', 'Get some thread', 'Place button on fabric']","['Select thread', 'Push the needle through the garment into the button']",Push the needle through the garment into the button,1,0, A
5,53.84615384615385,"['Get button, thread, needle and scissors', 'Find right color string', 'Get some thread', 'Place button on fabric', 'Push the needle through the garment into the button']","['pull thread forward', 'Find button to be sewn']",pull thread forward,0,0, A
6,57.692307692307686,"['Get button, thread, needle and scissors', 'Find right color string', 'Get some thread', 'Place button on fabric', 'Push the needle through the garment into the button', 'pull thread forward']","[""pass needle and thread back through another of the button's needle holes"", 'Make knot between thread and clothing.']",pass needle and thread back through another of the button's needle holes,0,0, A
0,0.0,[],"['tug to make sure it is secure', 'Find sewing kit.']",Find sewing kit.,1,0, A
1,7.6923076923076925,['Find sewing kit.'],"['gather needle and thread', 'knot thread']",gather needle and thread,0,0, A
2,23.07692307692308,"['Find sewing kit.', 'gather needle and thread']","['Push needle through other hole of button and through clothes', 'Find a button']",Find a button,1,0, A
3,26.923076923076923,"['Find sewing kit.', 'gather needle and thread', 'Find a button']","['Cut off excess thread', 'carefully cut off old button if exists']",carefully cut off old button if exists,1,0, A
4,30.76923076923077,"['Find sewing kit.', 'gather needle and thread', 'Find a button', 'carefully cut off old button if exists']","['Place button onto item of clothing', 'Repeat procedure until button is secure']",Place button onto item of clothing,0,0, A
5,42.30769230769231,"['Find sewing kit.', 'gather needle and thread', 'Find a button', 'carefully cut off old button if exists', 'Place button onto item of clothing']","['Cut excess thread', 'Find sewing kit.']",Cut excess thread,0,0, A
6,61.53846153846154,"['Find sewing kit.', 'gather needle and thread', 'Find a button', 'carefully cut off old button if exists', 'Place button onto item of clothing', 'Cut excess thread']","['Put needle into one button hole through shirt.', 'get thread and needle']",Put needle into one button hole through shirt.,0,0, A
7,76.92307692307693,"['Find sewing kit.', 'gather needle and thread', 'Find a button', 'carefully cut off old button if exists', 'Place button onto item of clothing', 'Cut excess thread', 'Put needle into one button hole through shirt.']","['Knot the end to make it stay', 'Keep sewing until the button is secure.']",Keep sewing until the button is secure.,1,0, A
8,80.76923076923077,"['Find sewing kit.', 'gather needle and thread', 'Find a button', 'carefully cut off old button if exists', 'Place button onto item of clothing', 'Cut excess thread', 'Put needle into one button hole through shirt.', 'Keep sewing until the button is secure.']","['tying a knot with thread', 'Cut excess thread']",tying a knot with thread,0,0, A
9,84.61538461538461,"['Find sewing kit.', 'gather needle and thread', 'Find a button', 'carefully cut off old button if exists', 'Place button onto item of clothing', 'Cut excess thread', 'Put needle into one button hole through shirt.', 'Keep sewing until the button is secure.', 'tying a knot with thread']","[""Pull a thread of a matching color through the needle's eye"", 'cut the thread']",cut the thread,1,0, A
10,88.46153846153845,"['Find sewing kit.', 'gather needle and thread', 'Find a button', 'carefully cut off old button if exists', 'Place button onto item of clothing', 'Cut excess thread', 'Put needle into one button hole through shirt.', 'Keep sewing until the button is secure.', 'tying a knot with thread', 'cut the thread']","['Get needle and thread', 'put the supplies away']",put the supplies away,1,0, A
11,92.3076923076923,"['Find sewing kit.', 'gather needle and thread', 'Find a button', 'carefully cut off old button if exists', 'Place button onto item of clothing', 'Cut excess thread', 'Put needle into one button hole through shirt.', 'Keep sewing until the button is secure.', 'tying a knot with thread', 'cut the thread', 'put the supplies away']","['Check new button', 'Thread needle with matching thread']",Check new button,0,0, A
0,0.0,[],"['Drive to fabric store', 'Tie knot in end of thread']",Drive to fabric store,0,0, A
1,19.230769230769237,['Drive to fabric store'],"['Repeat this until the button is secure', 'Cut a length of thread more than double what you will need']",Cut a length of thread more than double what you will need,1,0, A
2,26.923076923076923,"['Drive to fabric store', 'Cut a length of thread more than double what you will need']","['get item to be sewn', 'put items away when done']",get item to be sewn,0,0, A
3,50.0,"['Drive to fabric store', 'Cut a length of thread more than double what you will need', 'get item to be sewn']","['Get a needle', 'put the needle into the fabric']",put the needle into the fabric,1,0, A
4,53.84615384615385,"['Drive to fabric store', 'Cut a length of thread more than double what you will need', 'get item to be sewn', 'put the needle into the fabric']","['Hold shirt with non-dominant hand', 'Crisscross on the button']",Crisscross on the button,1,0, A
0,0.0,[],"['When done knot end.', 'Get the sewing kit.']",Get the sewing kit.,1,0, A
1,34.61538461538461,['Get the sewing kit.'],"['slide thread through hole', 'Cut off the extra thread']",slide thread through hole,0,0, A
2,42.30769230769231,"['Get the sewing kit.', 'slide thread through hole']","['Cut length of thread', 'Get out needle, thread, button, and clothing item.']",Cut length of thread,0,0, A
3,46.15384615384615,"['Get the sewing kit.', 'slide thread through hole', 'Cut length of thread']","['Sew button', 'Get a button.']",Sew button,0,0, A
4,50.0,"['Get the sewing kit.', 'slide thread through hole', 'Cut length of thread', 'Sew button']","['Push the needle through the fabric', 'Find a needle and thread']",Push the needle through the fabric,0,0, A
5,76.92307692307693,"['Get the sewing kit.', 'slide thread through hole', 'Cut length of thread', 'Sew button', 'Push the needle through the fabric']","['Put one end of thread through the eye of the needle.', 'Repeat for all holes to reinforce']",Repeat for all holes to reinforce,1,0, A
6,80.76923076923077,"['Get the sewing kit.', 'slide thread through hole', 'Cut length of thread', 'Sew button', 'Push the needle through the fabric', 'Repeat for all holes to reinforce']","['when done tie the end properly', 'Thread the needle.']",when done tie the end properly,0,0, A
7,84.61538461538461,"['Get the sewing kit.', 'slide thread through hole', 'Cut length of thread', 'Sew button', 'Push the needle through the fabric', 'Repeat for all holes to reinforce', 'when done tie the end properly']","['put thread in needle', 'Cut away any extra string']",Cut away any extra string,1,0, A
8,88.46153846153845,"['Get the sewing kit.', 'slide thread through hole', 'Cut length of thread', 'Sew button', 'Push the needle through the fabric', 'Repeat for all holes to reinforce', 'when done tie the end properly', 'Cut away any extra string']","['Put supplies away', 'Hold button to material.']",Put supplies away,0,0, A
0,0.0,[],"['Grab the fabric and button', 'Insert the needle into the button hole']",Grab the fabric and button,0,0, A
1,15.384615384615383,['Grab the fabric and button'],"['Find right color string', 'Start sewing']",Find right color string,0,0, A
2,23.07692307692308,"['Grab the fabric and button', 'Find right color string']","['Grab button', 'Repeat 5 times with other two button holes']",Grab button,0,0, A
3,50.0,"['Grab the fabric and button', 'Find right color string', 'Grab button']","['Put needle through one hole', 'Get out needle, thread, button, and clothing item.']",Put needle through one hole,0,0, A
4,53.84615384615385,"['Grab the fabric and button', 'Find right color string', 'Grab button', 'Put needle through one hole']","['Put away needle and thread', 'Run needle and thread through button hole and fabric hole']",Run needle and thread through button hole and fabric hole,1,0, A
5,80.76923076923077,"['Grab the fabric and button', 'Find right color string', 'Grab button', 'Put needle through one hole', 'Run needle and thread through button hole and fabric hole']","['Put thread in it', 'Tie the thread so the button will not come loose']",Tie the thread so the button will not come loose,1,0, A
0,0.0,[],"['Cut.', 'Drive to fabric store']",Drive to fabric store,1,0, A
1,19.230769230769237,['Drive to fabric store'],"['Get some thread', 'Holding button at appropriate location, press needle through first hole on button.']",Get some thread,0,0, A
2,30.76923076923077,"['Drive to fabric store', 'Get some thread']","['Line the button up in the place where the old one would have been', 'Keep sewing until the button is secure.']",Line the button up in the place where the old one would have been,0,0, A
3,53.84615384615385,"['Drive to fabric store', 'Get some thread', 'Line the button up in the place where the old one would have been']","['Pull thread through opposite button hole', 'Get clothing']",Pull thread through opposite button hole,0,0, A
4,80.76923076923077,"['Drive to fabric store', 'Get some thread', 'Line the button up in the place where the old one would have been', 'Pull thread through opposite button hole']","['Make a knot', 'Place button where it is to be sewed']",Make a knot,0,0, A
5,84.61538461538461,"['Drive to fabric store', 'Get some thread', 'Line the button up in the place where the old one would have been', 'Pull thread through opposite button hole', 'Make a knot']","['Cut away any extra string', 'Get thread and needle']",Cut away any extra string,0,0, A
0,0.0,[],"['Drive to fabric store', 'Place needle through clothing.']",Drive to fabric store,0,0, A
1,19.230769230769237,['Drive to fabric store'],"['Find thread that matches', 'Put needle in other button hole.']",Find thread that matches,0,0, A
2,26.923076923076923,"['Drive to fabric store', 'Find thread that matches']","['Get item that needs button sewing on', 'tug to make sure it is secure']",Get item that needs button sewing on,0,0, A
3,50.0,"['Drive to fabric store', 'Find thread that matches', 'Get item that needs button sewing on']","['Put the thread through the button and start threading', 'Get the thread']",Put the thread through the button and start threading,0,0, A
4,53.84615384615385,"['Drive to fabric store', 'Find thread that matches', 'Get item that needs button sewing on', 'Put the thread through the button and start threading']","['gathering thread', 'Crisscross on the button']",Crisscross on the button,1,0, A
5,84.61538461538461,"['Drive to fabric store', 'Find thread that matches', 'Get item that needs button sewing on', 'Put the thread through the button and start threading', 'Crisscross on the button']","['Cut off the extra thread', 'put the needle into the fabric']",Cut off the extra thread,0,0, A
0,0.0,[],"['Drive to fabric store', 'Sew button through second hole']",Drive to fabric store,0,0, A
1,19.230769230769237,['Drive to fabric store'],"['Cut off the extra thread', 'get some thread']",get some thread,1,0, A
2,23.07692307692308,"['Drive to fabric store', 'get some thread']","['find button', 'Hold button in place']",find button,0,0, A
3,26.923076923076923,"['Drive to fabric store', 'get some thread', 'find button']","['grab object the button is being sewed', 'Pull thread through and secure button']",grab object the button is being sewed,0,0, A
4,34.61538461538461,"['Drive to fabric store', 'get some thread', 'find button', 'grab object the button is being sewed']","['Thread a needle.', 'Repeat several times, going through a different hole each time.']",Thread a needle.,0,0, A
5,53.84615384615385,"['Drive to fabric store', 'get some thread', 'find button', 'grab object the button is being sewed', 'Thread a needle.']","['Get a needle and thread.', 'Insert the needle into the button hole']",Insert the needle into the button hole,1,0, A
0,0.0,[],"['repeat 6 more times', 'Drive to fabric store']",Drive to fabric store,1,0, A
1,19.230769230769237,['Drive to fabric store'],"['Get thread', 'Check new button']",Get thread,0,0, A
2,23.07692307692308,"['Drive to fabric store', 'Get thread']","['Pull through other side.', 'Find a button that matches the others on your garment']",Find a button that matches the others on your garment,1,0, A
3,34.61538461538461,"['Drive to fabric store', 'Get thread', 'Find a button that matches the others on your garment']","['put needle into adjoining hole', 'Hook thread through needle']",Hook thread through needle,1,0, A
4,61.53846153846154,"['Drive to fabric store', 'Get thread', 'Find a button that matches the others on your garment', 'Hook thread through needle']","['Get sewing kit', 'Pull the needle until thread is completely on the other side of shirt']",Pull the needle until thread is completely on the other side of shirt,1,0, A
5,80.76923076923077,"['Drive to fabric store', 'Get thread', 'Find a button that matches the others on your garment', 'Hook thread through needle', 'Pull the needle until thread is completely on the other side of shirt']","['Get sewing kit', 'Tie off finishing knot']",Tie off finishing knot,1,0, A
0,0.0,[],"['Drive to fabric store', 'Repeat procedure until button is secure']",Drive to fabric store,0,0, A
1,19.230769230769237,['Drive to fabric store'],"['Get thread.', 'use needle and thread to sew button onto shirt']",Get thread.,0,0, A
2,23.07692307692308,"['Drive to fabric store', 'Get thread.']","['Tie off thread', 'Find matching button, or old button.']","Find matching button, or old button.",1,0, A
3,61.53846153846154,"['Drive to fabric store', 'Get thread.', 'Find matching button, or old button.']","['Start sewing going into the back of the garment.', 'MAKE SURE BUTTON IS SECURE']",Start sewing going into the back of the garment.,0,0, A
4,76.92307692307693,"['Drive to fabric store', 'Get thread.', 'Find matching button, or old button.', 'Start sewing going into the back of the garment.']","['attach button', 'Continue until the button is on tight']",Continue until the button is on tight,1,0, A
5,84.61538461538461,"['Drive to fabric store', 'Get thread.', 'Find matching button, or old button.', 'Start sewing going into the back of the garment.', 'Continue until the button is on tight']","['Cut the thread near the needle to finish', 'Thread the needle']",Cut the thread near the needle to finish,0,0, A
0,0.0,[],"['Drive to fabric store', 'Tie a knot a the end of the thread']",Drive to fabric store,0,0, A
1,19.230769230769237,['Drive to fabric store'],"['Get thread', 'push needle to back of the item']",Get thread,0,0, A
2,30.76923076923077,"['Drive to fabric store', 'Get thread']","['Cut thread', 'Put button in the right area']",Put button in the right area,1,0, A
3,53.84615384615385,"['Drive to fabric store', 'Get thread', 'Put button in the right area']","['pull thread forward', 'Get thread.']",pull thread forward,0,0, A
4,61.53846153846154,"['Drive to fabric store', 'Get thread', 'Put button in the right area', 'pull thread forward']","['Holding button at appropriate location, press needle through first hole on button.', 'Select thread of correct color']","Holding button at appropriate location, press needle through first hole on button.",0,0, A
5,65.38461538461539,"['Drive to fabric store', 'Get thread', 'Put button in the right area', 'pull thread forward', 'Holding button at appropriate location, press needle through first hole on button.']","['Line the button up in the place where the old one would have been', 'Bring the needle up through another hole on button.']",Bring the needle up through another hole on button.,1,0, A
6,69.23076923076923,"['Drive to fabric store', 'Get thread', 'Put button in the right area', 'pull thread forward', 'Holding button at appropriate location, press needle through first hole on button.', 'Bring the needle up through another hole on button.']","['put needle into adjoining hole', 'Sew on the button.']",put needle into adjoining hole,0,0, A
0,0.0,[],"['Drive to fabric store', 'tug to make sure it is secure']",Drive to fabric store,0,0, A
1,19.230769230769237,['Drive to fabric store'],"['Find thread that matches button color.', 'Return the needle through the fabric and through a different button hole']",Find thread that matches button color.,0,0, A
2,23.07692307692308,"['Drive to fabric store', 'Find thread that matches button color.']","['Get back the needle through the third button hole', 'Select a button']",Select a button,1,0, A
3,30.76923076923077,"['Drive to fabric store', 'Find thread that matches button color.', 'Select a button']","['Tie off your thread.', 'Take button and put it on shirt where you want it']",Take button and put it on shirt where you want it,1,0, A
4,50.0,"['Drive to fabric store', 'Find thread that matches button color.', 'Select a button', 'Take button and put it on shirt where you want it']","['Get out sewing kit.', 'pull through on the other side']",pull through on the other side,1,0, A
5,53.84615384615385,"['Drive to fabric store', 'Find thread that matches button color.', 'Select a button', 'Take button and put it on shirt where you want it', 'pull through on the other side']","['Pull the needle through a hole in the button, then back into the fabric', 'Get out sewing kit.']","Pull the needle through a hole in the button, then back into the fabric",0,0, A
0,0.0,[],"['Tie knot in end of thread', 'Get a thimble']",Get a thimble,1,0, A
1,15.384615384615383,['Get a thimble'],"['Find right color string', 'Push needle through first hole']",Find right color string,0,0, A
2,30.76923076923077,"['Get a thimble', 'Find right color string']","['tie knot on thread', 'Place button where desired']",Place button where desired,1,0, A
3,46.15384615384615,"['Get a thimble', 'Find right color string', 'Place button where desired']","['Get needle and thread', 'moving the needle in and out of the fabric']",moving the needle in and out of the fabric,1,0, A
0,0.0,[],"['Get out needle, thread, button, and clothing item.', 'Cut off excess thread']","Get out needle, thread, button, and clothing item.",0,0, A
1,15.384615384615383,"['Get out needle, thread, button, and clothing item.']","['Choose thread color', 'Cut loose ends']",Choose thread color,0,0, A
2,23.07692307692308,"['Get out needle, thread, button, and clothing item.', 'Choose thread color']","['Tie thread at end', 'Find button replacement']",Find button replacement,1,0, A
3,38.46153846153847,"['Get out needle, thread, button, and clothing item.', 'Choose thread color', 'Find button replacement']","['tie a knot in thread', 'Find thread and needle.']",tie a knot in thread,0,0, A
4,42.30769230769231,"['Get out needle, thread, button, and clothing item.', 'Choose thread color', 'Find button replacement', 'tie a knot in thread']","['Cut thread string to how much is needed', 'knot thread']",Cut thread string to how much is needed,0,0, A
5,46.15384615384615,"['Get out needle, thread, button, and clothing item.', 'Choose thread color', 'Find button replacement', 'tie a knot in thread', 'Cut thread string to how much is needed']","['gather needle', 'Put thread through buttonhole']",Put thread through buttonhole,1,0, A
6,61.53846153846154,"['Get out needle, thread, button, and clothing item.', 'Choose thread color', 'Find button replacement', 'tie a knot in thread', 'Cut thread string to how much is needed', 'Put thread through buttonhole']","['Get some thread', 'Holding button at appropriate location, press needle through first hole on button.']","Holding button at appropriate location, press needle through first hole on button.",1,0, A
7,80.76923076923077,"['Get out needle, thread, button, and clothing item.', 'Choose thread color', 'Find button replacement', 'tie a knot in thread', 'Cut thread string to how much is needed', 'Put thread through buttonhole', 'Holding button at appropriate location, press needle through first hole on button.']","['Tie off thread', 'Get thread.']",Tie off thread,0,0, A
8,84.61538461538461,"['Get out needle, thread, button, and clothing item.', 'Choose thread color', 'Find button replacement', 'tie a knot in thread', 'Cut thread string to how much is needed', 'Put thread through buttonhole', 'Holding button at appropriate location, press needle through first hole on button.', 'Tie off thread']","['Tie a knot in the end of thread', 'Snip excess thread off']",Snip excess thread off,1,0, A
0,0.0,[],"['Drive to fabric store', 'Thread a needle']",Drive to fabric store,0,0, A
1,19.230769230769237,['Drive to fabric store'],"['Tie knot.', 'getting out thread']",getting out thread,1,0, A
2,26.923076923076923,"['Drive to fabric store', 'getting out thread']","['Cut thread from spindle', 'Find a piece of clothing.']",Find a piece of clothing.,1,0, A
3,34.61538461538461,"['Drive to fabric store', 'getting out thread', 'Find a piece of clothing.']","['Tie off the end of the thread', 'Thread needle with matching thread']",Thread needle with matching thread,1,0, A
4,50.0,"['Drive to fabric store', 'getting out thread', 'Find a piece of clothing.', 'Thread needle with matching thread']","['pull through on the other side', 'Get a thimble']",pull through on the other side,0,0, A
5,80.76923076923077,"['Drive to fabric store', 'getting out thread', 'Find a piece of clothing.', 'Thread needle with matching thread', 'pull through on the other side']","['Find thread that matches', 'Make a knot on last pass']",Make a knot on last pass,1,0, A
6,88.46153846153845,"['Drive to fabric store', 'getting out thread', 'Find a piece of clothing.', 'Thread needle with matching thread', 'pull through on the other side', 'Make a knot on last pass']","['Clean up.', 'Find matching thread']",Clean up.,0,0, A
0,0.0,[],"['place botton where you want it', 'Drive to fabric store']",Drive to fabric store,1,0, A
1,19.230769230769237,['Drive to fabric store'],"['Crisscross on the button', 'Find thread that matches']",Find thread that matches,1,0, A
2,23.07692307692308,"['Drive to fabric store', 'Find thread that matches']","['Place needle through clothing.', 'Find a button']",Find a button,1,0, A
3,26.923076923076923,"['Drive to fabric store', 'Find thread that matches', 'Find a button']","['Use scissors to cut thread', 'Get the garment']",Get the garment,1,0, A
4,50.0,"['Drive to fabric store', 'Find thread that matches', 'Find a button', 'Get the garment']","['push needle through button and shirt', 'Continue sewing in an X pattern until the button is secure.']",push needle through button and shirt,0,0, A
5,61.53846153846154,"['Drive to fabric store', 'Find thread that matches', 'Find a button', 'Get the garment', 'push needle through button and shirt']","['Take the cloth to be sewed', 'Pull the needle until thread is completely on the other side of shirt']",Pull the needle until thread is completely on the other side of shirt,1,0, A
6,65.38461538461539,"['Drive to fabric store', 'Find thread that matches', 'Find a button', 'Get the garment', 'push needle through button and shirt', 'Pull the needle until thread is completely on the other side of shirt']","['Pull needle out other side.', 'Get supplies - shirt, new button, thread, needle']",Pull needle out other side.,0,0, A
7,69.23076923076923,"['Drive to fabric store', 'Find thread that matches', 'Find a button', 'Get the garment', 'push needle through button and shirt', 'Pull the needle until thread is completely on the other side of shirt', 'Pull needle out other side.']","['Put needle in other button hole.', 'Find a needle']",Put needle in other button hole.,0,0, A
0,0.0,[],"['Get out needle, thread, button, and clothing item.', 'Repeat for remaining holes']","Get out needle, thread, button, and clothing item.",0,0, A
1,30.76923076923077,"['Get out needle, thread, button, and clothing item.']","['Put the button in the correct spot.', 'Tie the thread round in between the garment and button']",Put the button in the correct spot.,0,0, A
2,61.53846153846154,"['Get out needle, thread, button, and clothing item.', 'Put the button in the correct spot.']","['Get sewing basket', 'Push needle through hole']",Push needle through hole,1,0, A
3,76.92307692307693,"['Get out needle, thread, button, and clothing item.', 'Put the button in the correct spot.', 'Push needle through hole']","['Get thread', 'Repeat 4 or 5 times']",Repeat 4 or 5 times,1,0, A
4,84.61538461538461,"['Get out needle, thread, button, and clothing item.', 'Put the button in the correct spot.', 'Push needle through hole', 'Repeat 4 or 5 times']","['Cut excess thread', 'Lay down garment']",Cut excess thread,0,0, A
0,0.0,[],"['Ending again in the back of the garment cut off the thread.', 'Drive to fabric store']",Drive to fabric store,1,0, A
1,19.230769230769237,['Drive to fabric store'],"['Get thread.', 'Cut excess thread']",Get thread.,0,0, A
2,23.07692307692308,"['Drive to fabric store', 'Get thread.']","['Repeat until button is tight', 'Get proper button']",Get proper button,1,0, A
3,50.0,"['Drive to fabric store', 'Get thread.', 'Get proper button']","['Get thread.', 'Put needle through one hole']",Put needle through one hole,1,0, A
4,76.92307692307693,"['Drive to fabric store', 'Get thread.', 'Get proper button', 'Put needle through one hole']","['Pick up shirt missing button.', 'Continue repeating pushing up and pushing thread back down']",Continue repeating pushing up and pushing thread back down,1,0, A
0,0.0,[],"['Get the item of clothing the button is to go on', 'Take out sewing kit']",Take out sewing kit,1,0, A
1,23.07692307692308,['Take out sewing kit'],"['Tie knot on thread.', 'get button']",get button,1,0, A
2,61.53846153846154,"['Take out sewing kit', 'get button']","['Take a needle and required thread', 'Pull the needle until thread is completely on the other side of shirt']",Pull the needle until thread is completely on the other side of shirt,1,0, A
3,65.38461538461539,"['Take out sewing kit', 'get button', 'Pull the needle until thread is completely on the other side of shirt']","['Put the needle thorough the back of the button hole.', 'Put away thread and needle']",Put the needle thorough the back of the button hole.,0,0, A
4,69.23076923076923,"['Take out sewing kit', 'get button', 'Pull the needle until thread is completely on the other side of shirt', 'Put the needle thorough the back of the button hole.']","['Sew through the diagonal hole of the button and the garment.', 'Choose a button.']",Sew through the diagonal hole of the button and the garment.,0,0, A
0,0.0,[],"['Drive to fabric store', 'repeat until button is secure']",Drive to fabric store,0,0, A
1,19.230769230769237,['Drive to fabric store'],"['Find thread that matches', 'Tie another knot at the end of the thread.']",Find thread that matches,0,0, A
2,34.61538461538461,"['Drive to fabric store', 'Find thread that matches']","['Push needle down through other button on hole', 'Thread the needle']",Thread the needle,1,0, A
3,46.15384615384615,"['Drive to fabric store', 'Find thread that matches', 'Thread the needle']","['Push needle through fabric and button hole', 'Get proper button']",Push needle through fabric and button hole,0,0, A
4,53.84615384615385,"['Drive to fabric store', 'Find thread that matches', 'Thread the needle', 'Push needle through fabric and button hole']","['Get sewing kit', 'Pull through other end']",Pull through other end,1,0, A
5,61.53846153846154,"['Drive to fabric store', 'Find thread that matches', 'Thread the needle', 'Push needle through fabric and button hole', 'Pull through other end']","['Take out sewing kit', 'Sew button onto fabric through the first hole']",Sew button onto fabric through the first hole,1,0, A
6,76.92307692307693,"['Drive to fabric store', 'Find thread that matches', 'Thread the needle', 'Push needle through fabric and button hole', 'Pull through other end', 'Sew button onto fabric through the first hole']","['get thread, needle, button to be sewn', 'Repeat 4 or 5 times']",Repeat 4 or 5 times,1,0, A
7,84.61538461538461,"['Drive to fabric store', 'Find thread that matches', 'Thread the needle', 'Push needle through fabric and button hole', 'Pull through other end', 'Sew button onto fabric through the first hole', 'Repeat 4 or 5 times']","['Cut the excess thread', 'insert needle through cloth']",Cut the excess thread,0,0, A
0,0.0,[],"['Drive to fabric store', 'Run needle and thread through button hole and fabric hole']",Drive to fabric store,0,0, A
1,19.230769230769237,['Drive to fabric store'],"['Run needle and thread through button hole and fabric hole', 'Get thread']",Get thread,1,0, A
2,34.61538461538461,"['Drive to fabric store', 'Get thread']","['Thread needle', 'Cut the thread.']",Thread needle,0,0, A
3,88.46153846153845,"['Drive to fabric store', 'Get thread', 'Thread needle']","['Take out needle.', 'Clean up.']",Clean up.,1,0, A
4,92.3076923076923,"['Drive to fabric store', 'Get thread', 'Thread needle', 'Clean up.']","['Check new button', 'Get a thread and a needle']",Check new button,0,0, A
0,0.0,[],"['Insert the thread into the needle hole', 'Drive to fabric store']",Drive to fabric store,1,0, A
1,19.230769230769237,['Drive to fabric store'],"['Find similar color thread to use.', 'Push needle down through other button on hole']",Find similar color thread to use.,0,0, A
2,26.923076923076923,"['Drive to fabric store', 'Find similar color thread to use.']","[""pass needle and thread back through another of the button's needle holes"", 'Get item that needs a button']",Get item that needs a button,1,0, A
3,46.15384615384615,"['Drive to fabric store', 'Find similar color thread to use.', 'Get item that needs a button']","['Gather supplies', 'Thread button onto clothing']",Thread button onto clothing,1,0, A
4,50.0,"['Drive to fabric store', 'Find similar color thread to use.', 'Get item that needs a button', 'Thread button onto clothing']","['Insert the needle from the bottom where the button is to be sewn', 'grab a needle']",Insert the needle from the bottom where the button is to be sewn,0,0, A
5,53.84615384615385,"['Drive to fabric store', 'Find similar color thread to use.', 'Get item that needs a button', 'Thread button onto clothing', 'Insert the needle from the bottom where the button is to be sewn']","['pull the needle through', 'Choose button that I like']",pull the needle through,0,0, A
6,76.92307692307693,"['Drive to fabric store', 'Find similar color thread to use.', 'Get item that needs a button', 'Thread button onto clothing', 'Insert the needle from the bottom where the button is to be sewn', 'pull the needle through']","['repeat until button is secure', 'Thread the needle']",repeat until button is secure,0,0, A
7,84.61538461538461,"['Drive to fabric store', 'Find similar color thread to use.', 'Get item that needs a button', 'Thread button onto clothing', 'Insert the needle from the bottom where the button is to be sewn', 'pull the needle through', 'repeat until button is secure']","['Cut off remaining thread', 'pull through on the other side']",Cut off remaining thread,0,0, A
8,88.46153846153845,"['Drive to fabric store', 'Find similar color thread to use.', 'Get item that needs a button', 'Thread button onto clothing', 'Insert the needle from the bottom where the button is to be sewn', 'pull the needle through', 'repeat until button is secure', 'Cut off remaining thread']","['Put everything away.', 'Pull the needle through a hole in the button, then back into the fabric']",Put everything away.,0,0, A
9,92.3076923076923,"['Drive to fabric store', 'Find similar color thread to use.', 'Get item that needs a button', 'Thread button onto clothing', 'Insert the needle from the bottom where the button is to be sewn', 'pull the needle through', 'repeat until button is secure', 'Cut off remaining thread', 'Put everything away.']","['Line the button back into place', 'Check new button']",Check new button,1,0, A
0,0.0,[],"['Gather supplies', 'Move needle down to hole opposite first hole']",Gather supplies,0,0, A
1,15.384615384615383,['Gather supplies'],"['Find matching thread', 'Pull needle and thread']",Find matching thread,0,0, A
2,34.61538461538461,"['Gather supplies', 'Find matching thread']","['Push needle under material to next hole', 'thread the needle']",thread the needle,1,0, A
3,61.53846153846154,"['Gather supplies', 'Find matching thread', 'thread the needle']","['Get needle.', 'Thread one hole with the needle']",Thread one hole with the needle,1,0, A
4,65.38461538461539,"['Gather supplies', 'Find matching thread', 'thread the needle', 'Thread one hole with the needle']","['measure and cut length of thread', 'Bring the needle up through another hole on button.']",Bring the needle up through another hole on button.,1,0, A
5,69.23076923076923,"['Gather supplies', 'Find matching thread', 'thread the needle', 'Thread one hole with the needle', 'Bring the needle up through another hole on button.']","['Thread the needle', 'Get back the needle through the third button hole']",Get back the needle through the third button hole,1,0, A
0,0.0,[],"['Thread one hole with the needle', 'Grab the fabric and button']",Grab the fabric and button,1,0, A
1,30.76923076923077,['Grab the fabric and button'],"['Get out sewing kit.', 'Place button on desired spot on shirt.']",Place button on desired spot on shirt.,1,0, A
2,53.84615384615385,"['Grab the fabric and button', 'Place button on desired spot on shirt.']","['locate needle and thread', 'Return the needle through the fabric and through a different button hole']",Return the needle through the fabric and through a different button hole,1,0, A
3,76.92307692307693,"['Grab the fabric and button', 'Place button on desired spot on shirt.', 'Return the needle through the fabric and through a different button hole']","['Continue to loop the needle and thread through the button holes.', 'taking the right button out']",Continue to loop the needle and thread through the button holes.,0,0, A
0,0.0,[],"['Get sewing basket', 'Line the button back into place']",Get sewing basket,0,0, A
1,7.6923076923076925,['Get sewing basket'],"['Put needle away', 'find needle and thread']",find needle and thread,1,0, A
2,11.538461538461538,"['Get sewing basket', 'find needle and thread']","['Take needle from sewing kit', 'Keep threading until the button is firmly attached']",Take needle from sewing kit,0,0, A
3,19.230769230769237,"['Get sewing basket', 'find needle and thread', 'Take needle from sewing kit']","['Pick thread to use', 'pass needle through needle hole in button']",Pick thread to use,0,0, A
4,23.07692307692308,"['Get sewing basket', 'find needle and thread', 'Take needle from sewing kit', 'Pick thread to use']","['FIND THE REPLACEMENT BUTTON', 'Check if the button is tight']",FIND THE REPLACEMENT BUTTON,0,0, A
5,26.923076923076923,"['Get sewing basket', 'find needle and thread', 'Take needle from sewing kit', 'Pick thread to use', 'FIND THE REPLACEMENT BUTTON']","['Pull the needle until thread is completely on the other side of shirt', 'carefully cut off old button if exists']",carefully cut off old button if exists,1,0, A
6,34.61538461538461,"['Get sewing basket', 'find needle and thread', 'Take needle from sewing kit', 'Pick thread to use', 'FIND THE REPLACEMENT BUTTON', 'carefully cut off old button if exists']","['Continue until the button is securely on the clothing', 'put thread through needle']",put thread through needle,1,0, A
7,42.30769230769231,"['Get sewing basket', 'find needle and thread', 'Take needle from sewing kit', 'Pick thread to use', 'FIND THE REPLACEMENT BUTTON', 'carefully cut off old button if exists', 'put thread through needle']","['Cut thread string to how much is needed', 'Get out sewing kit.']",Cut thread string to how much is needed,0,0, A
8,61.53846153846154,"['Get sewing basket', 'find needle and thread', 'Take needle from sewing kit', 'Pick thread to use', 'FIND THE REPLACEMENT BUTTON', 'carefully cut off old button if exists', 'put thread through needle', 'Cut thread string to how much is needed']","['Find shirt', 'push the needle through the button']",push the needle through the button,1,0, A
9,80.76923076923077,"['Get sewing basket', 'find needle and thread', 'Take needle from sewing kit', 'Pick thread to use', 'FIND THE REPLACEMENT BUTTON', 'carefully cut off old button if exists', 'put thread through needle', 'Cut thread string to how much is needed', 'push the needle through the button']","['Tie off knot with thread.', 'Get item that needs a button']",Tie off knot with thread.,0,0, A
10,88.46153846153845,"['Get sewing basket', 'find needle and thread', 'Take needle from sewing kit', 'Pick thread to use', 'FIND THE REPLACEMENT BUTTON', 'carefully cut off old button if exists', 'put thread through needle', 'Cut thread string to how much is needed', 'push the needle through the button', 'Tie off knot with thread.']","['Put needle away', 'Tie a knot a the end of the thread']",Put needle away,0,0, A
0,0.0,[],"['Get your sewing kit', 'Lay down garment']",Get your sewing kit,0,0, A
1,34.61538461538461,['Get your sewing kit'],"['knot thread', 'Put thread through a needle.']",Put thread through a needle.,1,0, A
2,53.84615384615385,"['Get your sewing kit', 'Put thread through a needle.']","['Use the needle to guide the thread', 'Get the item of clothing the button is to go on']",Use the needle to guide the thread,0,0, A
3,61.53846153846154,"['Get your sewing kit', 'Put thread through a needle.', 'Use the needle to guide the thread']","['Get scissors, needle, button and thread', 'Starting from the bottom, poke needle through hole in button']","Starting from the bottom, poke needle through hole in button",1,0, A
4,76.92307692307693,"['Get your sewing kit', 'Put thread through a needle.', 'Use the needle to guide the thread', 'Starting from the bottom, poke needle through hole in button']","['Cut away any loose threads.', 'Push through other holes']",Push through other holes,1,0, A
0,0.0,[],"['Tie knot in end of thread', 'Drive to fabric store']",Drive to fabric store,1,0, A
1,19.230769230769237,['Drive to fabric store'],"['Start sewing going into the back of the garment.', 'Get thread.']",Get thread.,1,0, A
2,26.923076923076923,"['Drive to fabric store', 'Get thread.']","['Get clothing', 'Push through other holes']",Get clothing,0,0, A
3,50.0,"['Drive to fabric store', 'Get thread.', 'Get clothing']","['Put needle and thread through shirt', 'Cut thread from spindle']",Put needle and thread through shirt,0,0, A
4,76.92307692307693,"['Drive to fabric store', 'Get thread.', 'Get clothing', 'Put needle and thread through shirt']","['Grab button', 'Repeat this until the button is secure']",Repeat this until the button is secure,1,0, A
5,80.76923076923077,"['Drive to fabric store', 'Get thread.', 'Get clothing', 'Put needle and thread through shirt', 'Repeat this until the button is secure']","['Tie of thread on inside', 'Take a needle and required thread']",Tie of thread on inside,0,0, A
0,0.0,[],"['Insert needle through first side of button (step 3)', 'get thread, needle, button to be sewn']","get thread, needle, button to be sewn",1,0, A
1,15.384615384615383,"['get thread, needle, button to be sewn']","['Find right color string', 'Cut about 16 inches worth of thread.']",Find right color string,0,0, A
2,19.230769230769237,"['get thread, needle, button to be sewn', 'Find right color string']","['Cut a length of thread more than double what you will need', 'Pass the needle in and out of holes on button']",Cut a length of thread more than double what you will need,0,0, A
3,30.76923076923077,"['get thread, needle, button to be sewn', 'Find right color string', 'Cut a length of thread more than double what you will need']","['Find placement for new button.', 'Continue crisscrossing thread between holes of button until button is tight.']",Find placement for new button.,0,0, A
4,50.0,"['get thread, needle, button to be sewn', 'Find right color string', 'Cut a length of thread more than double what you will need', 'Find placement for new button.']","['find the needle', 'Push needle through button and fabric.']",Push needle through button and fabric.,1,0, A
5,65.38461538461539,"['get thread, needle, button to be sewn', 'Find right color string', 'Cut a length of thread more than double what you will need', 'Find placement for new button.', 'Push needle through button and fabric.']","['put button where other button was located', 'Bring the needle up through another hole on button.']",Bring the needle up through another hole on button.,1,0, A
6,69.23076923076923,"['get thread, needle, button to be sewn', 'Find right color string', 'Cut a length of thread more than double what you will need', 'Find placement for new button.', 'Push needle through button and fabric.', 'Bring the needle up through another hole on button.']","['Poke needle through opposite hole', 'gathering thread']",Poke needle through opposite hole,0,0, A
7,73.07692307692307,"['get thread, needle, button to be sewn', 'Find right color string', 'Cut a length of thread more than double what you will need', 'Find placement for new button.', 'Push needle through button and fabric.', 'Bring the needle up through another hole on button.', 'Poke needle through opposite hole']","['gather garment for buttoning', 'push needle to back of the item']",push needle to back of the item,1,0, A
8,76.92307692307693,"['get thread, needle, button to be sewn', 'Find right color string', 'Cut a length of thread more than double what you will need', 'Find placement for new button.', 'Push needle through button and fabric.', 'Bring the needle up through another hole on button.', 'Poke needle through opposite hole', 'push needle to back of the item']","['taking the right button out', 'Keep repeating the sewing to reinforce the strength']",Keep repeating the sewing to reinforce the strength,1,0, A
0,0.0,[],"['Get out sewing kit', 'Sew through holes or shank in button.']",Get out sewing kit,0,0, A
1,34.61538461538461,['Get out sewing kit'],"['Place the thread through the needle', 'repeat until button is secure']",Place the thread through the needle,0,0, A
2,46.15384615384615,"['Get out sewing kit', 'Place the thread through the needle']","['sew the button with criss-cross movement of needle', 'gathering thread']",sew the button with criss-cross movement of needle,0,0, A
3,50.0,"['Get out sewing kit', 'Place the thread through the needle', 'sew the button with criss-cross movement of needle']","['Cut excess thread', 'Put the thread through the button and start threading']",Put the thread through the button and start threading,1,0, A
4,53.84615384615385,"['Get out sewing kit', 'Place the thread through the needle', 'sew the button with criss-cross movement of needle', 'Put the thread through the button and start threading']","['get button', 'repeat the same way']",repeat the same way,1,0, A
5,80.76923076923077,"['Get out sewing kit', 'Place the thread through the needle', 'sew the button with criss-cross movement of needle', 'Put the thread through the button and start threading', 'repeat the same way']","['gather needle and thread', 'Tie off finishing knot']",Tie off finishing knot,1,0, A
6,84.61538461538461,"['Get out sewing kit', 'Place the thread through the needle', 'sew the button with criss-cross movement of needle', 'Put the thread through the button and start threading', 'repeat the same way', 'Tie off finishing knot']","['Cut off the extra thread', 'Place button on fabric']",Cut off the extra thread,0,0, A
7,88.46153846153845,"['Get out sewing kit', 'Place the thread through the needle', 'sew the button with criss-cross movement of needle', 'Put the thread through the button and start threading', 'repeat the same way', 'Tie off finishing knot', 'Cut off the extra thread']","['PUT NEEDLE AND THREAD AWAY', 'knot thread']",PUT NEEDLE AND THREAD AWAY,0,0, A
8,92.3076923076923,"['Get out sewing kit', 'Place the thread through the needle', 'sew the button with criss-cross movement of needle', 'Put the thread through the button and start threading', 'repeat the same way', 'Tie off finishing knot', 'Cut off the extra thread', 'PUT NEEDLE AND THREAD AWAY']","['Check the button', 'Fix the thread in the needle']",Check the button,0,0, A
0,0.0,[],"['Drive to fabric store', 'Stitch the button on']",Drive to fabric store,0,0, A
1,19.230769230769237,['Drive to fabric store'],"['Make a knot in fabric with thread behind the button', 'Get thread.']",Get thread.,1,0, A
2,23.07692307692308,"['Drive to fabric store', 'Get thread.']","['Pass the needle in and out of holes on button', 'Get a button to match']",Get a button to match,1,0, A
3,26.923076923076923,"['Drive to fabric store', 'Get thread.', 'Get a button to match']","['Then push needle through material', 'Get clothes']",Get clothes,1,0, A
4,30.76923076923077,"['Drive to fabric store', 'Get thread.', 'Get a button to match', 'Get clothes']","['Cut thread from spindle', 'Find the location where button needs to be sewn.']",Find the location where button needs to be sewn.,1,0, A
5,50.0,"['Drive to fabric store', 'Get thread.', 'Get a button to match', 'Get clothes', 'Find the location where button needs to be sewn.']","['Put needle through button and shirt', 'Cut off any excess thread.']",Put needle through button and shirt,0,0, A
6,65.38461538461539,"['Drive to fabric store', 'Get thread.', 'Get a button to match', 'Get clothes', 'Find the location where button needs to be sewn.', 'Put needle through button and shirt']","['Get needle and thread', 'Cross over to perpendicular hole, push needle back through']","Cross over to perpendicular hole, push needle back through",1,0, A
7,76.92307692307693,"['Drive to fabric store', 'Get thread.', 'Get a button to match', 'Get clothes', 'Find the location where button needs to be sewn.', 'Put needle through button and shirt', 'Cross over to perpendicular hole, push needle back through']","[""Make 4 x's in button."", 'Tie knot in thread.']",Make 4 x's in button.,0,0, A
0,0.0,[],"['Drive to fabric store', 'Get the item of clothing the button is to go on']",Drive to fabric store,0,0, A
1,19.230769230769237,['Drive to fabric store'],"['get thread', 'Clean up.']",get thread,0,0, A
2,34.61538461538461,"['Drive to fabric store', 'get thread']","['Repeat for all holes to reinforce', 'Thread needle.']",Thread needle.,1,0, A
3,46.15384615384615,"['Drive to fabric store', 'get thread', 'Thread needle.']","['Start sewing', 'Take a matching button']",Start sewing,0,0, A
4,84.61538461538461,"['Drive to fabric store', 'get thread', 'Thread needle.', 'Start sewing']","['Snip excess thread off', 'Get the thread']",Snip excess thread off,0,0, A
0,0.0,[],"['Poke a hole in the fabric', 'Gather supplies']",Gather supplies,1,0, A
1,7.6923076923076925,['Gather supplies'],"['Find some thread and needle', 'Pull through']",Find some thread and needle,0,0, A
2,11.538461538461538,"['Gather supplies', 'Find some thread and needle']","['Get a sewing needle.', 'Repeat for remaining holes']",Get a sewing needle.,0,0, A
3,23.07692307692308,"['Gather supplies', 'Find some thread and needle', 'Get a sewing needle.']","['Put supplies away', 'get a new button']",get a new button,1,0, A
4,26.923076923076923,"['Gather supplies', 'Find some thread and needle', 'Get a sewing needle.', 'get a new button']","['gather garment for buttoning', 'Tie off your thread.']",gather garment for buttoning,0,0, A
5,46.15384615384615,"['Gather supplies', 'Find some thread and needle', 'Get a sewing needle.', 'get a new button', 'gather garment for buttoning']","['Use needle to go through button holes', 'Get thread.']",Use needle to go through button holes,0,0, A
6,80.76923076923077,"['Gather supplies', 'Find some thread and needle', 'Get a sewing needle.', 'get a new button', 'gather garment for buttoning', 'Use needle to go through button holes']","['Tie the end of the string', 'Find a button']",Tie the end of the string,0,0, A
0,0.0,[],"['Put supplies away', 'Get your sewing kit']",Get your sewing kit,1,0, A
1,7.6923076923076925,['Get your sewing kit'],"['Wrap the thread', 'get thread and needle']",get thread and needle,1,0, A
2,23.07692307692308,"['Get your sewing kit', 'get thread and needle']","['Get a button to match', 'Cut away any extra string']",Get a button to match,0,0, A
3,61.53846153846154,"['Get your sewing kit', 'get thread and needle', 'Get a button to match']","['Take out sewing kit', 'push the needle through the button']",push the needle through the button,1,0, A
4,76.92307692307693,"['Get your sewing kit', 'get thread and needle', 'Get a button to match', 'push the needle through the button']","['Thread the needle', 'Repeat through each button hole']",Repeat through each button hole,1,0, A
5,80.76923076923077,"['Get your sewing kit', 'get thread and needle', 'Get a button to match', 'push the needle through the button', 'Repeat through each button hole']","['Make a knot in fabric with thread behind the button', 'find a button']",Make a knot in fabric with thread behind the button,0,0, A
6,88.46153846153845,"['Get your sewing kit', 'get thread and needle', 'Get a button to match', 'push the needle through the button', 'Repeat through each button hole', 'Make a knot in fabric with thread behind the button']","['Pull the needle until thread is completely on the other side of shirt', 'Put supplies away']",Put supplies away,1,0, A
7,92.3076923076923,"['Get your sewing kit', 'get thread and needle', 'Get a button to match', 'push the needle through the button', 'Repeat through each button hole', 'Make a knot in fabric with thread behind the button', 'Put supplies away']","['Check new button', 'Thread a needle']",Check new button,0,0, A
0,0.0,[],"['Get a thimble', 'Tie a knot.']",Get a thimble,0,0, A
1,26.923076923076923,['Get a thimble'],"['Prepare garment for sewing', 'Check new button']",Prepare garment for sewing,0,0, A
2,50.0,"['Get a thimble', 'Prepare garment for sewing']","['Put needle through one hole', 'Check the button']",Put needle through one hole,0,0, A
3,76.92307692307693,"['Get a thimble', 'Prepare garment for sewing', 'Put needle through one hole']","['Repeat this until the button is secure', 'carefully cut off old button if exists']",Repeat this until the button is secure,0,0, A
4,80.76923076923077,"['Get a thimble', 'Prepare garment for sewing', 'Put needle through one hole', 'Repeat this until the button is secure']","['tie thread at the end', 'Get a replacement button.']",tie thread at the end,0,0, A
5,84.61538461538461,"['Get a thimble', 'Prepare garment for sewing', 'Put needle through one hole', 'Repeat this until the button is secure', 'tie thread at the end']","['Cut away any extra string', 'Find thread that matches']",Cut away any extra string,0,0, A
6,88.46153846153845,"['Get a thimble', 'Prepare garment for sewing', 'Put needle through one hole', 'Repeat this until the button is secure', 'tie thread at the end', 'Cut away any extra string']","['Pick thread to use', 'PUT NEEDLE AND THREAD AWAY']",PUT NEEDLE AND THREAD AWAY,1,0, A
7,92.3076923076923,"['Get a thimble', 'Prepare garment for sewing', 'Put needle through one hole', 'Repeat this until the button is secure', 'tie thread at the end', 'Cut away any extra string', 'PUT NEEDLE AND THREAD AWAY']","['Check new button', 'Pull til it stops at the knot, push through fabric and another button hole']",Check new button,0,0, A
0,0.0,[],"['Drive to fabric store', 'Tie thread at end']",Drive to fabric store,0,0, A
1,19.230769230769237,['Drive to fabric store'],"['Insert needle through one side of button', 'get some thread']",get some thread,1,0, A
2,30.76923076923077,"['Drive to fabric store', 'get some thread']","['Cut.', 'putting the button on the fabric']",putting the button on the fabric,1,0, A
3,53.84615384615385,"['Drive to fabric store', 'get some thread', 'putting the button on the fabric']","['Get thread.', 'Pull thread through and secure button']",Pull thread through and secure button,1,0, A
4,76.92307692307693,"['Drive to fabric store', 'get some thread', 'putting the button on the fabric', 'Pull thread through and secure button']","['Repeat steps 4 through 6 about 30 times', 'Thread needle.']",Repeat steps 4 through 6 about 30 times,0,0, A
5,84.61538461538461,"['Drive to fabric store', 'get some thread', 'putting the button on the fabric', 'Pull thread through and secure button', 'Repeat steps 4 through 6 about 30 times']","['Cut a length of thread more than double what you will need', 'Cut thread']",Cut thread,1,0, A
0,0.0,[],"['Drive to fabric store', 'Prepare garment for sewing']",Drive to fabric store,0,0, A
1,19.230769230769237,['Drive to fabric store'],"['When done knot end.', 'Get the proper colored thread']",Get the proper colored thread,1,0, A
2,23.07692307692308,"['Drive to fabric store', 'Get the proper colored thread']","['pull thread forward', 'find button']",find button,1,0, A
3,26.923076923076923,"['Drive to fabric store', 'Get the proper colored thread', 'find button']","['Tie thread at end', 'taking the right button out']",taking the right button out,1,0, A
4,34.61538461538461,"['Drive to fabric store', 'Get the proper colored thread', 'find button', 'taking the right button out']","['Keep repeating the sewing to reinforce the strength', 'Place the thread inside the needle']",Place the thread inside the needle,1,0, A
5,88.46153846153845,"['Drive to fabric store', 'Get the proper colored thread', 'find button', 'taking the right button out', 'Place the thread inside the needle']","['Choose thread to sew button on with.', 'Take out the needle']",Take out the needle,1,0, A
6,92.3076923076923,"['Drive to fabric store', 'Get the proper colored thread', 'find button', 'taking the right button out', 'Place the thread inside the needle', 'Take out the needle']","['Get a sewing needle.', 'Check the button']",Check the button,1,0, A
0,0.0,[],"['Cut off excess thread', 'Get sewing kit']",Get sewing kit,1,0, A
1,11.538461538461538,['Get sewing kit'],"['Find a needle', 'Tie of thread on inside']",Find a needle,0,0, A
2,23.07692307692308,"['Get sewing kit', 'Find a needle']","['put needle and thread away', 'Select a button']",Select a button,1,0, A
3,34.61538461538461,"['Get sewing kit', 'Find a needle', 'Select a button']","['Thread the needle', 'Continue sewing in an X pattern until the button is secure.']",Thread the needle,0,0, A
4,88.46153846153845,"['Get sewing kit', 'Find a needle', 'Select a button', 'Thread the needle']","['Put everything away.', 'get thread and needle']",Put everything away.,0,0, A
5,92.3076923076923,"['Get sewing kit', 'Find a needle', 'Select a button', 'Thread the needle', 'Put everything away.']","['Grab the garment that you would like to sew the button to.', 'Check new button']",Check new button,1,0, A
0,0.0,[],"['Get sewing kit', 'Get the piece of apparel that needs to sew the button on.']",Get sewing kit,0,0, A
1,11.538461538461538,['Get sewing kit'],"['Pick a needle', 'Start sewing']",Pick a needle,0,0, A
2,15.384615384615383,"['Get sewing kit', 'Pick a needle']","['Put away needle and thread', 'Select thread of correct color']",Select thread of correct color,1,0, A
3,23.07692307692308,"['Get sewing kit', 'Pick a needle', 'Select thread of correct color']","['Find a button.', 'Put the needle thorough the back of the button hole.']",Find a button.,0,0, A
4,34.61538461538461,"['Get sewing kit', 'Pick a needle', 'Select thread of correct color', 'Find a button.']","['cut the thread when finished', 'Put thread through a needle.']",Put thread through a needle.,1,0, A
5,38.46153846153847,"['Get sewing kit', 'Pick a needle', 'Select thread of correct color', 'Find a button.', 'Put thread through a needle.']","['Do this several times until the button is secure', 'tie knot at end of thread']",tie knot at end of thread,1,0, A
6,61.53846153846154,"['Get sewing kit', 'Pick a needle', 'Select thread of correct color', 'Find a button.', 'Put thread through a needle.', 'tie knot at end of thread']","['Cut thread', 'Pull thread through']",Pull thread through,1,0, A
7,80.76923076923077,"['Get sewing kit', 'Pick a needle', 'Select thread of correct color', 'Find a button.', 'Put thread through a needle.', 'tie knot at end of thread', 'Pull thread through']","['Find a needle', 'When done knot end.']",When done knot end.,1,0, A
0,0.0,[],"['Drive to fabric store', 'Push needle through the button hole into the fabric']",Drive to fabric store,0,0, A
1,19.230769230769237,['Drive to fabric store'],"['Get thread', 'Cut excess thread']",Get thread,0,0, A
2,23.07692307692308,"['Drive to fabric store', 'Get thread']","['put sewing kit away', 'Get a button to match']",Get a button to match,1,0, A
3,34.61538461538461,"['Drive to fabric store', 'Get thread', 'Get a button to match']","['Thread the needle', 'Move needle down to hole opposite first hole']",Thread the needle,0,0, A
4,88.46153846153845,"['Drive to fabric store', 'Get thread', 'Get a button to match', 'Thread the needle']","['place button on cloth where it needs to go', 'Put away thread and needle']",Put away thread and needle,1,0, A
0,0.0,[],"['Tie of thread on inside', 'Take out sewing kit']",Take out sewing kit,1,0, A
1,7.6923076923076925,['Take out sewing kit'],"['Get a needle and thread', 'Make a knot on last pass']",Get a needle and thread,0,0, A
2,34.61538461538461,"['Take out sewing kit', 'Get a needle and thread']","['Repeat 4 or 5 times', 'Thread needle']",Thread needle,1,0, A
3,42.30769230769231,"['Take out sewing kit', 'Get a needle and thread', 'Thread needle']","['Cut about 16 inches worth of thread.', 'PUT NEEDLE AND THREAD AWAY']",Cut about 16 inches worth of thread.,0,0, A
4,61.53846153846154,"['Take out sewing kit', 'Get a needle and thread', 'Thread needle', 'Cut about 16 inches worth of thread.']","['Holding button at appropriate location, press needle through first hole on button.', 'get needle']","Holding button at appropriate location, press needle through first hole on button.",0,0, A
5,65.38461538461539,"['Take out sewing kit', 'Get a needle and thread', 'Thread needle', 'Cut about 16 inches worth of thread.', 'Holding button at appropriate location, press needle through first hole on button.']","['Get a thimble', 'Pull needle and thread']",Pull needle and thread,1,0, A
6,69.23076923076923,"['Take out sewing kit', 'Get a needle and thread', 'Thread needle', 'Cut about 16 inches worth of thread.', 'Holding button at appropriate location, press needle through first hole on button.', 'Pull needle and thread']","['Move needle down to hole opposite first hole', 'Place button on clothing']",Move needle down to hole opposite first hole,0,0, A
0,0.0,[],"['Continue until button is secure', 'Get out needle, thread, button, and clothing item.']","Get out needle, thread, button, and clothing item.",1,0, A
1,26.923076923076923,"['Get out needle, thread, button, and clothing item.']","['get item to be sewn', 'Sew button through third hole']",get item to be sewn,0,0, A
2,46.15384615384615,"['Get out needle, thread, button, and clothing item.', 'get item to be sewn']","['Sew the button on the cloth using the needle', 'Take out right colored thread.']",Sew the button on the cloth using the needle,0,0, A
3,84.61538461538461,"['Get out needle, thread, button, and clothing item.', 'get item to be sewn', 'Sew the button on the cloth using the needle']","['Ending again in the back of the garment cut off the thread.', 'Put needle through button and clothing.']",Ending again in the back of the garment cut off the thread.,0,0, A
0,0.0,[],"['Place button on desired spot on shirt.', 'Drive to fabric store']",Drive to fabric store,1,0, A
1,19.230769230769237,['Drive to fabric store'],"['Get thread.', 'Tie off finishing knot']",Get thread.,0,0, A
2,26.923076923076923,"['Drive to fabric store', 'Get thread.']","['Cut off end from needle', 'Get clothing']",Get clothing,1,0, A
3,50.0,"['Drive to fabric store', 'Get thread.', 'Get clothing']","['put the needle into the fabric', 'Cut thread close to knot.']",put the needle into the fabric,0,0, A
4,76.92307692307693,"['Drive to fabric store', 'Get thread.', 'Get clothing', 'put the needle into the fabric']","['repeat 6 more times', 'Mark on clothing where button is to go']",repeat 6 more times,0,0, A
0,0.0,[],"['Get out sewing kit.', 'Cut off the extra thread']",Get out sewing kit.,0,0, A
1,7.6923076923076925,['Get out sewing kit.'],"['locate needle and thread', 'Continue until the button is on tight']",locate needle and thread,0,0, A
2,19.230769230769237,"['Get out sewing kit.', 'locate needle and thread']","['Find a thread', 'Continue sewing.']",Find a thread,0,0, A
3,34.61538461538461,"['Get out sewing kit.', 'locate needle and thread', 'Find a thread']","['Repeat for all holes to reinforce', 'Thread needle']",Thread needle,1,0, A
4,42.30769230769231,"['Get out sewing kit.', 'locate needle and thread', 'Find a thread', 'Thread needle']","['Tie the thread', 'Cut about 16 inches worth of thread.']",Cut about 16 inches worth of thread.,1,0, A
5,61.53846153846154,"['Get out sewing kit.', 'locate needle and thread', 'Find a thread', 'Thread needle', 'Cut about 16 inches worth of thread.']","['Get item that needs a button', 'Push needle through hole']",Push needle through hole,1,0, A
6,80.76923076923077,"['Get out sewing kit.', 'locate needle and thread', 'Find a thread', 'Thread needle', 'Cut about 16 inches worth of thread.', 'Push needle through hole']","['Make a knot in fabric with thread behind the button', 'Get your button']",Make a knot in fabric with thread behind the button,0,0, A
7,88.46153846153845,"['Get out sewing kit.', 'locate needle and thread', 'Find a thread', 'Thread needle', 'Cut about 16 inches worth of thread.', 'Push needle through hole', 'Make a knot in fabric with thread behind the button']","['put back all the materials', 'Place button on fabric']",put back all the materials,0,0, A
8,92.3076923076923,"['Get out sewing kit.', 'locate needle and thread', 'Find a thread', 'Thread needle', 'Cut about 16 inches worth of thread.', 'Push needle through hole', 'Make a knot in fabric with thread behind the button', 'put back all the materials']","['Get out needle, thread, button, and clothing item.', 'MAKE SURE BUTTON IS SECURE']",MAKE SURE BUTTON IS SECURE,1,0, A
0,0.0,[],"['sew the button on the garment', 'Get scissors, needle, button and thread']","Get scissors, needle, button and thread",1,0, A
1,7.6923076923076925,"['Get scissors, needle, button and thread']","['break the thread', 'Remove thread and needle from kit']",Remove thread and needle from kit,1,0, A
2,34.61538461538461,"['Get scissors, needle, button and thread', 'Remove thread and needle from kit']","['Thread sewing needle with chosen thread.', 'pull needle through to knot']",Thread sewing needle with chosen thread.,0,0, A
3,38.46153846153847,"['Get scissors, needle, button and thread', 'Remove thread and needle from kit', 'Thread sewing needle with chosen thread.']","['Tie knot in end of thread', 'Push needle through other hole of button and through clothes']",Tie knot in end of thread,0,0, A
4,50.0,"['Get scissors, needle, button and thread', 'Remove thread and needle from kit', 'Thread sewing needle with chosen thread.', 'Tie knot in end of thread']","['Put needle and thread through shirt', 'get some thread']",Put needle and thread through shirt,0,0, A
5,61.53846153846154,"['Get scissors, needle, button and thread', 'Remove thread and needle from kit', 'Thread sewing needle with chosen thread.', 'Tie knot in end of thread', 'Put needle and thread through shirt']","['Cut excess thread', 'Put needle into one button hole through shirt.']",Put needle into one button hole through shirt.,1,0, A
6,65.38461538461539,"['Get scissors, needle, button and thread', 'Remove thread and needle from kit', 'Thread sewing needle with chosen thread.', 'Tie knot in end of thread', 'Put needle and thread through shirt', 'Put needle into one button hole through shirt.']","['getting out needle', 'Pull needle and thread']",Pull needle and thread,1,0, A
7,76.92307692307693,"['Get scissors, needle, button and thread', 'Remove thread and needle from kit', 'Thread sewing needle with chosen thread.', 'Tie knot in end of thread', 'Put needle and thread through shirt', 'Put needle into one button hole through shirt.', 'Pull needle and thread']","['Repeat several times until button is attached solidly to the fabric.', 'Get thread']",Repeat several times until button is attached solidly to the fabric.,0,0, A
8,80.76923076923077,"['Get scissors, needle, button and thread', 'Remove thread and needle from kit', 'Thread sewing needle with chosen thread.', 'Tie knot in end of thread', 'Put needle and thread through shirt', 'Put needle into one button hole through shirt.', 'Pull needle and thread', 'Repeat several times until button is attached solidly to the fabric.']","['Thread a needle with thread that matches shirt that needs a new button.', 'make sure button is secure']",make sure button is secure,1,0, A
9,84.61538461538461,"['Get scissors, needle, button and thread', 'Remove thread and needle from kit', 'Thread sewing needle with chosen thread.', 'Tie knot in end of thread', 'Put needle and thread through shirt', 'Put needle into one button hole through shirt.', 'Pull needle and thread', 'Repeat several times until button is attached solidly to the fabric.', 'make sure button is secure']","['slide thread through hole', 'Cut thread']",Cut thread,1,0, A
10,88.46153846153845,"['Get scissors, needle, button and thread', 'Remove thread and needle from kit', 'Thread sewing needle with chosen thread.', 'Tie knot in end of thread', 'Put needle and thread through shirt', 'Put needle into one button hole through shirt.', 'Pull needle and thread', 'Repeat several times until button is attached solidly to the fabric.', 'make sure button is secure', 'Cut thread']","['Then push needle through material', 'Put supplies away']",Put supplies away,1,0, A
11,92.3076923076923,"['Get scissors, needle, button and thread', 'Remove thread and needle from kit', 'Thread sewing needle with chosen thread.', 'Tie knot in end of thread', 'Put needle and thread through shirt', 'Put needle into one button hole through shirt.', 'Pull needle and thread', 'Repeat several times until button is attached solidly to the fabric.', 'make sure button is secure', 'Cut thread', 'Put supplies away']","['Use the needle to sew the broken button', 'Check if the button is tight']",Check if the button is tight,1,0, A
0,0.0,[],"['Using threaded needle, sew button on to garment.', 'Get the sewing kit.']",Get the sewing kit.,1,0, A
1,23.07692307692308,['Get the sewing kit.'],"['Cut the thread.', 'find a button']",find a button,1,0, A
2,61.53846153846154,"['Get the sewing kit.', 'find a button']","['Starting from the bottom, poke needle through hole in button', 'Find sewing kit.']","Starting from the bottom, poke needle through hole in button",0,0, A
3,76.92307692307693,"['Get the sewing kit.', 'find a button', 'Starting from the bottom, poke needle through hole in button']","['Push through other holes', 'Stick the head through the needle eye']",Push through other holes,0,0, A
4,84.61538461538461,"['Get the sewing kit.', 'find a button', 'Starting from the bottom, poke needle through hole in button', 'Push through other holes']","['Tie knot to secure thread and button to clothes', 'Put the thread through the button and start threading']",Tie knot to secure thread and button to clothes,0,0, A
0,0.0,[],"['Get sewing kit', 'Cut off end from needle']",Get sewing kit,0,0, A
1,23.07692307692308,['Get sewing kit'],"['Insert the needle into the button hole', 'Find a matching button']",Find a matching button,1,0, A
2,50.0,"['Get sewing kit', 'Find a matching button']","['Get needle.', 'Put thread through needle.']",Put thread through needle.,1,0, A
3,61.53846153846154,"['Get sewing kit', 'Find a matching button', 'Put thread through needle.']","['take needle bring up through the back of the item', 'Get a thimble']",take needle bring up through the back of the item,0,0, A
4,65.38461538461539,"['Get sewing kit', 'Find a matching button', 'Put thread through needle.', 'take needle bring up through the back of the item']","['Pick thread to use', 'Pull needle out other side.']",Pull needle out other side.,1,0, A
5,76.92307692307693,"['Get sewing kit', 'Find a matching button', 'Put thread through needle.', 'take needle bring up through the back of the item', 'Pull needle out other side.']","['repeat', 'Cut away any loose threads.']",repeat,0,0, A
6,80.76923076923077,"['Get sewing kit', 'Find a matching button', 'Put thread through needle.', 'take needle bring up through the back of the item', 'Pull needle out other side.', 'repeat']","['Find a button', 'Make knot between thread and clothing.']",Make knot between thread and clothing.,1,0, A
7,88.46153846153845,"['Get sewing kit', 'Find a matching button', 'Put thread through needle.', 'take needle bring up through the back of the item', 'Pull needle out other side.', 'repeat', 'Make knot between thread and clothing.']","['Clean up.', 'Place button in desired position']",Clean up.,0,0, A
0,0.0,[],"['take needle bring up through the back of the item', 'Take out sewing kit']",Take out sewing kit,1,0, A
1,19.230769230769237,['Take out sewing kit'],"['Start to sew.', 'Get thread']",Get thread,1,0, A
2,34.61538461538461,"['Take out sewing kit', 'Get thread']","['threading the needle', 'Cut thread']",threading the needle,0,0, A
3,53.84615384615385,"['Take out sewing kit', 'Get thread', 'threading the needle']","['Take thread from sewing kit', 'pass needle through needle hole in button']",pass needle through needle hole in button,1,0, A
4,76.92307692307693,"['Take out sewing kit', 'Get thread', 'threading the needle', 'pass needle through needle hole in button']","['stitching the button on', 'Get needle']",stitching the button on,0,0, A
5,84.61538461538461,"['Take out sewing kit', 'Get thread', 'threading the needle', 'pass needle through needle hole in button', 'stitching the button on']","['cut loose thread', 'Thread sewing needle with chosen thread.']",cut loose thread,0,0, A
6,88.46153846153845,"['Take out sewing kit', 'Get thread', 'threading the needle', 'pass needle through needle hole in button', 'stitching the button on', 'cut loose thread']","['Put away needle and thread', 'line it up with the hole']",Put away needle and thread,0,0, A
0,0.0,[],"['Drive to fabric store', 'Place button where it is to be sewed']",Drive to fabric store,0,0, A
1,19.230769230769237,['Drive to fabric store'],"['Cut excess thread', 'Choose thread to sew button on with.']",Choose thread to sew button on with.,1,0, A
2,26.923076923076923,"['Drive to fabric store', 'Choose thread to sew button on with.']","['Get a shirt.', 'Tie the end of the string']",Get a shirt.,0,0, A
3,30.76923076923077,"['Drive to fabric store', 'Choose thread to sew button on with.', 'Get a shirt.']","['Continue until the button is on tight', 'line new button up with corresponding button hole']",line new button up with corresponding button hole,1,0, A
4,50.0,"['Drive to fabric store', 'Choose thread to sew button on with.', 'Get a shirt.', 'line new button up with corresponding button hole']","['Get a needle', 'Push needle through button and fabric.']",Push needle through button and fabric.,1,0, A
5,61.53846153846154,"['Drive to fabric store', 'Choose thread to sew button on with.', 'Get a shirt.', 'line new button up with corresponding button hole', 'Push needle through button and fabric.']","['Thread needle', 'Pass the needle through one of the button holes']",Pass the needle through one of the button holes,1,0, A
6,76.92307692307693,"['Drive to fabric store', 'Choose thread to sew button on with.', 'Get a shirt.', 'line new button up with corresponding button hole', 'Push needle through button and fabric.', 'Pass the needle through one of the button holes']","['Find thread that matches', 'repeat 5-8 several times until button is secure']",repeat 5-8 several times until button is secure,1,0, A
0,0.0,[],"['Find sewing kit.', 'Tie the thread so the button will not come loose']",Find sewing kit.,0,0, A
1,34.61538461538461,['Find sewing kit.'],"['Pass the needle through the second button hole', 'pull the thread through the eye of needle']",pull the thread through the eye of needle,1,0, A
2,50.0,"['Find sewing kit.', 'pull the thread through the eye of needle']","['Cut off end from needle', 'Push needle through the button holes']",Push needle through the button holes,1,0, A
3,80.76923076923077,"['Find sewing kit.', 'pull the thread through the eye of needle', 'Push needle through the button holes']","['Get out sewing kit.', 'Tie a knot.']",Tie a knot.,1,0, A
0,0.0,[],"['Cut away any loose threads.', 'get thread, needle, button to be sewn']","get thread, needle, button to be sewn",1,0, A
1,26.923076923076923,"['get thread, needle, button to be sewn']","['Put the needle and thread away', 'Lay down garment']",Lay down garment,1,0, A
2,34.61538461538461,"['get thread, needle, button to be sewn', 'Lay down garment']","['Sew button through second hole', 'Put thread end through eye of needle']",Put thread end through eye of needle,1,0, A
3,88.46153846153845,"['get thread, needle, button to be sewn', 'Lay down garment', 'Put thread end through eye of needle']","['Put away thread and needle', 'Put needle and thread through shirt']",Put away thread and needle,0,0, A
0,0.0,[],"['put needle with thread into clothes', 'Drive to fabric store']",Drive to fabric store,1,0, A
1,19.230769230769237,['Drive to fabric store'],"['moving the needle in and out of the button holes', 'getting out thread']",getting out thread,1,0, A
2,30.76923076923077,"['Drive to fabric store', 'getting out thread']","['Place button on item', 'repeat until button is secure']",Place button on item,0,0, A
3,50.0,"['Drive to fabric store', 'getting out thread', 'Place button on item']","['Find thread and needle.', 'Put thread through needle.']",Put thread through needle.,1,0, A
4,53.84615384615385,"['Drive to fabric store', 'getting out thread', 'Place button on item', 'Put thread through needle.']","['Purchase thread', 'Use the needle to guide the thread']",Use the needle to guide the thread,1,0, A
5,80.76923076923077,"['Drive to fabric store', 'getting out thread', 'Place button on item', 'Put thread through needle.', 'Use the needle to guide the thread']","['Get needle', 'knot thread']",knot thread,1,0, A
0,0.0,[],"['pull through on the other side', 'Grab the fabric and button']",Grab the fabric and button,1,0, A
1,15.384615384615383,['Grab the fabric and button'],"['Find right color string', 'Cut the thread.']",Find right color string,0,0, A
2,23.07692307692308,"['Grab the fabric and button', 'Find right color string']","['Get a button.', 'sew the button on the garment']",Get a button.,0,0, A
3,26.923076923076923,"['Grab the fabric and button', 'Find right color string', 'Get a button.']","['put items away when done', 'Pick up shirt missing button.']",Pick up shirt missing button.,1,0, A
4,34.61538461538461,"['Grab the fabric and button', 'Find right color string', 'Get a button.', 'Pick up shirt missing button.']","['Thread a needle', 'cut thread']",Thread a needle,0,0, A
5,38.46153846153847,"['Grab the fabric and button', 'Find right color string', 'Get a button.', 'Pick up shirt missing button.', 'Thread a needle']","['Prepare needle and thread.', 'knot thread']",knot thread,1,0, A
6,46.15384615384615,"['Grab the fabric and button', 'Find right color string', 'Get a button.', 'Pick up shirt missing button.', 'Thread a needle', 'knot thread']","['Find thread that matches', 'Sew button onto garment']",Sew button onto garment,1,0, A
7,50.0,"['Grab the fabric and button', 'Find right color string', 'Get a button.', 'Pick up shirt missing button.', 'Thread a needle', 'knot thread', 'Sew button onto garment']","['put the supplies away', 'Put needle and thread through shirt']",Put needle and thread through shirt,1,0, A
8,61.53846153846154,"['Grab the fabric and button', 'Find right color string', 'Get a button.', 'Pick up shirt missing button.', 'Thread a needle', 'knot thread', 'Sew button onto garment', 'Put needle and thread through shirt']","['Start sewing going into the back of the garment.', 'put needle and thread away']",Start sewing going into the back of the garment.,0,0, A
9,80.76923076923077,"['Grab the fabric and button', 'Find right color string', 'Get a button.', 'Pick up shirt missing button.', 'Thread a needle', 'knot thread', 'Sew button onto garment', 'Put needle and thread through shirt', 'Start sewing going into the back of the garment.']","['Knot the end to make it stay', 'Tie ends.']",Tie ends.,1,0, A
0,0.0,[],"['Thread needle.', 'Drive to fabric store']",Drive to fabric store,1,0, A
1,19.230769230769237,['Drive to fabric store'],"['Repeat procedure until button is secure', ""Pull a thread of a matching color through the needle's eye""]",Pull a thread of a matching color through the needle's eye,1,0, A
2,30.76923076923077,"['Drive to fabric store', ""Pull a thread of a matching color through the needle's eye""]","['Cut off any loose threads with a scissors.', 'Place button where you want it to go']",Place button where you want it to go,1,0, A
3,46.15384615384615,"['Drive to fabric store', ""Pull a thread of a matching color through the needle's eye"", 'Place button where you want it to go']","['Get out sewing kit', 'Sew button.']",Sew button.,1,0, A
4,50.0,"['Drive to fabric store', ""Pull a thread of a matching color through the needle's eye"", 'Place button where you want it to go', 'Sew button.']","[""Pull a thread of a matching color through the needle's eye"", 'Push needle through back of clothes and through hole of button']",Push needle through back of clothes and through hole of button,1,0, A
5,65.38461538461539,"['Drive to fabric store', ""Pull a thread of a matching color through the needle's eye"", 'Place button where you want it to go', 'Sew button.', 'Push needle through back of clothes and through hole of button']","['Prepare garment for sewing', 'Pass the needle through the second button hole']",Pass the needle through the second button hole,1,0, A
6,76.92307692307693,"['Drive to fabric store', ""Pull a thread of a matching color through the needle's eye"", 'Place button where you want it to go', 'Sew button.', 'Push needle through back of clothes and through hole of button', 'Pass the needle through the second button hole']","['Continue until the button is on tight', 'Take a needle and required thread']",Continue until the button is on tight,0,0, A
0,0.0,[],"['Repeat this until the button is secure', 'Get button, thread, needle and scissors']","Get button, thread, needle and scissors",1,0, A
1,30.76923076923077,"['Get button, thread, needle and scissors']","['Slide button onto needle and thread.', 'Find the location where button needs to be sewn.']",Find the location where button needs to be sewn.,1,0, A
2,61.53846153846154,"['Get button, thread, needle and scissors', 'Find the location where button needs to be sewn.']","['Put needle into one button hole through shirt.', 'Grab the garment that you would like to sew the button to.']",Put needle into one button hole through shirt.,0,0, A
3,76.92307692307693,"['Get button, thread, needle and scissors', 'Find the location where button needs to be sewn.', 'Put needle into one button hole through shirt.']","['Repeat this until the button is secure', 'Find a needle']",Repeat this until the button is secure,0,0, A
4,84.61538461538461,"['Get button, thread, needle and scissors', 'Find the location where button needs to be sewn.', 'Put needle into one button hole through shirt.', 'Repeat this until the button is secure']","['measure and cut length of thread', 'Cut off excess thread']",Cut off excess thread,1,0, A
5,88.46153846153845,"['Get button, thread, needle and scissors', 'Find the location where button needs to be sewn.', 'Put needle into one button hole through shirt.', 'Repeat this until the button is secure', 'Cut off excess thread']","['Find sewing kit', 'Put the needle and thread away']",Put the needle and thread away,1,0, A
0,0.0,[],"['Get your sewing kit', 'Stick needle through hole and secure with thread']",Get your sewing kit,0,0, A
1,19.230769230769237,['Get your sewing kit'],"['Tie thread at end', 'Get thread']",Get thread,1,0, A
2,23.07692307692308,"['Get your sewing kit', 'Get thread']","['Find a button that matches the others on your garment', 'repeat 5-8 several times until button is secure']",Find a button that matches the others on your garment,0,0, A
3,30.76923076923077,"['Get your sewing kit', 'Get thread', 'Find a button that matches the others on your garment']","['Get back the needle through the fourth button hole', 'Put button on shirt']",Put button on shirt,1,0, A
4,42.30769230769231,"['Get your sewing kit', 'Get thread', 'Find a button that matches the others on your garment', 'Put button on shirt']","['Use scissors to cut thread', 'Cut thread string to how much is needed']",Cut thread string to how much is needed,1,0, A
5,61.53846153846154,"['Get your sewing kit', 'Get thread', 'Find a button that matches the others on your garment', 'Put button on shirt', 'Cut thread string to how much is needed']","['Get your sewing kit', 'Pull the needle until thread is completely on the other side of shirt']",Pull the needle until thread is completely on the other side of shirt,1,0, A
6,65.38461538461539,"['Get your sewing kit', 'Get thread', 'Find a button that matches the others on your garment', 'Put button on shirt', 'Cut thread string to how much is needed', 'Pull the needle until thread is completely on the other side of shirt']","['Take the cloth to be sewed', 'Push needle through other hole of button and through clothes']",Push needle through other hole of button and through clothes,1,0, A
7,76.92307692307693,"['Get your sewing kit', 'Get thread', 'Find a button that matches the others on your garment', 'Put button on shirt', 'Cut thread string to how much is needed', 'Pull the needle until thread is completely on the other side of shirt', 'Push needle through other hole of button and through clothes']","['Keep sewing until the button is secure.', 'Get out thread']",Keep sewing until the button is secure.,0,0, A
8,84.61538461538461,"['Get your sewing kit', 'Get thread', 'Find a button that matches the others on your garment', 'Put button on shirt', 'Cut thread string to how much is needed', 'Pull the needle until thread is completely on the other side of shirt', 'Push needle through other hole of button and through clothes', 'Keep sewing until the button is secure.']","['Cut thread.', 'Cut about 16 inches worth of thread.']",Cut thread.,0,0, A
0,0.0,[],"['Cut the thread', 'Get out needle, thread, button, and clothing item.']","Get out needle, thread, button, and clothing item.",1,0, A
1,26.923076923076923,"['Get out needle, thread, button, and clothing item.']","['Get item that needs a button', 'Insert needle through other side of button on back side']",Get item that needs a button,0,0, A
2,50.0,"['Get out needle, thread, button, and clothing item.', 'Get item that needs a button']","['gather needle', 'push needle through button and shirt']",push needle through button and shirt,1,0, A
3,76.92307692307693,"['Get out needle, thread, button, and clothing item.', 'Get item that needs a button', 'push needle through button and shirt']","['Continue until button is secure', 'line it up with the hole']",Continue until button is secure,0,0, A
4,84.61538461538461,"['Get out needle, thread, button, and clothing item.', 'Get item that needs a button', 'push needle through button and shirt', 'Continue until button is secure']","['Snip excess thread off', 'place botton where you want it']",Snip excess thread off,0,0, A
0,0.0,[],"['Poke a hole in the fabric', 'Take out sewing kit']",Take out sewing kit,1,0, A
1,23.07692307692308,['Take out sewing kit'],"['Clean up.', 'Choose button that I like']",Choose button that I like,1,0, A
2,30.76923076923077,"['Take out sewing kit', 'Choose button that I like']","['tug to make sure it is secure', 'Place button on fabric']",Place button on fabric,1,0, A
3,50.0,"['Take out sewing kit', 'Choose button that I like', 'Place button on fabric']","['Take out thread and needle', 'Put needle through one hole']",Put needle through one hole,1,0, A
4,80.76923076923077,"['Take out sewing kit', 'Choose button that I like', 'Place button on fabric', 'Put needle through one hole']","['Find a matching button', 'tie off the thread']",tie off the thread,1,0, A
5,84.61538461538461,"['Take out sewing kit', 'Choose button that I like', 'Place button on fabric', 'Put needle through one hole', 'tie off the thread']","['Get item that needs a button', 'Cut thread']",Cut thread,1,0, A
0,0.0,[],"['Tie off your thread.', 'Take out sewing kit.']",Take out sewing kit.,1,0, A
1,34.61538461538461,['Take out sewing kit.'],"['Repeat for all holes to reinforce', 'Thread the needle and tie a knot at end of thread.']",Thread the needle and tie a knot at end of thread.,1,0, A
2,42.30769230769231,"['Take out sewing kit.', 'Thread the needle and tie a knot at end of thread.']","['Cut thread string to how much is needed', 'Find some thread and needle']",Cut thread string to how much is needed,0,0, A
3,46.15384615384615,"['Take out sewing kit.', 'Thread the needle and tie a knot at end of thread.', 'Cut thread string to how much is needed']","['Check the button', 'Sew on button']",Sew on button,1,0, A
4,50.0,"['Take out sewing kit.', 'Thread the needle and tie a knot at end of thread.', 'Cut thread string to how much is needed', 'Sew on button']","['put the needle into the fabric', 'Check the button']",put the needle into the fabric,0,0, A
5,61.53846153846154,"['Take out sewing kit.', 'Thread the needle and tie a knot at end of thread.', 'Cut thread string to how much is needed', 'Sew on button', 'put the needle into the fabric']","['Get a piece of clothing.', 'Push needle through first hole']",Push needle through first hole,1,0, A
6,80.76923076923077,"['Take out sewing kit.', 'Thread the needle and tie a knot at end of thread.', 'Cut thread string to how much is needed', 'Sew on button', 'put the needle into the fabric', 'Push needle through first hole']","['Get a piece of clothing.', 'Tie the thread at the bottom of the button']",Tie the thread at the bottom of the button,1,0, A
7,84.61538461538461,"['Take out sewing kit.', 'Thread the needle and tie a knot at end of thread.', 'Cut thread string to how much is needed', 'Sew on button', 'put the needle into the fabric', 'Push needle through first hole', 'Tie the thread at the bottom of the button']","['cut remaining thread away', 'Position needle with thread']",cut remaining thread away,0,0, A
0,0.0,[],"['knot thread', 'Find sewing kit.']",Find sewing kit.,1,0, A
1,7.6923076923076925,['Find sewing kit.'],"['Grab a needle and thread', 'Proceed to insert needle into button holes and through clothing/ item until securely sewn']",Grab a needle and thread,0,0, A
2,23.07692307692308,"['Find sewing kit.', 'Grab a needle and thread']","['Cut the thread near the needle to finish', 'Take a matching button']",Take a matching button,1,0, A
3,38.46153846153847,"['Find sewing kit.', 'Grab a needle and thread', 'Take a matching button']","['Tie knot in other end of thread', 'Keep threading until the button is firmly attached']",Tie knot in other end of thread,0,0, A
4,61.53846153846154,"['Find sewing kit.', 'Grab a needle and thread', 'Take a matching button', 'Tie knot in other end of thread']","['Put needle into one button hole through shirt.', 'Get needle.']",Put needle into one button hole through shirt.,0,0, A
5,80.76923076923077,"['Find sewing kit.', 'Grab a needle and thread', 'Take a matching button', 'Tie knot in other end of thread', 'Put needle into one button hole through shirt.']","['Hold button to material.', 'Repeat to make loop and knot it.']",Repeat to make loop and knot it.,1,0, A
0,0.0,[],"['Get a thimble', 'Remove the old button']",Get a thimble,0,0, A
1,7.6923076923076925,['Get a thimble'],"['Cut the thread.', 'Get needle and thread']",Get needle and thread,1,0, A
2,11.538461538461538,"['Get a thimble', 'Get needle and thread']","['Get a sewing needle.', 'Tie the end of the string so it will not unravel']",Get a sewing needle.,0,0, A
3,15.384615384615383,"['Get a thimble', 'Get needle and thread', 'Get a sewing needle.']","['Continue until the button is on tight', 'Choose thread color']",Choose thread color,1,0, A
4,34.61538461538461,"['Get a thimble', 'Get needle and thread', 'Get a sewing needle.', 'Choose thread color']","['cut thread', 'Put thread in needle']",Put thread in needle,1,0, A
5,42.30769230769231,"['Get a thimble', 'Get needle and thread', 'Get a sewing needle.', 'Choose thread color', 'Put thread in needle']","['Cut about 16 inches worth of thread.', 'Get needle and thread']",Cut about 16 inches worth of thread.,0,0, A
6,61.53846153846154,"['Get a thimble', 'Get needle and thread', 'Get a sewing needle.', 'Choose thread color', 'Put thread in needle', 'Cut about 16 inches worth of thread.']","['Get your sewing kit', 'push the needle through the button']",push the needle through the button,1,0, A
7,80.76923076923077,"['Get a thimble', 'Get needle and thread', 'Get a sewing needle.', 'Choose thread color', 'Put thread in needle', 'Cut about 16 inches worth of thread.', 'push the needle through the button']","['Tie off knot with thread.', 'Thread needle']",Tie off knot with thread.,0,0, A
8,84.61538461538461,"['Get a thimble', 'Get needle and thread', 'Get a sewing needle.', 'Choose thread color', 'Put thread in needle', 'Cut about 16 inches worth of thread.', 'push the needle through the button', 'Tie off knot with thread.']","['Thread needle', 'Cut the thread near the needle to finish']",Cut the thread near the needle to finish,1,0, A
0,0.0,[],"['get thread, needle, button to be sewn', 'Cut thread']","get thread, needle, button to be sewn",0,0, A
1,26.923076923076923,"['get thread, needle, button to be sewn']","['Make a knot', 'Place item on flat surface']",Place item on flat surface,1,0, A
2,34.61538461538461,"['get thread, needle, button to be sewn', 'Place item on flat surface']","['Grab the fabric and button', 'Push thread through needle and tie in a knot']",Push thread through needle and tie in a knot,1,0, A
3,50.0,"['get thread, needle, button to be sewn', 'Place item on flat surface', 'Push thread through needle and tie in a knot']","['Choose thread color', 'Push needle through back of clothes and through hole of button']",Push needle through back of clothes and through hole of button,1,0, A
4,61.53846153846154,"['get thread, needle, button to be sewn', 'Place item on flat surface', 'Push thread through needle and tie in a knot', 'Push needle through back of clothes and through hole of button']","['Find needle', 'Put needle into one button hole through shirt.']",Put needle into one button hole through shirt.,1,0, A
5,76.92307692307693,"['get thread, needle, button to be sewn', 'Place item on flat surface', 'Push thread through needle and tie in a knot', 'Push needle through back of clothes and through hole of button', 'Put needle into one button hole through shirt.']","['Repeat 5 times with other two button holes', 'find a button']",Repeat 5 times with other two button holes,0,0, A
6,80.76923076923077,"['get thread, needle, button to be sewn', 'Place item on flat surface', 'Push thread through needle and tie in a knot', 'Push needle through back of clothes and through hole of button', 'Put needle into one button hole through shirt.', 'Repeat 5 times with other two button holes']","['Place new button where I want it to go', 'Make a knot']",Make a knot,1,0, A
7,88.46153846153845,"['get thread, needle, button to be sewn', 'Place item on flat surface', 'Push thread through needle and tie in a knot', 'Push needle through back of clothes and through hole of button', 'Put needle into one button hole through shirt.', 'Repeat 5 times with other two button holes', 'Make a knot']","['Put away thread and needle', 'Get out needle, thread, button, and clothing item.']",Put away thread and needle,0,0, A
8,92.3076923076923,"['get thread, needle, button to be sewn', 'Place item on flat surface', 'Push thread through needle and tie in a knot', 'Push needle through back of clothes and through hole of button', 'Put needle into one button hole through shirt.', 'Repeat 5 times with other two button holes', 'Make a knot', 'Put away thread and needle']","['Check new button', ""pass needle and thread back through another of the button's needle holes""]",Check new button,0,0, A
0,0.0,[],"['Pull needle and thread', 'Get button, thread, needle and scissors']","Get button, thread, needle and scissors",1,0, A
1,26.923076923076923,"['Get button, thread, needle and scissors']","['cut the thread', 'Hold shirt with non-dominant hand']",Hold shirt with non-dominant hand,1,0, A
2,34.61538461538461,"['Get button, thread, needle and scissors', 'Hold shirt with non-dominant hand']","['Thread the needle', 'Ending again in the back of the garment cut off the thread.']",Thread the needle,0,0, A
3,61.53846153846154,"['Get button, thread, needle and scissors', 'Hold shirt with non-dominant hand', 'Thread the needle']","['Push needle through first hole', 'Get sewing kit']",Push needle through first hole,0,0, A
4,76.92307692307693,"['Get button, thread, needle and scissors', 'Hold shirt with non-dominant hand', 'Thread the needle', 'Push needle through first hole']","['Find a button that matches the others on your garment', 'Do this several times until the button is secure']",Do this several times until the button is secure,1,0, A
0,0.0,[],"['Find sewing kit.', 'find shirt with missing button']",Find sewing kit.,0,0, A
1,19.230769230769237,['Find sewing kit.'],"['cut the thread', 'Find similar color thread to use.']",Find similar color thread to use.,1,0, A
2,23.07692307692308,"['Find sewing kit.', 'Find similar color thread to use.']","['Find replacement button.', 'Crisscross on the button']",Find replacement button.,0,0, A
3,26.923076923076923,"['Find sewing kit.', 'Find similar color thread to use.', 'Find replacement button.']","['when done tie the end properly', 'Take shirt']",Take shirt,1,0, A
4,46.15384615384615,"['Find sewing kit.', 'Find similar color thread to use.', 'Find replacement button.', 'Take shirt']","['Get button, thread, needle and scissors', 'Sew on the button.']",Sew on the button.,1,0, A
5,84.61538461538461,"['Find sewing kit.', 'Find similar color thread to use.', 'Find replacement button.', 'Take shirt', 'Sew on the button.']","['cut the thread when finished', 'Take a needle and required thread']",cut the thread when finished,0,0, A
6,88.46153846153845,"['Find sewing kit.', 'Find similar color thread to use.', 'Find replacement button.', 'Take shirt', 'Sew on the button.', 'cut the thread when finished']","['Put away needle and thread', 'Get the piece of apparel that needs to sew the button on.']",Put away needle and thread,0,0, A
0,0.0,[],"['put needle into adjoining hole', 'Get sewing kit']",Get sewing kit,1,0, A
1,23.07692307692308,['Get sewing kit'],"['Sew button onto item', 'get a new button']",get a new button,1,0, A
2,61.53846153846154,"['Get sewing kit', 'get a new button']","['Cut thread.', 'Pull the needle until thread is completely on the other side of shirt']",Pull the needle until thread is completely on the other side of shirt,1,0, A
3,80.76923076923077,"['Get sewing kit', 'get a new button', 'Pull the needle until thread is completely on the other side of shirt']","['Thread the needle', 'Tie off thread']",Tie off thread,1,0, A
0,0.0,[],"['When button is securely in place tie knot in thread at back of garment', 'Get out needle, thread, button, and clothing item.']","Get out needle, thread, button, and clothing item.",1,0, A
1,7.6923076923076925,"['Get out needle, thread, button, and clothing item.']","['Make a knot', 'Get a needle and thread.']",Get a needle and thread.,1,0, A
2,23.07692307692308,"['Get out needle, thread, button, and clothing item.', 'Get a needle and thread.']","['Tie off the thread', 'Find a button that matches']",Find a button that matches,1,0, A
3,26.923076923076923,"['Get out needle, thread, button, and clothing item.', 'Get a needle and thread.', 'Find a button that matches']","['Get the item of clothing the button is to go on', 'Tie knot to secure thread and button to clothes']",Get the item of clothing the button is to go on,0,0, A
4,34.61538461538461,"['Get out needle, thread, button, and clothing item.', 'Get a needle and thread.', 'Find a button that matches', 'Get the item of clothing the button is to go on']","['attach string to needle', 'Cut thread']",attach string to needle,0,0, A
5,42.30769230769231,"['Get out needle, thread, button, and clothing item.', 'Get a needle and thread.', 'Find a button that matches', 'Get the item of clothing the button is to go on', 'attach string to needle']","['Cut thread', 'Cut length of thread']",Cut length of thread,1,0, A
6,61.53846153846154,"['Get out needle, thread, button, and clothing item.', 'Get a needle and thread.', 'Find a button that matches', 'Get the item of clothing the button is to go on', 'attach string to needle', 'Cut length of thread']","['Insert needle through one side of button', 'Get a needle and thread.']",Insert needle through one side of button,0,0, A
7,65.38461538461539,"['Get out needle, thread, button, and clothing item.', 'Get a needle and thread.', 'Find a button that matches', 'Get the item of clothing the button is to go on', 'attach string to needle', 'Cut length of thread', 'Insert needle through one side of button']","['Push needle through other hole of button and through clothes', 'thread needle']",Push needle through other hole of button and through clothes,0,0, A
8,76.92307692307693,"['Get out needle, thread, button, and clothing item.', 'Get a needle and thread.', 'Find a button that matches', 'Get the item of clothing the button is to go on', 'attach string to needle', 'Cut length of thread', 'Insert needle through one side of button', 'Push needle through other hole of button and through clothes']","['Find a needle and thread', 'Repeat this until the button is secure']",Repeat this until the button is secure,1,0, A
9,80.76923076923077,"['Get out needle, thread, button, and clothing item.', 'Get a needle and thread.', 'Find a button that matches', 'Get the item of clothing the button is to go on', 'attach string to needle', 'Cut length of thread', 'Insert needle through one side of button', 'Push needle through other hole of button and through clothes', 'Repeat this until the button is secure']","['knot thread', 'Thread the needle']",knot thread,0,0, A
10,84.61538461538461,"['Get out needle, thread, button, and clothing item.', 'Get a needle and thread.', 'Find a button that matches', 'Get the item of clothing the button is to go on', 'attach string to needle', 'Cut length of thread', 'Insert needle through one side of button', 'Push needle through other hole of button and through clothes', 'Repeat this until the button is secure', 'knot thread']","['Poke a hole in the fabric', 'Cut off remaining thread']",Cut off remaining thread,1,0, A
0,0.0,[],"['Gather supplies', 'Push needle down through other button on hole']",Gather supplies,0,0, A
1,26.923076923076923,['Gather supplies'],"['Tie knot on thread.', 'Get clothing']",Get clothing,1,0, A
2,46.15384615384615,"['Gather supplies', 'Get clothing']","['sew the button with criss-cross movement of needle', 'Get a thimble']",sew the button with criss-cross movement of needle,0,0, A
0,0.0,[],"['Thread one hole with the needle', 'Get your sewing kit']",Get your sewing kit,1,0, A
1,19.230769230769237,['Get your sewing kit'],"['Put the thread through the button and start threading', 'Find thread color to match button or item requiring the button']",Find thread color to match button or item requiring the button,1,0, A
2,23.07692307692308,"['Get your sewing kit', 'Find thread color to match button or item requiring the button']","['Find a button', 'Tie off knot with thread.']",Find a button,0,0, A
3,26.923076923076923,"['Get your sewing kit', 'Find thread color to match button or item requiring the button', 'Find a button']","['Get the garment', 'cut the thread']",Get the garment,0,0, A
4,50.0,"['Get your sewing kit', 'Find thread color to match button or item requiring the button', 'Find a button', 'Get the garment']","['Put needle through one hole', 'Lay down garment']",Put needle through one hole,0,0, A
5,53.84615384615385,"['Get your sewing kit', 'Find thread color to match button or item requiring the button', 'Find a button', 'Get the garment', 'Put needle through one hole']","['Continue to push and pull needle through button holes until button is secure', 'get some thread']",Continue to push and pull needle through button holes until button is secure,0,0, A
6,80.76923076923077,"['Get your sewing kit', 'Find thread color to match button or item requiring the button', 'Find a button', 'Get the garment', 'Put needle through one hole', 'Continue to push and pull needle through button holes until button is secure']","['Find a button', 'Repeat to make loop and knot it.']",Repeat to make loop and knot it.,1,0, A
7,84.61538461538461,"['Get your sewing kit', 'Find thread color to match button or item requiring the button', 'Find a button', 'Get the garment', 'Put needle through one hole', 'Continue to push and pull needle through button holes until button is secure', 'Repeat to make loop and knot it.']","['cut the thread', 'Take out right colored thread.']",cut the thread,0,0, A
8,88.46153846153845,"['Get your sewing kit', 'Find thread color to match button or item requiring the button', 'Find a button', 'Get the garment', 'Put needle through one hole', 'Continue to push and pull needle through button holes until button is secure', 'Repeat to make loop and knot it.', 'cut the thread']","['put items away when done', 'Get sewing basket']",put items away when done,0,0, A
0,0.0,[],"['Drive to fabric store', 'Knot the end to make it stay']",Drive to fabric store,0,0, A
1,19.230769230769237,['Drive to fabric store'],"['gathering thread', 'Cut the excess thread']",gathering thread,0,0, A
2,23.07692307692308,"['Drive to fabric store', 'gathering thread']","['Find button to be sewn', 'Insert needle through other side of button on back side']",Find button to be sewn,0,0, A
3,34.61538461538461,"['Drive to fabric store', 'gathering thread', 'Find button to be sewn']","['Thread the needle', 'make sure button is secure']",Thread the needle,0,0, A
4,61.53846153846154,"['Drive to fabric store', 'gathering thread', 'Find button to be sewn', 'Thread the needle']","['Thread one hole with the needle', 'Get needle and thread']",Thread one hole with the needle,0,0, A
5,76.92307692307693,"['Drive to fabric store', 'gathering thread', 'Find button to be sewn', 'Thread the needle', 'Thread one hole with the needle']","['Get sewing kit', 'Repeat this until the button is secure']",Repeat this until the button is secure,1,0, A
6,80.76923076923077,"['Drive to fabric store', 'gathering thread', 'Find button to be sewn', 'Thread the needle', 'Thread one hole with the needle', 'Repeat this until the button is secure']","['Tie end in a knot', 'Determine proper placement for button']",Tie end in a knot,0,0, A
0,0.0,[],"['Get supplies - shirt, new button, thread, needle', 'Sew needle through other holes in an X formation']","Get supplies - shirt, new button, thread, needle",0,0, A
1,15.384615384615383,"['Get supplies - shirt, new button, thread, needle']","['Cut off excess thread', 'Find right color string']",Find right color string,1,0, A
2,34.61538461538461,"['Get supplies - shirt, new button, thread, needle', 'Find right color string']","['Tie the thread', 'thread the needle']",thread the needle,1,0, A
3,53.84615384615385,"['Get supplies - shirt, new button, thread, needle', 'Find right color string', 'thread the needle']","['repeat the same way', 'Find a button that matches']",repeat the same way,0,0, A
4,57.692307692307686,"['Get supplies - shirt, new button, thread, needle', 'Find right color string', 'thread the needle', 'repeat the same way']","['Place needle through clothing.', 'Line the button back into place']",Place needle through clothing.,0,0, A
0,0.0,[],"['Cut off excess thread', 'Get a thimble']",Get a thimble,1,0, A
1,7.6923076923076925,['Get a thimble'],"['get thread and needle', 'MAKE SURE BUTTON IS SECURE']",get thread and needle,0,0, A
2,11.538461538461538,"['Get a thimble', 'get thread and needle']","['tie a knot in thread', 'Get needle.']",Get needle.,1,0, A
3,30.76923076923077,"['Get a thimble', 'get thread and needle', 'Get needle.']","['Place button on clothing', 'Cut thread.']",Place button on clothing,0,0, A
4,34.61538461538461,"['Get a thimble', 'get thread and needle', 'Get needle.', 'Place button on clothing']","['Cut off end from needle', 'Thread the needle, double it up and tie a knot at the end']","Thread the needle, double it up and tie a knot at the end",1,0, A
5,50.0,"['Get a thimble', 'get thread and needle', 'Get needle.', 'Place button on clothing', 'Thread the needle, double it up and tie a knot at the end']","['Cut off end from needle', 'put the needle into the fabric']",put the needle into the fabric,1,0, A
6,80.76923076923077,"['Get a thimble', 'get thread and needle', 'Get needle.', 'Place button on clothing', 'Thread the needle, double it up and tie a knot at the end', 'put the needle into the fabric']","['Tie off thread', 'Get garment which you would like to sew button on to.']",Tie off thread,0,0, A
7,84.61538461538461,"['Get a thimble', 'get thread and needle', 'Get needle.', 'Place button on clothing', 'Thread the needle, double it up and tie a knot at the end', 'put the needle into the fabric', 'Tie off thread']","['Cut off end from needle', 'Hold shirt with non-dominant hand']",Cut off end from needle,0,0, A
8,88.46153846153845,"['Get a thimble', 'get thread and needle', 'Get needle.', 'Place button on clothing', 'Thread the needle, double it up and tie a knot at the end', 'put the needle into the fabric', 'Tie off thread', 'Cut off end from needle']","['Put needle and thread back in drawer', 'Find some thread']",Put needle and thread back in drawer,0,0, A
9,92.3076923076923,"['Get a thimble', 'get thread and needle', 'Get needle.', 'Place button on clothing', 'Thread the needle, double it up and tie a knot at the end', 'put the needle into the fabric', 'Tie off thread', 'Cut off end from needle', 'Put needle and thread back in drawer']","['Check the button', 'Take a needle and required thread']",Check the button,0,0, A
0,0.0,[],"['Sew on button', 'Drive to fabric store']",Drive to fabric store,1,0, A
1,19.230769230769237,['Drive to fabric store'],"['Sew button into place', 'Find thread that matches']",Find thread that matches,1,0, A
2,34.61538461538461,"['Drive to fabric store', 'Find thread that matches']","['Position needle with thread', 'Tie off thread']",Position needle with thread,0,0, A
3,61.53846153846154,"['Drive to fabric store', 'Find thread that matches', 'Position needle with thread']","['gather needle', 'Insert needle through one side of button']",Insert needle through one side of button,1,0, A
4,80.76923076923077,"['Drive to fabric store', 'Find thread that matches', 'Position needle with thread', 'Insert needle through one side of button']","['gathering thread', 'Tie off thread']",Tie off thread,1,0, A
5,88.46153846153845,"['Drive to fabric store', 'Find thread that matches', 'Position needle with thread', 'Insert needle through one side of button', 'Tie off thread']","['pass needle through needle hole in button', 'Put everything away.']",Put everything away.,1,0, A
0,0.0,[],"['Get scissors, needle, button and thread', 'Pull it back out the other hole']","Get scissors, needle, button and thread",0,0, A
1,26.923076923076923,"['Get scissors, needle, button and thread']","['Get a shirt.', 'Continue crisscrossing thread between holes of button until button is tight.']",Get a shirt.,0,0, A
2,30.76923076923077,"['Get scissors, needle, button and thread', 'Get a shirt.']","['Repeat this until the button is secure', 'Place button in desired position']",Place button in desired position,1,0, A
3,42.30769230769231,"['Get scissors, needle, button and thread', 'Get a shirt.', 'Place button in desired position']","['Get needle and thread', 'measure and cut length of thread']",measure and cut length of thread,1,0, A
4,46.15384615384615,"['Get scissors, needle, button and thread', 'Get a shirt.', 'Place button in desired position', 'measure and cut length of thread']","['Take button.', 'sew button into fabric making sure stitches are secure']",sew button into fabric making sure stitches are secure,1,0, A
0,0.0,[],"['Drive to fabric store', 'cut remaining thread away']",Drive to fabric store,0,0, A
1,19.230769230769237,['Drive to fabric store'],"['Find thread that matches', 'stitching the button on']",Find thread that matches,0,0, A
2,34.61538461538461,"['Drive to fabric store', 'Find thread that matches']","['Put thread in needle', 'tie knot on thread']",Put thread in needle,0,0, A
3,53.84615384615385,"['Drive to fabric store', 'Find thread that matches', 'Put thread in needle']","['Run needle and thread through button hole and fabric hole', 'Get a button to match']",Run needle and thread through button hole and fabric hole,0,0, A
0,0.0,[],"['Drive to fabric store', 'Tie end in a knot']",Drive to fabric store,0,0, A
1,19.230769230769237,['Drive to fabric store'],"['Do this through all holes of button', 'Find a thread']",Find a thread,1,0, A
2,23.07692307692308,"['Drive to fabric store', 'Find a thread']","['Do this several times until the button is secure', 'Get a button.']",Get a button.,1,0, A
3,34.61538461538461,"['Drive to fabric store', 'Find a thread', 'Get a button.']","['Thread needle', 'Cut off end from needle']",Thread needle,0,0, A
4,53.84615384615385,"['Drive to fabric store', 'Find a thread', 'Get a button.', 'Thread needle']","['Pull the needle through a hole in the button, then back into the fabric', 'PUT NEEDLE AND THREAD AWAY']","Pull the needle through a hole in the button, then back into the fabric",0,0, A
5,76.92307692307693,"['Drive to fabric store', 'Find a thread', 'Get a button.', 'Thread needle', 'Pull the needle through a hole in the button, then back into the fabric']","['Get needle.', 'Repeat until button is tight']",Repeat until button is tight,1,0, A
6,80.76923076923077,"['Drive to fabric store', 'Find a thread', 'Get a button.', 'Thread needle', 'Pull the needle through a hole in the button, then back into the fabric', 'Repeat until button is tight']","['Tie another knot at the end of the thread.', 'line new button up with corresponding button hole']",Tie another knot at the end of the thread.,0,0, A
7,88.46153846153845,"['Drive to fabric store', 'Find a thread', 'Get a button.', 'Thread needle', 'Pull the needle through a hole in the button, then back into the fabric', 'Repeat until button is tight', 'Tie another knot at the end of the thread.']","['put the supplies away', 'Take a needle']",put the supplies away,0,0, A
8,92.3076923076923,"['Drive to fabric store', 'Find a thread', 'Get a button.', 'Thread needle', 'Pull the needle through a hole in the button, then back into the fabric', 'Repeat until button is tight', 'Tie another knot at the end of the thread.', 'put the supplies away']","['Get needle and thread', 'Check new button']",Check new button,1,0, A
0,0.0,[],"['Repeat through each button hole', 'Drive to fabric store']",Drive to fabric store,1,0, A
1,19.230769230769237,['Drive to fabric store'],"['moving the needle in and out of the button holes', 'Pull out a length of thread.']",Pull out a length of thread.,1,0, A
2,30.76923076923077,"['Drive to fabric store', 'Pull out a length of thread.']","['repeat until button is secure', 'Align the button on the correct place on the cloth']",Align the button on the correct place on the cloth,1,0, A
3,50.0,"['Drive to fabric store', 'Pull out a length of thread.', 'Align the button on the correct place on the cloth']","['Starting on inside of garment, push through with needle.', 'Choose thread to sew button on with.']","Starting on inside of garment, push through with needle.",0,0, A
4,76.92307692307693,"['Drive to fabric store', 'Pull out a length of thread.', 'Align the button on the correct place on the cloth', 'Starting on inside of garment, push through with needle.']","['Repeat several times, going through a different hole each time.', 'put thread through needle']","Repeat several times, going through a different hole each time.",0,0, A
5,80.76923076923077,"['Drive to fabric store', 'Pull out a length of thread.', 'Align the button on the correct place on the cloth', 'Starting on inside of garment, push through with needle.', 'Repeat several times, going through a different hole each time.']","['Wrap the thread', 'Thread needle with matching thread']",Wrap the thread,0,0, A
6,88.46153846153845,"['Drive to fabric store', 'Pull out a length of thread.', 'Align the button on the correct place on the cloth', 'Starting on inside of garment, push through with needle.', 'Repeat several times, going through a different hole each time.', 'Wrap the thread']","['put items away when done', 'Holding button at appropriate location, press needle through first hole on button.']",put items away when done,0,0, A
0,0.0,[],"['Get a thimble', 'Cut length of thread']",Get a thimble,0,0, A
1,26.923076923076923,['Get a thimble'],"['Use the needle to guide the thread', 'Find shirt']",Find shirt,1,0, A
2,50.0,"['Get a thimble', 'Find shirt']","['Poke a hole in the fabric', 'Cut off excess thread']",Poke a hole in the fabric,0,0, A
3,76.92307692307693,"['Get a thimble', 'Find shirt', 'Poke a hole in the fabric']","['pull the thread through the eye of needle', ""Repeat until it's stable""]",Repeat until it's stable,1,0, A
4,80.76923076923077,"['Get a thimble', 'Find shirt', 'Poke a hole in the fabric', ""Repeat until it's stable""]","['Tie the end of the string', 'Gather supplies']",Tie the end of the string,0,0, A
5,84.61538461538461,"['Get a thimble', 'Find shirt', 'Poke a hole in the fabric', ""Repeat until it's stable"", 'Tie the end of the string']","['Find a needle and thread', 'Cut off the extra thread']",Cut off the extra thread,1,0, A
6,88.46153846153845,"['Get a thimble', 'Find shirt', 'Poke a hole in the fabric', ""Repeat until it's stable"", 'Tie the end of the string', 'Cut off the extra thread']","['pull needle through to knot', 'put sewing kit away']",put sewing kit away,1,0, A
7,92.3076923076923,"['Get a thimble', 'Find shirt', 'Poke a hole in the fabric', ""Repeat until it's stable"", 'Tie the end of the string', 'Cut off the extra thread', 'put sewing kit away']","['Thread needle', 'Check the button']",Check the button,1,0, A
0,0.0,[],"['Get your sewing kit', 'Repeat 4 or 5 times']",Get your sewing kit,0,0, A
1,7.6923076923076925,['Get your sewing kit'],"['Get needle and thread', 'Place button close to clothing.']",Get needle and thread,0,0, A
2,30.76923076923077,"['Get your sewing kit', 'Get needle and thread']","['put back all the materials', 'line new button up with corresponding button hole']",line new button up with corresponding button hole,1,0, A
3,53.84615384615385,"['Get your sewing kit', 'Get needle and thread', 'line new button up with corresponding button hole']","['Place needle through button eyelets.', 'Put needle and thread back in drawer']",Place needle through button eyelets.,0,0, A
4,57.692307692307686,"['Get your sewing kit', 'Get needle and thread', 'line new button up with corresponding button hole', 'Place needle through button eyelets.']","['break the thread', 'Pull til it stops at the knot, push through fabric and another button hole']","Pull til it stops at the knot, push through fabric and another button hole",1,0, A
5,61.53846153846154,"['Get your sewing kit', 'Get needle and thread', 'line new button up with corresponding button hole', 'Place needle through button eyelets.', 'Pull til it stops at the knot, push through fabric and another button hole']","['getting out needle', 'Starting from the bottom, poke needle through hole in button']","Starting from the bottom, poke needle through hole in button",1,0, A
6,65.38461538461539,"['Get your sewing kit', 'Get needle and thread', 'line new button up with corresponding button hole', 'Place needle through button eyelets.', 'Pull til it stops at the knot, push through fabric and another button hole', 'Starting from the bottom, poke needle through hole in button']","['Cross over to perpendicular hole, push needle back through', 'Get a needle']","Cross over to perpendicular hole, push needle back through",0,0, A
7,69.23076923076923,"['Get your sewing kit', 'Get needle and thread', 'line new button up with corresponding button hole', 'Place needle through button eyelets.', 'Pull til it stops at the knot, push through fabric and another button hole', 'Starting from the bottom, poke needle through hole in button', 'Cross over to perpendicular hole, push needle back through']","['Put needle in other button hole.', 'Find replacement button.']",Put needle in other button hole.,0,0, A
8,73.07692307692307,"['Get your sewing kit', 'Get needle and thread', 'line new button up with corresponding button hole', 'Place needle through button eyelets.', 'Pull til it stops at the knot, push through fabric and another button hole', 'Starting from the bottom, poke needle through hole in button', 'Cross over to perpendicular hole, push needle back through', 'Put needle in other button hole.']","['Continue sewing in an X pattern until the button is secure.', 'Tie a knot in the end of thread']",Continue sewing in an X pattern until the button is secure.,0,0, A
0,0.0,[],"['get thread, needle, button to be sewn', 'push the needle through the fabric']","get thread, needle, button to be sewn",0,0, A
1,26.923076923076923,"['get thread, needle, button to be sewn']","['Make knot between thread and clothing.', 'Lay down garment']",Lay down garment,1,0, A
2,30.76923076923077,"['get thread, needle, button to be sewn', 'Lay down garment']","['Place button on item', 'Tie of thread on inside']",Place button on item,0,0, A
3,61.53846153846154,"['get thread, needle, button to be sewn', 'Lay down garment', 'Place button on item']","['Pass the needle through one of the button holes', 'taking the right button out']",Pass the needle through one of the button holes,0,0, A
4,76.92307692307693,"['get thread, needle, button to be sewn', 'Lay down garment', 'Place button on item', 'Pass the needle through one of the button holes']","['Repeat until sewed on.', 'Get a button to match']",Repeat until sewed on.,0,0, A
5,84.61538461538461,"['get thread, needle, button to be sewn', 'Lay down garment', 'Place button on item', 'Pass the needle through one of the button holes', 'Repeat until sewed on.']","['Find some thread and needle', 'Cut off any loose threads with a scissors.']",Cut off any loose threads with a scissors.,1,0, A
6,88.46153846153845,"['get thread, needle, button to be sewn', 'Lay down garment', 'Place button on item', 'Pass the needle through one of the button holes', 'Repeat until sewed on.', 'Cut off any loose threads with a scissors.']","['Put needle away', 'Starting on inside of garment, push through with needle.']",Put needle away,0,0, A
7,92.3076923076923,"['get thread, needle, button to be sewn', 'Lay down garment', 'Place button on item', 'Pass the needle through one of the button holes', 'Repeat until sewed on.', 'Cut off any loose threads with a scissors.', 'Put needle away']","['Tie a knot in the end of thread', 'Check the button']",Check the button,1,0, A
0,0.0,[],"['break the thread', 'Drive to fabric store']",Drive to fabric store,1,0, A
1,19.230769230769237,['Drive to fabric store'],"['Insert needle through other side of button on back side', 'Find thread that matches button color.']",Find thread that matches button color.,1,0, A
2,26.923076923076923,"['Drive to fabric store', 'Find thread that matches button color.']","['Insert needle through one side of button', 'Get the piece of apparel that needs to sew the button on.']",Get the piece of apparel that needs to sew the button on.,1,0, A
3,50.0,"['Drive to fabric store', 'Find thread that matches button color.', 'Get the piece of apparel that needs to sew the button on.']","['Get supplies - shirt, new button, thread, needle', 'insert needle through cloth']",insert needle through cloth,1,0, A
4,80.76923076923077,"['Drive to fabric store', 'Find thread that matches button color.', 'Get the piece of apparel that needs to sew the button on.', 'insert needle through cloth']","['Tie off thread', 'Find a needle and thread']",Tie off thread,0,0, A
5,88.46153846153845,"['Drive to fabric store', 'Find thread that matches button color.', 'Get the piece of apparel that needs to sew the button on.', 'insert needle through cloth', 'Tie off thread']","['place botton where you want it', 'Put away needle and thread']",Put away needle and thread,1,0, A
6,92.3076923076923,"['Drive to fabric store', 'Find thread that matches button color.', 'Get the piece of apparel that needs to sew the button on.', 'insert needle through cloth', 'Tie off thread', 'Put away needle and thread']","['grab a needle', 'Check the button']",Check the button,1,0, A
0,0.0,[],"['Thread the opposite diagonal hole with the needle and tighten the string', 'get thread, needle, button to be sewn']","get thread, needle, button to be sewn",1,0, A
1,7.6923076923076925,"['get thread, needle, button to be sewn']","['find needle and thread', 'Push the needle through one button hole and back out another hole']",find needle and thread,0,0, A
2,11.538461538461538,"['get thread, needle, button to be sewn', 'find needle and thread']","['getting out needle', 'cut remaining thread away']",getting out needle,0,0, A
3,30.76923076923077,"['get thread, needle, button to be sewn', 'find needle and thread', 'getting out needle']","['Loop thread to create knot in thread.', 'attach button']",attach button,1,0, A
4,53.84615384615385,"['get thread, needle, button to be sewn', 'find needle and thread', 'getting out needle', 'attach button']","['Run needle and thread through button hole and fabric hole', 'Get some thread.']",Run needle and thread through button hole and fabric hole,0,0, A
5,61.53846153846154,"['get thread, needle, button to be sewn', 'find needle and thread', 'getting out needle', 'attach button', 'Run needle and thread through button hole and fabric hole']","['Push needle through first hole', 'Put all the items away']",Push needle through first hole,0,0, A
6,76.92307692307693,"['get thread, needle, button to be sewn', 'find needle and thread', 'getting out needle', 'attach button', 'Run needle and thread through button hole and fabric hole', 'Push needle through first hole']","['tie the thread to the sewing needle', ""Make 4 x's in button.""]",Make 4 x's in button.,1,0, A
0,0.0,[],"['thread the needle', 'Drive to fabric store']",Drive to fabric store,1,0, A
1,19.230769230769237,['Drive to fabric store'],"['pull needle through to knot', 'Select thread']",Select thread,1,0, A
2,30.76923076923077,"['Drive to fabric store', 'Select thread']","['Place the button in the right spot', 'Tie knot.']",Place the button in the right spot,0,0, A
3,61.53846153846154,"['Drive to fabric store', 'Select thread', 'Place the button in the right spot']","['Get a needle.', 'Start sewing going into the back of the garment.']",Start sewing going into the back of the garment.,1,0, A
4,76.92307692307693,"['Drive to fabric store', 'Select thread', 'Place the button in the right spot', 'Start sewing going into the back of the garment.']","['Repeat procedure until button is secure', 'Put thread end through eye of needle']",Repeat procedure until button is secure,0,0, A
5,84.61538461538461,"['Drive to fabric store', 'Select thread', 'Place the button in the right spot', 'Start sewing going into the back of the garment.', 'Repeat procedure until button is secure']","['cut thread from button', 'Thread needle.']",cut thread from button,0,0, A
6,88.46153846153845,"['Drive to fabric store', 'Select thread', 'Place the button in the right spot', 'Start sewing going into the back of the garment.', 'Repeat procedure until button is secure', 'cut thread from button']","['Tie knot in thread.', 'put sewing kit away']",put sewing kit away,1,0, A
0,0.0,[],"['Take out sewing kit', 'Do this through all holes of button']",Take out sewing kit,0,0, A
1,19.230769230769237,['Take out sewing kit'],"['Repeat for remaining holes', 'Get some thread.']",Get some thread.,1,0, A
2,30.76923076923077,"['Take out sewing kit', 'Get some thread.']","['Hold button in place on clothing.', 'Cut the needle off of the thread.']",Hold button in place on clothing.,0,0, A
3,34.61538461538461,"['Take out sewing kit', 'Get some thread.', 'Hold button in place on clothing.']","['thread needle', 'Repeat until sewed on.']",thread needle,0,0, A
4,38.46153846153847,"['Take out sewing kit', 'Get some thread.', 'Hold button in place on clothing.', 'thread needle']","['Cut off excess thread', 'Tie knot on needle.']",Tie knot on needle.,1,0, A
5,46.15384615384615,"['Take out sewing kit', 'Get some thread.', 'Hold button in place on clothing.', 'thread needle', 'Tie knot on needle.']","['Grab button', 'sew the button with criss-cross movement of needle']",sew the button with criss-cross movement of needle,1,0, A
6,50.0,"['Take out sewing kit', 'Get some thread.', 'Hold button in place on clothing.', 'thread needle', 'Tie knot on needle.', 'sew the button with criss-cross movement of needle']","['put the needle into the fabric', 'Find thread that matches']",put the needle into the fabric,0,0, A
7,65.38461538461539,"['Take out sewing kit', 'Get some thread.', 'Hold button in place on clothing.', 'thread needle', 'Tie knot on needle.', 'sew the button with criss-cross movement of needle', 'put the needle into the fabric']","['Get button', 'Pass the needle through the second button hole']",Pass the needle through the second button hole,1,0, A
8,76.92307692307693,"['Take out sewing kit', 'Get some thread.', 'Hold button in place on clothing.', 'thread needle', 'Tie knot on needle.', 'sew the button with criss-cross movement of needle', 'put the needle into the fabric', 'Pass the needle through the second button hole']","['Repeat until button is tight', 'Get the item of clothing the button is to go on']",Repeat until button is tight,0,0, A
0,0.0,[],"['line new button up with corresponding button hole', 'Drive to fabric store']",Drive to fabric store,1,0, A
1,19.230769230769237,['Drive to fabric store'],"['Sew button through third hole', 'gathering thread']",gathering thread,1,0, A
2,26.923076923076923,"['Drive to fabric store', 'gathering thread']","['Get shirt', 'Place needle through button eyelets.']",Get shirt,0,0, A
3,30.76923076923077,"['Drive to fabric store', 'gathering thread', 'Get shirt']","['Place new button where I want it to go', 'Tie off your thread.']",Place new button where I want it to go,0,0, A
4,42.30769230769231,"['Drive to fabric store', 'gathering thread', 'Get shirt', 'Place new button where I want it to go']","['Get thread.', 'Cut excess thread']",Cut excess thread,1,0, A
5,46.15384615384615,"['Drive to fabric store', 'gathering thread', 'Get shirt', 'Place new button where I want it to go', 'Cut excess thread']","['Find button to be sewn', 'put needle with thread into clothes']",put needle with thread into clothes,1,0, A
6,88.46153846153845,"['Drive to fabric store', 'gathering thread', 'Get shirt', 'Place new button where I want it to go', 'Cut excess thread', 'put needle with thread into clothes']","['Clean up.', 'Find thread that matches']",Clean up.,0,0, A
0,0.0,[],"['Pass needle through shirt and button holes', 'Find sewing kit']",Find sewing kit,1,0, A
1,34.61538461538461,['Find sewing kit'],"['Put one end of thread through the eye of the needle.', 'Make knot between thread and clothing.']",Put one end of thread through the eye of the needle.,0,0, A
2,88.46153846153845,"['Find sewing kit', 'Put one end of thread through the eye of the needle.']","['Put away needle and thread', 'Get needle']",Put away needle and thread,0,0, A
0,0.0,[],"['Drive to fabric store', 'Thread needle']",Drive to fabric store,0,0, A
1,19.230769230769237,['Drive to fabric store'],"['Cut the needle off of the thread.', 'Get thread.']",Get thread.,1,0, A
2,30.76923076923077,"['Drive to fabric store', 'Get thread.']","['Put all the items away', 'Place button on fabric and hold with thumb and index finger']",Place button on fabric and hold with thumb and index finger,1,0, A
3,34.61538461538461,"['Drive to fabric store', 'Get thread.', 'Place button on fabric and hold with thumb and index finger']","['Make a knot on last pass', 'Put thread through a needle.']",Put thread through a needle.,1,0, A
4,61.53846153846154,"['Drive to fabric store', 'Get thread.', 'Place button on fabric and hold with thumb and index finger', 'Put thread through a needle.']","['Get clothing', 'Thread one hole with the needle']",Thread one hole with the needle,1,0, A
5,65.38461538461539,"['Drive to fabric store', 'Get thread.', 'Place button on fabric and hold with thumb and index finger', 'Put thread through a needle.', 'Thread one hole with the needle']","['Bring the needle up through another hole on button.', 'Pick a needle']",Bring the needle up through another hole on button.,0,0, A
6,69.23076923076923,"['Drive to fabric store', 'Get thread.', 'Place button on fabric and hold with thumb and index finger', 'Put thread through a needle.', 'Thread one hole with the needle', 'Bring the needle up through another hole on button.']","['grab object the button is being sewed', 'Push needle under material to next hole']",Push needle under material to next hole,1,0, A
7,73.07692307692307,"['Drive to fabric store', 'Get thread.', 'Place button on fabric and hold with thumb and index finger', 'Put thread through a needle.', 'Thread one hole with the needle', 'Bring the needle up through another hole on button.', 'Push needle under material to next hole']","['Get back the needle through the fourth button hole', 'Sow the thread through the button holes quite a few times']",Get back the needle through the fourth button hole,0,0, A
8,80.76923076923077,"['Drive to fabric store', 'Get thread.', 'Place button on fabric and hold with thumb and index finger', 'Put thread through a needle.', 'Thread one hole with the needle', 'Bring the needle up through another hole on button.', 'Push needle under material to next hole', 'Get back the needle through the fourth button hole']","['Get clothing', ""TIE A KNOT IN THE END OF THE THREAD SO THE BUTTON DOESN'T COME OFF""]",TIE A KNOT IN THE END OF THE THREAD SO THE BUTTON DOESN'T COME OFF,1,0, A
9,84.61538461538461,"['Drive to fabric store', 'Get thread.', 'Place button on fabric and hold with thumb and index finger', 'Put thread through a needle.', 'Thread one hole with the needle', 'Bring the needle up through another hole on button.', 'Push needle under material to next hole', 'Get back the needle through the fourth button hole', ""TIE A KNOT IN THE END OF THE THREAD SO THE BUTTON DOESN'T COME OFF""]","['Cut thread', 'Get a thimble']",Cut thread,0,0, A
10,88.46153846153845,"['Drive to fabric store', 'Get thread.', 'Place button on fabric and hold with thumb and index finger', 'Put thread through a needle.', 'Thread one hole with the needle', 'Bring the needle up through another hole on button.', 'Push needle under material to next hole', 'Get back the needle through the fourth button hole', ""TIE A KNOT IN THE END OF THE THREAD SO THE BUTTON DOESN'T COME OFF"", 'Cut thread']","['Get supplies - shirt, new button, thread, needle', 'Put needle and thread back in drawer']",Put needle and thread back in drawer,1,0, A
11,92.3076923076923,"['Drive to fabric store', 'Get thread.', 'Place button on fabric and hold with thumb and index finger', 'Put thread through a needle.', 'Thread one hole with the needle', 'Bring the needle up through another hole on button.', 'Push needle under material to next hole', 'Get back the needle through the fourth button hole', ""TIE A KNOT IN THE END OF THE THREAD SO THE BUTTON DOESN'T COME OFF"", 'Cut thread', 'Put needle and thread back in drawer']","['Check new button', 'Get needle']",Check new button,0,0, A
0,0.0,[],"['Take out sewing kit', 'cut the thread']",Take out sewing kit,0,0, A
1,7.6923076923076925,['Take out sewing kit'],"['put needle and thread away', 'Remove thread and needle from kit']",Remove thread and needle from kit,1,0, A
2,11.538461538461538,"['Take out sewing kit', 'Remove thread and needle from kit']","['Repeat until button is tight', 'Get a needle']",Get a needle,1,0, A
3,30.76923076923077,"['Take out sewing kit', 'Remove thread and needle from kit', 'Get a needle']","['attach button to shirt', 'Insert needle through first side of button (step 3)']",attach button to shirt,0,0, A
4,61.53846153846154,"['Take out sewing kit', 'Remove thread and needle from kit', 'Get a needle', 'attach button to shirt']","['Start sewing going into the back of the garment.', 'Get a shirt.']",Start sewing going into the back of the garment.,0,0, A
5,65.38461538461539,"['Take out sewing kit', 'Remove thread and needle from kit', 'Get a needle', 'attach button to shirt', 'Start sewing going into the back of the garment.']","[""Pull a thread of a matching color through the needle's eye"", 'Bring the needle up through another hole on button.']",Bring the needle up through another hole on button.,1,0, A
6,76.92307692307693,"['Take out sewing kit', 'Remove thread and needle from kit', 'Get a needle', 'attach button to shirt', 'Start sewing going into the back of the garment.', 'Bring the needle up through another hole on button.']","['Repeat procedure until button is secure', 'Line the button up in the place where the old one would have been']",Repeat procedure until button is secure,0,0, A
7,80.76923076923077,"['Take out sewing kit', 'Remove thread and needle from kit', 'Get a needle', 'attach button to shirt', 'Start sewing going into the back of the garment.', 'Bring the needle up through another hole on button.', 'Repeat procedure until button is secure']","['Tie the thread', 'Thread needle']",Tie the thread,0,0, A
8,84.61538461538461,"['Take out sewing kit', 'Remove thread and needle from kit', 'Get a needle', 'attach button to shirt', 'Start sewing going into the back of the garment.', 'Bring the needle up through another hole on button.', 'Repeat procedure until button is secure', 'Tie the thread']","['cut the thread when finished', 'Thread needle']",cut the thread when finished,0,0, A
9,88.46153846153845,"['Take out sewing kit', 'Remove thread and needle from kit', 'Get a needle', 'attach button to shirt', 'Start sewing going into the back of the garment.', 'Bring the needle up through another hole on button.', 'Repeat procedure until button is secure', 'Tie the thread', 'cut the thread when finished']","['Put the needle and thread away', 'Remove thread and needle from kit']",Put the needle and thread away,0,0, A
0,0.0,[],"['Drive to fabric store', 'Insert the needle with thread in button hole and shirt']",Drive to fabric store,0,0, A
1,19.230769230769237,['Drive to fabric store'],"['get thread', 'Crisscross on the button']",get thread,0,0, A
2,23.07692307692308,"['Drive to fabric store', 'get thread']","['find button', 'tie a knot in the thread']",find button,0,0, A
3,34.61538461538461,"['Drive to fabric store', 'get thread', 'find button']","['Repeat several times until button is attached solidly to the fabric.', 'Thread needle']",Thread needle,1,0, A
4,50.0,"['Drive to fabric store', 'get thread', 'find button', 'Thread needle']","['Poke a hole in the fabric', 'Grab a needle and thread']",Poke a hole in the fabric,0,0, A
5,80.76923076923077,"['Drive to fabric store', 'get thread', 'find button', 'Thread needle', 'Poke a hole in the fabric']","['Tie thread to needle', 'Tie the thread in a knot to secure it']",Tie the thread in a knot to secure it,1,0, A
0,0.0,[],"['Cut thread from spindle', 'Drive to fabric store']",Drive to fabric store,1,0, A
1,19.230769230769237,['Drive to fabric store'],"['Find thread that matches', 'sew the button on carefully']",Find thread that matches,0,0, A
2,30.76923076923077,"['Drive to fabric store', 'Find thread that matches']","['Place button where you want it.', 'put needle into adjoining hole']",Place button where you want it.,0,0, A
3,42.30769230769231,"['Drive to fabric store', 'Find thread that matches', 'Place button where you want it.']","['Cut excess thread', 'Pull out a length of thread.']",Cut excess thread,0,0, A
4,61.53846153846154,"['Drive to fabric store', 'Find thread that matches', 'Place button where you want it.', 'Cut excess thread']","['Cut the thread near the needle to finish', 'Starting from the bottom, poke needle through hole in button']","Starting from the bottom, poke needle through hole in button",1,0, A
5,65.38461538461539,"['Drive to fabric store', 'Find thread that matches', 'Place button where you want it.', 'Cut excess thread', 'Starting from the bottom, poke needle through hole in button']","['Get a needle and thread.', 'Pass the needle through the second button hole']",Pass the needle through the second button hole,1,0, A
6,69.23076923076923,"['Drive to fabric store', 'Find thread that matches', 'Place button where you want it.', 'Cut excess thread', 'Starting from the bottom, poke needle through hole in button', 'Pass the needle through the second button hole']","['Push needle under material to next hole', 'Insert thread in needle']",Push needle under material to next hole,0,0, A
7,73.07692307692307,"['Drive to fabric store', 'Find thread that matches', 'Place button where you want it.', 'Cut excess thread', 'Starting from the bottom, poke needle through hole in button', 'Pass the needle through the second button hole', 'Push needle under material to next hole']","['Find a button', 'Repeat for remaining holes']",Repeat for remaining holes,1,0, A
8,76.92307692307693,"['Drive to fabric store', 'Find thread that matches', 'Place button where you want it.', 'Cut excess thread', 'Starting from the bottom, poke needle through hole in button', 'Pass the needle through the second button hole', 'Push needle under material to next hole', 'Repeat for remaining holes']","['Repeat until button is tight', 'Place the thread inside the needle']",Repeat until button is tight,0,0, A
0,0.0,[],"['Repeat until button is tight', 'Get a thimble']",Get a thimble,1,0, A
1,7.6923076923076925,['Get a thimble'],"['take the needle and matching thread', 'Slide button onto needle and thread.']",take the needle and matching thread,0,0, A
2,19.230769230769237,"['Get a thimble', 'take the needle and matching thread']","['put back all the materials', 'Pick thread to use']",Pick thread to use,1,0, A
3,23.07692307692308,"['Get a thimble', 'take the needle and matching thread', 'Pick thread to use']","['repeat steps 4-5 until button is secured to shirt', 'Find a button']",Find a button,1,0, A
4,50.0,"['Get a thimble', 'take the needle and matching thread', 'Pick thread to use', 'Find a button']","['Insert the thread through the button', 'Get sewing basket']",Insert the thread through the button,0,0, A
5,61.53846153846154,"['Get a thimble', 'take the needle and matching thread', 'Pick thread to use', 'Find a button', 'Insert the thread through the button']","['Put all the items away', 'Start sewing going into the back of the garment.']",Start sewing going into the back of the garment.,1,0, A
6,80.76923076923077,"['Get a thimble', 'take the needle and matching thread', 'Pick thread to use', 'Find a button', 'Insert the thread through the button', 'Start sewing going into the back of the garment.']","['Get needle', 'Tie knot in thread']",Tie knot in thread,1,0, A
7,88.46153846153845,"['Get a thimble', 'take the needle and matching thread', 'Pick thread to use', 'Find a button', 'Insert the thread through the button', 'Start sewing going into the back of the garment.', 'Tie knot in thread']","['Clean up.', 'Take button.']",Clean up.,0,0, A
8,92.3076923076923,"['Get a thimble', 'take the needle and matching thread', 'Pick thread to use', 'Find a button', 'Insert the thread through the button', 'Start sewing going into the back of the garment.', 'Tie knot in thread', 'Clean up.']","['Get button', 'Check the button']",Check the button,1,0, A
0,0.0,[],"['Get supplies - shirt, new button, thread, needle', 'Put one end of thread through the eye of the needle.']","Get supplies - shirt, new button, thread, needle",0,0, A
1,7.6923076923076925,"['Get supplies - shirt, new button, thread, needle']","['Tie knot in thread', 'GET SOME NEEDLE AND THREAD']",GET SOME NEEDLE AND THREAD,1,0, A
2,26.923076923076923,"['Get supplies - shirt, new button, thread, needle', 'GET SOME NEEDLE AND THREAD']","[""Make 4 x's in button."", 'Lay down garment']",Lay down garment,1,0, A
3,34.61538461538461,"['Get supplies - shirt, new button, thread, needle', 'GET SOME NEEDLE AND THREAD', 'Lay down garment']","['Thread a needle.', 'Push through other holes']",Thread a needle.,0,0, A
4,88.46153846153845,"['Get supplies - shirt, new button, thread, needle', 'GET SOME NEEDLE AND THREAD', 'Lay down garment', 'Thread a needle.']","['Put all the items away', 'Get thread']",Put all the items away,0,0, A
5,92.3076923076923,"['Get supplies - shirt, new button, thread, needle', 'GET SOME NEEDLE AND THREAD', 'Lay down garment', 'Thread a needle.', 'Put all the items away']","['Push needle through button and fabric.', 'MAKE SURE BUTTON IS SECURE']",MAKE SURE BUTTON IS SECURE,1,0, A
0,0.0,[],"['pass needle through needle hole in button', 'Drive to fabric store']",Drive to fabric store,1,0, A
1,19.230769230769237,['Drive to fabric store'],"['Pass the needle through one of the button holes', 'Get some thread']",Get some thread,1,0, A
2,23.07692307692308,"['Drive to fabric store', 'Get some thread']","['Get button', 'sew the button with criss-cross movement of needle']",Get button,0,0, A
3,50.0,"['Drive to fabric store', 'Get some thread', 'Get button']","['put the needle into the fabric', 'Cut off excess thread']",put the needle into the fabric,0,0, A
4,61.53846153846154,"['Drive to fabric store', 'Get some thread', 'Get button', 'put the needle into the fabric']","['Cut thread', 'Put needle into one button hole through shirt.']",Put needle into one button hole through shirt.,1,0, A
5,76.92307692307693,"['Drive to fabric store', 'Get some thread', 'Get button', 'put the needle into the fabric', 'Put needle into one button hole through shirt.']","['Repeat through each button hole', 'Get a needle and thread.']",Repeat through each button hole,0,0, A
6,84.61538461538461,"['Drive to fabric store', 'Get some thread', 'Get button', 'put the needle into the fabric', 'Put needle into one button hole through shirt.', 'Repeat through each button hole']","['Cut thread.', 'Lay down garment']",Cut thread.,0,0, A
7,88.46153846153845,"['Drive to fabric store', 'Get some thread', 'Get button', 'put the needle into the fabric', 'Put needle into one button hole through shirt.', 'Repeat through each button hole', 'Cut thread.']","['Clean up.', 'Cut thread string to how much is needed']",Clean up.,0,0, A
0,0.0,[],"['Get a thimble', 'Thread the needle']",Get a thimble,0,0, A
1,26.923076923076923,['Get a thimble'],"['gather garment for buttoning', 'Make a knot in fabric with thread behind the button']",gather garment for buttoning,0,0, A
2,30.76923076923077,"['Get a thimble', 'gather garment for buttoning']","['Repeat until button is secure', 'Put button on shirt.']",Put button on shirt.,1,0, A
3,50.0,"['Get a thimble', 'gather garment for buttoning', 'Put button on shirt.']","['insert needle through cloth', 'Get the thread']",insert needle through cloth,0,0, A
4,61.53846153846154,"['Get a thimble', 'gather garment for buttoning', 'Put button on shirt.', 'insert needle through cloth']","['Prepare garment for sewing', 'Thread one hole with the needle']",Thread one hole with the needle,1,0, A
5,65.38461538461539,"['Get a thimble', 'gather garment for buttoning', 'Put button on shirt.', 'insert needle through cloth', 'Thread one hole with the needle']","['pull needle through to knot', 'Find a button']",pull needle through to knot,0,0, A
6,69.23076923076923,"['Get a thimble', 'gather garment for buttoning', 'Put button on shirt.', 'insert needle through cloth', 'Thread one hole with the needle', 'pull needle through to knot']","['Move needle down to hole opposite first hole', 'Choose thread to sew button on with.']",Move needle down to hole opposite first hole,0,0, A
0,0.0,[],"['Tie a knot at the end of thread', 'Grab the fabric and button']",Grab the fabric and button,1,0, A
1,30.76923076923077,['Grab the fabric and button'],"['Repeat this until the button is secure', 'Put the button in the correct spot.']",Put the button in the correct spot.,1,0, A
2,61.53846153846154,"['Grab the fabric and button', 'Put the button in the correct spot.']","['Holding button at appropriate location, press needle through first hole on button.', 'Put needle and thread back in drawer']","Holding button at appropriate location, press needle through first hole on button.",0,0, A
3,76.92307692307693,"['Grab the fabric and button', 'Put the button in the correct spot.', 'Holding button at appropriate location, press needle through first hole on button.']","['Collect thread and needle.', 'Repeat through each button hole']",Repeat through each button hole,1,0, A
4,80.76923076923077,"['Grab the fabric and button', 'Put the button in the correct spot.', 'Holding button at appropriate location, press needle through first hole on button.', 'Repeat through each button hole']","['get thread', 'tie thread at the end']",tie thread at the end,1,0, A
0,0.0,[],"['Thread needle', 'Drive to fabric store']",Drive to fabric store,1,0, A
1,19.230769230769237,['Drive to fabric store'],"['Find similar color thread to use.', 'break the thread']",Find similar color thread to use.,0,0, A
2,30.76923076923077,"['Drive to fabric store', 'Find similar color thread to use.']","['Cut excess thread', 'place the button']",place the button,1,0, A
3,34.61538461538461,"['Drive to fabric store', 'Find similar color thread to use.', 'place the button']","['Thread needle', 'Use scissors to cut thread']",Thread needle,0,0, A
4,50.0,"['Drive to fabric store', 'Find similar color thread to use.', 'place the button', 'Thread needle']","['get sewing kit', 'Starting on inside of garment, push through with needle.']","Starting on inside of garment, push through with needle.",1,0, A
5,53.84615384615385,"['Drive to fabric store', 'Find similar color thread to use.', 'place the button', 'Thread needle', 'Starting on inside of garment, push through with needle.']","['Use the needle to guide the thread', 'Get thread']",Use the needle to guide the thread,0,0, A
6,61.53846153846154,"['Drive to fabric store', 'Find similar color thread to use.', 'place the button', 'Thread needle', 'Starting on inside of garment, push through with needle.', 'Use the needle to guide the thread']","['put back all the materials', 'Insert needle through one side of button']",Insert needle through one side of button,1,0, A
7,65.38461538461539,"['Drive to fabric store', 'Find similar color thread to use.', 'place the button', 'Thread needle', 'Starting on inside of garment, push through with needle.', 'Use the needle to guide the thread', 'Insert needle through one side of button']","['Pick thread to use', 'Put the needle thorough the back of the button hole.']",Put the needle thorough the back of the button hole.,1,0, A
8,69.23076923076923,"['Drive to fabric store', 'Find similar color thread to use.', 'place the button', 'Thread needle', 'Starting on inside of garment, push through with needle.', 'Use the needle to guide the thread', 'Insert needle through one side of button', 'Put the needle thorough the back of the button hole.']","['get thread and needle', 'Sew through the diagonal hole of the button and the garment.']",Sew through the diagonal hole of the button and the garment.,1,0, A
0,0.0,[],"['Drive to fabric store', 'Place the button at right place']",Drive to fabric store,0,0, A
1,19.230769230769237,['Drive to fabric store'],"['Thread button onto clothing', 'Find a thread']",Find a thread,1,0, A
2,23.07692307692308,"['Drive to fabric store', 'Find a thread']","['Sew the button', 'Find button to be sewn']",Find button to be sewn,1,0, A
3,26.923076923076923,"['Drive to fabric store', 'Find a thread', 'Find button to be sewn']","['Cut.', 'Lay down garment']",Lay down garment,1,0, A
4,34.61538461538461,"['Drive to fabric store', 'Find a thread', 'Find button to be sewn', 'Lay down garment']","['Thread the needle', 'Push needle under material to next hole']",Thread the needle,0,0, A
5,53.84615384615385,"['Drive to fabric store', 'Find a thread', 'Find button to be sewn', 'Lay down garment', 'Thread the needle']","['Get needle and thread', 'Insert needle through other side of button on back side']",Insert needle through other side of button on back side,1,0, A
6,76.92307692307693,"['Drive to fabric store', 'Find a thread', 'Find button to be sewn', 'Lay down garment', 'Thread the needle', 'Insert needle through other side of button on back side']","['Thread needle.', 'Repeat several times until button is secure']",Repeat several times until button is secure,1,0, A
7,84.61538461538461,"['Drive to fabric store', 'Find a thread', 'Find button to be sewn', 'Lay down garment', 'Thread the needle', 'Insert needle through other side of button on back side', 'Repeat several times until button is secure']","['Thread the needle', 'cut the thread when finished']",cut the thread when finished,1,0, A
8,88.46153846153845,"['Drive to fabric store', 'Find a thread', 'Find button to be sewn', 'Lay down garment', 'Thread the needle', 'Insert needle through other side of button on back side', 'Repeat several times until button is secure', 'cut the thread when finished']","['Get the piece of apparel that needs to sew the button on.', 'Clean up.']",Clean up.,1,0, A
0,0.0,[],"['Tie thread at end', 'Get your sewing kit']",Get your sewing kit,1,0, A
1,19.230769230769237,['Get your sewing kit'],"['Repeat procedure until button is secure', 'Find a thread']",Find a thread,1,0, A
2,23.07692307692308,"['Get your sewing kit', 'Find a thread']","['Get button', 'Put away needle and thread']",Get button,0,0, A
3,26.923076923076923,"['Get your sewing kit', 'Find a thread', 'Get button']","['Tie off knot with thread.', 'Remove the old button']",Remove the old button,1,0, A
4,30.76923076923077,"['Get your sewing kit', 'Find a thread', 'Get button', 'Remove the old button']","['Push through other holes', 'put button where other button was located']",put button where other button was located,1,0, A
5,34.61538461538461,"['Get your sewing kit', 'Find a thread', 'Get button', 'Remove the old button', 'put button where other button was located']","[""Insert the thread into the eye of the needle and tie a knot so it's attached."", 'repeat steps 4-5 until button is secured to shirt']",Insert the thread into the eye of the needle and tie a knot so it's attached.,0,0, A
6,38.46153846153847,"['Get your sewing kit', 'Find a thread', 'Get button', 'Remove the old button', 'put button where other button was located', ""Insert the thread into the eye of the needle and tie a knot so it's attached.""]","['Tie knot in thread.', 'Find matching thread']",Tie knot in thread.,0,0, A
7,61.53846153846154,"['Get your sewing kit', 'Find a thread', 'Get button', 'Remove the old button', 'put button where other button was located', ""Insert the thread into the eye of the needle and tie a knot so it's attached."", 'Tie knot in thread.']","['Push needle through hole', 'Get your sewing kit']",Push needle through hole,0,0, A
8,80.76923076923077,"['Get your sewing kit', 'Find a thread', 'Get button', 'Remove the old button', 'put button where other button was located', ""Insert the thread into the eye of the needle and tie a knot so it's attached."", 'Tie knot in thread.', 'Push needle through hole']","['Tie ends.', 'put button where other button was located']",Tie ends.,0,0, A
9,88.46153846153845,"['Get your sewing kit', 'Find a thread', 'Get button', 'Remove the old button', 'put button where other button was located', ""Insert the thread into the eye of the needle and tie a knot so it's attached."", 'Tie knot in thread.', 'Push needle through hole', 'Tie ends.']","['Get some thread', 'put needle and thread away']",put needle and thread away,1,0, A
0,0.0,[],"['Use the needle to sew the broken button', 'Get your sewing kit']",Get your sewing kit,1,0, A
1,34.61538461538461,['Get your sewing kit'],"['get thread, needle, button to be sewn', 'Thread the needle']",Thread the needle,1,0, A
2,61.53846153846154,"['Get your sewing kit', 'Thread the needle']","['Drive to fabric store', 'Put needle into one button hole through shirt.']",Put needle into one button hole through shirt.,1,0, A
3,76.92307692307693,"['Get your sewing kit', 'Thread the needle', 'Put needle into one button hole through shirt.']","['attach button', 'Repeat steps 4 through 6 about 30 times']",Repeat steps 4 through 6 about 30 times,1,0, A
4,84.61538461538461,"['Get your sewing kit', 'Thread the needle', 'Put needle into one button hole through shirt.', 'Repeat steps 4 through 6 about 30 times']","['Cut excess thread', 'Find a needle and thread']",Cut excess thread,0,0, A
0,0.0,[],"['Drive to fabric store', 'knot thread']",Drive to fabric store,0,0, A
1,19.230769230769237,['Drive to fabric store'],"['Get thread', 'Put needle through button and clothing.']",Get thread,0,0, A
2,26.923076923076923,"['Drive to fabric store', 'Get thread']","['Take the cloth to be sewed', 'Repeat until button is tight']",Take the cloth to be sewed,0,0, A
3,46.15384615384615,"['Drive to fabric store', 'Get thread', 'Take the cloth to be sewed']","['Sew button into place', 'Find sewing kit']",Sew button into place,0,0, A
4,84.61538461538461,"['Drive to fabric store', 'Get thread', 'Take the cloth to be sewed', 'Sew button into place']","['break the thread', 'Find a thread']",break the thread,0,0, A
0,0.0,[],"['Cut off remaining thread', 'Grab the fabric and button']",Grab the fabric and button,1,0, A
1,7.6923076923076925,['Grab the fabric and button'],"['Tie off thread', 'Find a needle and thread']",Find a needle and thread,1,0, A
2,11.538461538461538,"['Grab the fabric and button', 'Find a needle and thread']","['Thread needle', 'Tie the end of the string so it will not unravel']",Thread needle,0,0, A
3,23.07692307692308,"['Grab the fabric and button', 'Find a needle and thread', 'Thread needle']","['Tie thread at end', 'Find button that matches others.']",Find button that matches others.,1,0, A
4,34.61538461538461,"['Grab the fabric and button', 'Find a needle and thread', 'Thread needle', 'Find button that matches others.']","['Insert needle through first side of button (step 3)', 'Hook thread through needle']",Hook thread through needle,1,0, A
5,38.46153846153847,"['Grab the fabric and button', 'Find a needle and thread', 'Thread needle', 'Find button that matches others.', 'Hook thread through needle']","['tie thread at the end', 'Knot the end to make it stay']",Knot the end to make it stay,1,0, A
6,42.30769230769231,"['Grab the fabric and button', 'Find a needle and thread', 'Thread needle', 'Find button that matches others.', 'Hook thread through needle', 'Knot the end to make it stay']","['Cut excess thread', 'Keep repeating the sewing to reinforce the strength']",Cut excess thread,0,0, A
7,46.15384615384615,"['Grab the fabric and button', 'Find a needle and thread', 'Thread needle', 'Find button that matches others.', 'Hook thread through needle', 'Knot the end to make it stay', 'Cut excess thread']","['get thread and needle', 'ATTACH BUTTON USING NEEDLE AND THREAD']",ATTACH BUTTON USING NEEDLE AND THREAD,1,0, A
8,76.92307692307693,"['Grab the fabric and button', 'Find a needle and thread', 'Thread needle', 'Find button that matches others.', 'Hook thread through needle', 'Knot the end to make it stay', 'Cut excess thread', 'ATTACH BUTTON USING NEEDLE AND THREAD']","['Find thread', 'Repeat this until the button is secure']",Repeat this until the button is secure,1,0, A
9,80.76923076923077,"['Grab the fabric and button', 'Find a needle and thread', 'Thread needle', 'Find button that matches others.', 'Hook thread through needle', 'Knot the end to make it stay', 'Cut excess thread', 'ATTACH BUTTON USING NEEDLE AND THREAD', 'Repeat this until the button is secure']","['Tie off thread', 'Pick up shirt missing button.']",Tie off thread,0,0, A
10,88.46153846153845,"['Grab the fabric and button', 'Find a needle and thread', 'Thread needle', 'Find button that matches others.', 'Hook thread through needle', 'Knot the end to make it stay', 'Cut excess thread', 'ATTACH BUTTON USING NEEDLE AND THREAD', 'Repeat this until the button is secure', 'Tie off thread']","['Place item on flat surface', 'Put the needle and thread away']",Put the needle and thread away,1,0, A
0,0.0,[],"['Thread the needle and tie a knot at end of thread.', 'Drive to fabric store']",Drive to fabric store,1,0, A
1,19.230769230769237,['Drive to fabric store'],"['Repeat the inserting as above for about 10 times', 'gathering thread']",gathering thread,1,0, A
2,23.07692307692308,"['Drive to fabric store', 'gathering thread']","['Repeat several times until button is secure', 'find a button']",find a button,1,0, A
3,26.923076923076923,"['Drive to fabric store', 'gathering thread', 'find a button']","['Hold shirt with non-dominant hand', 'Continue until button is secure']",Hold shirt with non-dominant hand,0,0, A
4,30.76923076923077,"['Drive to fabric store', 'gathering thread', 'find a button', 'Hold shirt with non-dominant hand']","['Cut thread', 'Put button on shirt.']",Put button on shirt.,1,0, A
5,61.53846153846154,"['Drive to fabric store', 'gathering thread', 'find a button', 'Hold shirt with non-dominant hand', 'Put button on shirt.']","['Get the needle', 'take needle bring up through the back of the item']",take needle bring up through the back of the item,1,0, A
6,76.92307692307693,"['Drive to fabric store', 'gathering thread', 'find a button', 'Hold shirt with non-dominant hand', 'Put button on shirt.', 'take needle bring up through the back of the item']","['Tie knot', 'Keep threading until the button is firmly attached']",Keep threading until the button is firmly attached,1,0, A
0,0.0,[],"['Check the button', 'Get button, thread, needle and scissors']","Get button, thread, needle and scissors",1,0, A
1,7.6923076923076925,"['Get button, thread, needle and scissors']","['Obtain needle and thread', 'Cut thread string to how much is needed']",Obtain needle and thread,0,0, A
2,30.76923076923077,"['Get button, thread, needle and scissors', 'Obtain needle and thread']","['Tie thread at end', 'Place new button where I want it to go']",Place new button where I want it to go,1,0, A
3,34.61538461538461,"['Get button, thread, needle and scissors', 'Obtain needle and thread', 'Place new button where I want it to go']","['cut the thread when finished', 'Thread the needle']",Thread the needle,1,0, A
4,61.53846153846154,"['Get button, thread, needle and scissors', 'Obtain needle and thread', 'Place new button where I want it to go', 'Thread the needle']","['Cut the excess thread', 'Starting from the bottom, poke needle through hole in button']","Starting from the bottom, poke needle through hole in button",1,0, A
5,65.38461538461539,"['Get button, thread, needle and scissors', 'Obtain needle and thread', 'Place new button where I want it to go', 'Thread the needle', 'Starting from the bottom, poke needle through hole in button']","['Get needle', 'Pass the needle through the second button hole']",Pass the needle through the second button hole,1,0, A
6,76.92307692307693,"['Get button, thread, needle and scissors', 'Obtain needle and thread', 'Place new button where I want it to go', 'Thread the needle', 'Starting from the bottom, poke needle through hole in button', 'Pass the needle through the second button hole']","['Thread needle.', 'Continue to loop the needle and thread through the button holes.']",Continue to loop the needle and thread through the button holes.,1,0, A
0,0.0,[],"['sew onto fabric securely', 'Find sewing kit']",Find sewing kit,1,0, A
1,23.07692307692308,['Find sewing kit'],"['Get extra button', 'knot thread']",Get extra button,0,0, A
2,26.923076923076923,"['Find sewing kit', 'Get extra button']","['Lay down garment', 'Push needle through first hole']",Lay down garment,0,0, A
3,34.61538461538461,"['Find sewing kit', 'Get extra button', 'Lay down garment']","['Repeat this until the button is secure', 'Thread needle.']",Thread needle.,1,0, A
4,42.30769230769231,"['Find sewing kit', 'Get extra button', 'Lay down garment', 'Thread needle.']","['Cut away any loose threads.', 'Get the thread']",Cut away any loose threads.,0,0, A
5,46.15384615384615,"['Find sewing kit', 'Get extra button', 'Lay down garment', 'Thread needle.', 'Cut away any loose threads.']","['Push needle through fabric and button hole', 'Get thread']",Push needle through fabric and button hole,0,0, A
6,61.53846153846154,"['Find sewing kit', 'Get extra button', 'Lay down garment', 'Thread needle.', 'Cut away any loose threads.', 'Push needle through fabric and button hole']","['Cut away any extra string', 'Push needle through hole']",Push needle through hole,1,0, A
7,76.92307692307693,"['Find sewing kit', 'Get extra button', 'Lay down garment', 'Thread needle.', 'Cut away any loose threads.', 'Push needle through fabric and button hole', 'Push needle through hole']","['Get button', 'Repeat']",Repeat,1,0, A
8,84.61538461538461,"['Find sewing kit', 'Get extra button', 'Lay down garment', 'Thread needle.', 'Cut away any loose threads.', 'Push needle through fabric and button hole', 'Push needle through hole', 'Repeat']","['Cut thread.', 'Remove the old button']",Cut thread.,0,0, A
0,0.0,[],"['gather garment for buttoning', 'Get sewing basket']",Get sewing basket,1,0, A
1,34.61538461538461,['Get sewing basket'],"['Thread needle', 'repeat steps 4-5 until button is secured to shirt']",Thread needle,0,0, A
2,42.30769230769231,"['Get sewing basket', 'Thread needle']","['Get needle and thread', 'Cut about 16 inches worth of thread.']",Cut about 16 inches worth of thread.,1,0, A
3,61.53846153846154,"['Get sewing basket', 'Thread needle', 'Cut about 16 inches worth of thread.']","['Find needle and thread', 'Holding button at appropriate location, press needle through first hole on button.']","Holding button at appropriate location, press needle through first hole on button.",1,0, A
4,76.92307692307693,"['Get sewing basket', 'Thread needle', 'Cut about 16 inches worth of thread.', 'Holding button at appropriate location, press needle through first hole on button.']","['Repeat', 'Tie knot on needle.']",Repeat,0,0, A
5,84.61538461538461,"['Get sewing basket', 'Thread needle', 'Cut about 16 inches worth of thread.', 'Holding button at appropriate location, press needle through first hole on button.', 'Repeat']","['Cut the thread near the needle to finish', 'Place the thread through the needle']",Cut the thread near the needle to finish,0,0, A
0,0.0,[],"['Drive to fabric store', 'put the needle in and out through the holes']",Drive to fabric store,0,0, A
1,19.230769230769237,['Drive to fabric store'],"['Cut excess thread', 'getting out thread']",getting out thread,1,0, A
2,30.76923076923077,"['Drive to fabric store', 'getting out thread']","['place button where you want it', 'repeat 6 more times']",place button where you want it,0,0, A
3,61.53846153846154,"['Drive to fabric store', 'getting out thread', 'place button where you want it']","['get thread, needle, button to be sewn', 'Holding button at appropriate location, press needle through first hole on button.']","Holding button at appropriate location, press needle through first hole on button.",1,0, A
4,65.38461538461539,"['Drive to fabric store', 'getting out thread', 'place button where you want it', 'Holding button at appropriate location, press needle through first hole on button.']","['Place button where it is to be sewed', 'Cross over to perpendicular hole, push needle back through']","Cross over to perpendicular hole, push needle back through",1,0, A
5,69.23076923076923,"['Drive to fabric store', 'getting out thread', 'place button where you want it', 'Holding button at appropriate location, press needle through first hole on button.', 'Cross over to perpendicular hole, push needle back through']","['GET SOME NEEDLE AND THREAD', 'Sew through the diagonal hole of the button and the garment.']",Sew through the diagonal hole of the button and the garment.,1,0, A
6,73.07692307692307,"['Drive to fabric store', 'getting out thread', 'place button where you want it', 'Holding button at appropriate location, press needle through first hole on button.', 'Cross over to perpendicular hole, push needle back through', 'Sew through the diagonal hole of the button and the garment.']","['Pull needle and thread', 'Cut about 16 inches worth of thread.']",Pull needle and thread,0,0, A
7,76.92307692307693,"['Drive to fabric store', 'getting out thread', 'place button where you want it', 'Holding button at appropriate location, press needle through first hole on button.', 'Cross over to perpendicular hole, push needle back through', 'Sew through the diagonal hole of the button and the garment.', 'Pull needle and thread']","['Prepare needle and thread.', 'Keep sewing until the button is secure.']",Keep sewing until the button is secure.,1,0, A
8,80.76923076923077,"['Drive to fabric store', 'getting out thread', 'place button where you want it', 'Holding button at appropriate location, press needle through first hole on button.', 'Cross over to perpendicular hole, push needle back through', 'Sew through the diagonal hole of the button and the garment.', 'Pull needle and thread', 'Keep sewing until the button is secure.']","['Get scissors, needle, button and thread', 'Tie the thread']",Tie the thread,1,0, A
9,88.46153846153845,"['Drive to fabric store', 'getting out thread', 'place button where you want it', 'Holding button at appropriate location, press needle through first hole on button.', 'Cross over to perpendicular hole, push needle back through', 'Sew through the diagonal hole of the button and the garment.', 'Pull needle and thread', 'Keep sewing until the button is secure.', 'Tie the thread']","['Put everything away.', 'gather needle and thread']",Put everything away.,0,0, A
10,92.3076923076923,"['Drive to fabric store', 'getting out thread', 'place button where you want it', 'Holding button at appropriate location, press needle through first hole on button.', 'Cross over to perpendicular hole, push needle back through', 'Sew through the diagonal hole of the button and the garment.', 'Pull needle and thread', 'Keep sewing until the button is secure.', 'Tie the thread', 'Put everything away.']","['Check if the button is tight', 'Place button where it belongs on garment']",Check if the button is tight,0,0, A
0,0.0,[],"['Insert the needle back into the garment from the top of the button', 'Get your sewing kit']",Get your sewing kit,1,0, A
1,19.230769230769237,['Get your sewing kit'],"['Cut off any excess thread.', 'Get thread']",Get thread,1,0, A
2,30.76923076923077,"['Get your sewing kit', 'Get thread']","['Sew button through second hole', 'Hold button to material.']",Hold button to material.,1,0, A
3,42.30769230769231,"['Get your sewing kit', 'Get thread', 'Hold button to material.']","['Repeat step 8 until button is sewn on', 'Cut thread string to how much is needed']",Cut thread string to how much is needed,1,0, A
4,46.15384615384615,"['Get your sewing kit', 'Get thread', 'Hold button to material.', 'Cut thread string to how much is needed']","['get thread, needle, button to be sewn', 'make few passes']",make few passes,1,0, A
5,53.84615384615385,"['Get your sewing kit', 'Get thread', 'Hold button to material.', 'Cut thread string to how much is needed', 'make few passes']","['Run needle and thread through button hole and fabric hole', 'FIND THE REPLACEMENT BUTTON']",Run needle and thread through button hole and fabric hole,0,0, A
6,80.76923076923077,"['Get your sewing kit', 'Get thread', 'Hold button to material.', 'Cut thread string to how much is needed', 'make few passes', 'Run needle and thread through button hole and fabric hole']","['Get out needle', 'Wrap the thread']",Wrap the thread,1,0, A
7,88.46153846153845,"['Get your sewing kit', 'Get thread', 'Hold button to material.', 'Cut thread string to how much is needed', 'make few passes', 'Run needle and thread through button hole and fabric hole', 'Wrap the thread']","['Put away needle and thread', 'Pull til it stops at the knot, push through fabric and another button hole']",Put away needle and thread,0,0, A
8,92.3076923076923,"['Get your sewing kit', 'Get thread', 'Hold button to material.', 'Cut thread string to how much is needed', 'make few passes', 'Run needle and thread through button hole and fabric hole', 'Wrap the thread', 'Put away needle and thread']","['Stick the needle through', 'Check the button']",Check the button,1,0, A
0,0.0,[],"['Drive to fabric store', 'Sew through the holes of the button']",Drive to fabric store,0,0, A
1,19.230769230769237,['Drive to fabric store'],"['Find thread color to match button or item requiring the button', 'Cut about 16 inches worth of thread.']",Find thread color to match button or item requiring the button,0,0, A
2,23.07692307692308,"['Drive to fabric store', 'Find thread color to match button or item requiring the button']","['Find a button that matches the others on your garment', 'Tie off thread']",Find a button that matches the others on your garment,0,0, A
3,38.46153846153847,"['Drive to fabric store', 'Find thread color to match button or item requiring the button', 'Find a button that matches the others on your garment']","['Tie knot in other end of thread', 'Remove thread and needle from kit']",Tie knot in other end of thread,0,0, A
4,50.0,"['Drive to fabric store', 'Find thread color to match button or item requiring the button', 'Find a button that matches the others on your garment', 'Tie knot in other end of thread']","['Pull needle and thread', 'Push needle through button and fabric.']",Push needle through button and fabric.,1,0, A
5,80.76923076923077,"['Drive to fabric store', 'Find thread color to match button or item requiring the button', 'Find a button that matches the others on your garment', 'Tie knot in other end of thread', 'Push needle through button and fabric.']","['Take button and put it on shirt where you want it', 'Tie the thread in a knot to secure it']",Tie the thread in a knot to secure it,1,0, A
0,0.0,[],"['Drive to fabric store', 'cut loose thread']",Drive to fabric store,0,0, A
1,19.230769230769237,['Drive to fabric store'],"['Sew button onto fabric through the first hole', 'Find thread color to match button or item requiring the button']",Find thread color to match button or item requiring the button,1,0, A
2,34.61538461538461,"['Drive to fabric store', 'Find thread color to match button or item requiring the button']","[""Make sure it's secure"", 'Hook thread through needle']",Hook thread through needle,1,0, A
3,88.46153846153845,"['Drive to fabric store', 'Find thread color to match button or item requiring the button', 'Hook thread through needle']","['Take out the needle', 'Tie knot in end of thread']",Take out the needle,0,0, A
0,0.0,[],"['get thread, needle, button to be sewn', 'Cut the thread near the needle to finish']","get thread, needle, button to be sewn",0,0, A
1,15.384615384615383,"['get thread, needle, button to be sewn']","['Push needle through the button holes', 'Find matching thread']",Find matching thread,1,0, A
2,23.07692307692308,"['get thread, needle, button to be sewn', 'Find matching thread']","['repeat 6 more times', 'Choose a button.']",Choose a button.,1,0, A
3,38.46153846153847,"['get thread, needle, button to be sewn', 'Find matching thread', 'Choose a button.']","['Take a needle and required thread', 'Tie knot in thread.']",Tie knot in thread.,1,0, A
4,50.0,"['get thread, needle, button to be sewn', 'Find matching thread', 'Choose a button.', 'Tie knot in thread.']","['Starting on inside of garment, push through with needle.', 'Purchase thread']","Starting on inside of garment, push through with needle.",0,0, A
5,80.76923076923077,"['get thread, needle, button to be sewn', 'Find matching thread', 'Choose a button.', 'Tie knot in thread.', 'Starting on inside of garment, push through with needle.']","['Tie the end of the string so it will not unravel', 'Tie knot in thread']",Tie the end of the string so it will not unravel,0,0, A
6,88.46153846153845,"['get thread, needle, button to be sewn', 'Find matching thread', 'Choose a button.', 'Tie knot in thread.', 'Starting on inside of garment, push through with needle.', 'Tie the end of the string so it will not unravel']","['Take out the needle', 'Get thread']",Take out the needle,0,0, A
7,92.3076923076923,"['get thread, needle, button to be sewn', 'Find matching thread', 'Choose a button.', 'Tie knot in thread.', 'Starting on inside of garment, push through with needle.', 'Tie the end of the string so it will not unravel', 'Take out the needle']","['Check new button', 'Get a needle.']",Check new button,0,0, A
0,0.0,[],"['Push needle down through other button on hole', 'Get sewing basket']",Get sewing basket,1,0, A
1,7.6923076923076925,['Get sewing basket'],"['Cut thread', 'Get a needle and thread.']",Get a needle and thread.,1,0, A
2,11.538461538461538,"['Get sewing basket', 'Get a needle and thread.']","['Run needle and thread through button hole and fabric hole', 'Get needle']",Get needle,1,0, A
3,34.61538461538461,"['Get sewing basket', 'Get a needle and thread.', 'Get needle']","['Cut excess thread', 'Thread the needle']",Thread the needle,1,0, A
4,61.53846153846154,"['Get sewing basket', 'Get a needle and thread.', 'Get needle', 'Thread the needle']","['Push needle through first hole', 'Find some thread']",Push needle through first hole,0,0, A
5,76.92307692307693,"['Get sewing basket', 'Get a needle and thread.', 'Get needle', 'Thread the needle', 'Push needle through first hole']","['Get needle', 'repeat 5-8 several times until button is secure']",repeat 5-8 several times until button is secure,1,0, A
0,0.0,[],"['Sew button onto fabric through the first hole', 'Get sewing kit']",Get sewing kit,1,0, A
1,19.230769230769237,['Get sewing kit'],"['Sew through the holes of the button', 'Find thread that matches']",Find thread that matches,1,0, A
2,30.76923076923077,"['Get sewing kit', 'Find thread that matches']","['Cut off excess thread', 'Find the location where button needs to be sewn.']",Find the location where button needs to be sewn.,1,0, A
3,34.61538461538461,"['Get sewing kit', 'Find thread that matches', 'Find the location where button needs to be sewn.']","['Continue crisscrossing thread between holes of button until button is tight.', 'put thread in needle']",put thread in needle,1,0, A
4,38.46153846153847,"['Get sewing kit', 'Find thread that matches', 'Find the location where button needs to be sewn.', 'put thread in needle']","['Repeat steps 4 through 6 about 30 times', 'Tie knot in other end of thread']",Tie knot in other end of thread,1,0, A
5,61.53846153846154,"['Get sewing kit', 'Find thread that matches', 'Find the location where button needs to be sewn.', 'put thread in needle', 'Tie knot in other end of thread']","['Cut off remaining thread', 'Starting from the bottom, poke needle through hole in button']","Starting from the bottom, poke needle through hole in button",1,0, A
6,80.76923076923077,"['Get sewing kit', 'Find thread that matches', 'Find the location where button needs to be sewn.', 'put thread in needle', 'Tie knot in other end of thread', 'Starting from the bottom, poke needle through hole in button']","['tie knot on thread', 'Find a piece of clothing.']",tie knot on thread,0,0, A
0,0.0,[],"['get sewing kit', 'Line the button up in the place where the old one would have been']",get sewing kit,0,0, A
1,23.07692307692308,['get sewing kit'],"['Find button that matches others.', 'Make a knot on last pass']",Find button that matches others.,0,0, A
2,30.76923076923077,"['get sewing kit', 'Find button that matches others.']","['Continue to loop the needle and thread through the button holes.', 'Put button on shirt.']",Put button on shirt.,1,0, A
3,53.84615384615385,"['get sewing kit', 'Find button that matches others.', 'Put button on shirt.']","['Pull thread through opposite button hole', 'Grab the garment that you would like to sew the button to.']",Pull thread through opposite button hole,0,0, A
4,84.61538461538461,"['get sewing kit', 'Find button that matches others.', 'Put button on shirt.', 'Pull thread through opposite button hole']","['Select thread of correct color', 'Cut the excess thread']",Cut the excess thread,1,0, A
5,88.46153846153845,"['get sewing kit', 'Find button that matches others.', 'Put button on shirt.', 'Pull thread through opposite button hole', 'Cut the excess thread']","['pull thread forward', 'put sewing kit away']",put sewing kit away,1,0, A
6,92.3076923076923,"['get sewing kit', 'Find button that matches others.', 'Put button on shirt.', 'Pull thread through opposite button hole', 'Cut the excess thread', 'put sewing kit away']","['Tie knot in other end of thread', 'Check the button']",Check the button,1,0, A
0,0.0,[],"['Find sewing kit', 'Pass needle through shirt and button holes']",Find sewing kit,0,0, A
1,34.61538461538461,['Find sewing kit'],"['Thread needle', 'MAKE SURE BUTTON IS SECURE']",Thread needle,0,0, A
2,88.46153846153845,"['Find sewing kit', 'Thread needle']","['Put needle and thread back in drawer', 'Place needle through button eyelets.']",Put needle and thread back in drawer,0,0, A
0,0.0,[],"['Get supplies - shirt, new button, thread, needle', 'cut loose thread']","Get supplies - shirt, new button, thread, needle",0,0, A
1,26.923076923076923,"['Get supplies - shirt, new button, thread, needle']","['cut the thread', 'Prepare garment for sewing']",Prepare garment for sewing,1,0, A
2,50.0,"['Get supplies - shirt, new button, thread, needle', 'Prepare garment for sewing']","['Remove the old button', 'Stick the needle through']",Stick the needle through,1,0, A
3,80.76923076923077,"['Get supplies - shirt, new button, thread, needle', 'Prepare garment for sewing', 'Stick the needle through']","['taking the right button out', 'Tie knot.']",Tie knot.,1,0, A
4,88.46153846153845,"['Get supplies - shirt, new button, thread, needle', 'Prepare garment for sewing', 'Stick the needle through', 'Tie knot.']","['find a button', 'Put all the items away']",Put all the items away,1,0, A
0,0.0,[],"['Get sewing kit', 'Tie the end with a knot.']",Get sewing kit,0,0, A
1,11.538461538461538,['Get sewing kit'],"['Repeat this until the button is secure', 'Get needle']",Get needle,1,0, A
2,15.384615384615383,"['Get sewing kit', 'Get needle']","['MAKE SURE BUTTON IS SECURE', 'Choose thread color']",Choose thread color,1,0, A
3,30.76923076923077,"['Get sewing kit', 'Get needle', 'Choose thread color']","['Do this through all holes of button', 'Place button on shirt']",Place button on shirt,1,0, A
4,34.61538461538461,"['Get sewing kit', 'Get needle', 'Choose thread color', 'Place button on shirt']","['Make a knot in fabric with thread behind the button', 'Thread needle']",Thread needle,1,0, A
5,88.46153846153845,"['Get sewing kit', 'Get needle', 'Choose thread color', 'Place button on shirt', 'Thread needle']","['Put supplies away', 'Find thread color to match button or item requiring the button']",Put supplies away,0,0, A
6,92.3076923076923,"['Get sewing kit', 'Get needle', 'Choose thread color', 'Place button on shirt', 'Thread needle', 'Put supplies away']","['MAKE SURE BUTTON IS SECURE', 'Find sewing kit.']",MAKE SURE BUTTON IS SECURE,0,0, A
0,0.0,[],"['Push the needle through the fabric', 'Find sewing kit']",Find sewing kit,1,0, A
1,7.6923076923076925,['Find sewing kit'],"['Tie off thread', 'gather needle and thread']",gather needle and thread,1,0, A
2,26.923076923076923,"['Find sewing kit', 'gather needle and thread']","['grab object the button is being sewed', 'get sewing kit']",grab object the button is being sewed,0,0, A
3,30.76923076923077,"['Find sewing kit', 'gather needle and thread', 'grab object the button is being sewed']","['Cut excess thread', 'Place button in desired position']",Place button in desired position,1,0, A
4,42.30769230769231,"['Find sewing kit', 'gather needle and thread', 'grab object the button is being sewed', 'Place button in desired position']","['Find thread that matches', 'Cut length of thread']",Cut length of thread,1,0, A
5,46.15384615384615,"['Find sewing kit', 'gather needle and thread', 'grab object the button is being sewed', 'Place button in desired position', 'Cut length of thread']","['Start to sew on button', 'Sew button through fourth and final hole']",Start to sew on button,0,0, A
6,61.53846153846154,"['Find sewing kit', 'gather needle and thread', 'grab object the button is being sewed', 'Place button in desired position', 'Cut length of thread', 'Start to sew on button']","['getting out needle', 'Insert needle through one side of button']",Insert needle through one side of button,1,0, A
7,65.38461538461539,"['Find sewing kit', 'gather needle and thread', 'grab object the button is being sewed', 'Place button in desired position', 'Cut length of thread', 'Start to sew on button', 'Insert needle through one side of button']","['Find matching button, or old button.', 'Bring the needle up through another hole on button.']",Bring the needle up through another hole on button.,1,0, A
8,69.23076923076923,"['Find sewing kit', 'gather needle and thread', 'grab object the button is being sewed', 'Place button in desired position', 'Cut length of thread', 'Start to sew on button', 'Insert needle through one side of button', 'Bring the needle up through another hole on button.']","['Get back the needle through the third button hole', 'taking the right button out']",Get back the needle through the third button hole,0,0, A
0,0.0,[],"['Tie knot in end of thread', 'Drive to fabric store']",Drive to fabric store,1,0, A
1,19.230769230769237,['Drive to fabric store'],"['Use scissors to cut thread', 'Select thread']",Select thread,1,0, A
2,34.61538461538461,"['Drive to fabric store', 'Select thread']","['tug to make sure it is secure', 'put thread through needle']",put thread through needle,1,0, A
3,46.15384615384615,"['Drive to fabric store', 'Select thread', 'put thread through needle']","['Find a needle and thread', 'sew button into fabric making sure stitches are secure']",sew button into fabric making sure stitches are secure,1,0, A
4,88.46153846153845,"['Drive to fabric store', 'Select thread', 'put thread through needle', 'sew button into fabric making sure stitches are secure']","['put items away when done', 'Crisscross on the button']",put items away when done,0,0, A
0,0.0,[],"['Pull needle and thread', 'Get supplies - shirt, new button, thread, needle']","Get supplies - shirt, new button, thread, needle",1,0, A
1,26.923076923076923,"['Get supplies - shirt, new button, thread, needle']","['repeat steps 4-5 until button is secured to shirt', 'Pick up shirt missing button.']",Pick up shirt missing button.,1,0, A
2,46.15384615384615,"['Get supplies - shirt, new button, thread, needle', 'Pick up shirt missing button.']","['Start to sew on button', 'Take needle from sewing kit']",Start to sew on button,0,0, A
3,84.61538461538461,"['Get supplies - shirt, new button, thread, needle', 'Pick up shirt missing button.', 'Start to sew on button']","['Get out needle, thread, button, and clothing item.', 'Cut off excess thread']",Cut off excess thread,1,0, A
0,0.0,[],"['Sew button through fourth and final hole', 'Find sewing kit.']",Find sewing kit.,1,0, A
1,23.07692307692308,['Find sewing kit.'],"['Find similar button', 'Hold button in place']",Find similar button,0,0, A
2,26.923076923076923,"['Find sewing kit.', 'Find similar button']","['Place item on flat surface', 'Push needle under material to next hole']",Place item on flat surface,0,0, A
3,30.76923076923077,"['Find sewing kit.', 'Find similar button', 'Place item on flat surface']","['place button where you want it', 'Repeat until button is tight']",place button where you want it,0,0, A
4,34.61538461538461,"['Find sewing kit.', 'Find similar button', 'Place item on flat surface', 'place button where you want it']","['Fix the thread in the needle', 'Tie off thread']",Fix the thread in the needle,0,0, A
5,88.46153846153845,"['Find sewing kit.', 'Find similar button', 'Place item on flat surface', 'place button where you want it', 'Fix the thread in the needle']","['put needle and thread away', 'Take needle from sewing kit']",put needle and thread away,0,0, A
0,0.0,[],"['Drive to fabric store', 'Put away needle and thread']",Drive to fabric store,0,0, A
1,19.230769230769237,['Drive to fabric store'],"['get thread', 'Put needle and thread back in drawer']",get thread,0,0, A
2,34.61538461538461,"['Drive to fabric store', 'get thread']","['Put an end of the thread through the eye of the needle', 'Continue to loop the needle and thread through the button holes.']",Put an end of the thread through the eye of the needle,0,0, A
3,46.15384615384615,"['Drive to fabric store', 'get thread', 'Put an end of the thread through the eye of the needle']","['put the needle in and out through the holes', 'Find needle and thread']",put the needle in and out through the holes,0,0, A
4,88.46153846153845,"['Drive to fabric store', 'get thread', 'Put an end of the thread through the eye of the needle', 'put the needle in and out through the holes']","['Put everything away.', 'Take shirt']",Put everything away.,0,0, A
0,0.0,[],"['Find sewing kit.', 'Pull the needle through a hole in the button, then back into the fabric']",Find sewing kit.,0,0, A
1,34.61538461538461,['Find sewing kit.'],"['thread the needle', 'repeat 5-8 several times until button is secure']",thread the needle,0,0, A
2,53.84615384615385,"['Find sewing kit.', 'thread the needle']","['Crisscross on the button', 'Get out thread']",Crisscross on the button,0,0, A
3,57.692307692307686,"['Find sewing kit.', 'thread the needle', 'Crisscross on the button']","['Insert needle through first side of button (step 3)', 'Thread needle']",Insert needle through first side of button (step 3),0,0, A
4,61.53846153846154,"['Find sewing kit.', 'thread the needle', 'Crisscross on the button', 'Insert needle through first side of button (step 3)']","['Cut the thread near the needle to finish', 'Starting from the bottom, poke needle through hole in button']","Starting from the bottom, poke needle through hole in button",1,0, A
5,76.92307692307693,"['Find sewing kit.', 'thread the needle', 'Crisscross on the button', 'Insert needle through first side of button (step 3)', 'Starting from the bottom, poke needle through hole in button']","['Continue sewing.', 'Tie a knot in the thread']",Continue sewing.,0,0, A
0,0.0,[],"['Determine proper placement for button', 'Find sewing kit.']",Find sewing kit.,1,0, A
1,11.538461538461538,['Find sewing kit.'],"['when done tie the end properly', 'Get out needle']",Get out needle,1,0, A
2,19.230769230769237,"['Find sewing kit.', 'Get out needle']","['Cut off remaining thread', 'Get thread']",Get thread,1,0, A
3,34.61538461538461,"['Find sewing kit.', 'Get out needle', 'Get thread']","[""Insert the thread into the eye of the needle and tie a knot so it's attached."", 'When button is securely in place tie knot in thread at back of garment']",Insert the thread into the eye of the needle and tie a knot so it's attached.,0,0, A
4,38.46153846153847,"['Find sewing kit.', 'Get out needle', 'Get thread', ""Insert the thread into the eye of the needle and tie a knot so it's attached.""]","['Tie knot with thread', 'Take out sewing kit.']",Tie knot with thread,0,0, A
5,42.30769230769231,"['Find sewing kit.', 'Get out needle', 'Get thread', ""Insert the thread into the eye of the needle and tie a knot so it's attached."", 'Tie knot with thread']","['Get a needle and thread.', 'measure and cut length of thread']",measure and cut length of thread,1,0, A
6,46.15384615384615,"['Find sewing kit.', 'Get out needle', 'Get thread', ""Insert the thread into the eye of the needle and tie a knot so it's attached."", 'Tie knot with thread', 'measure and cut length of thread']","['Find thread that matches button color.', 'sew the button with criss-cross movement of needle']",sew the button with criss-cross movement of needle,1,0, A
7,88.46153846153845,"['Find sewing kit.', 'Get out needle', 'Get thread', ""Insert the thread into the eye of the needle and tie a knot so it's attached."", 'Tie knot with thread', 'measure and cut length of thread', 'sew the button with criss-cross movement of needle']","['Knot the ends of the thread together.', 'Put away needle and thread']",Put away needle and thread,1,0, A
0,0.0,[],"['With other hand, push needle through button hole', 'Drive to fabric store']",Drive to fabric store,1,0, A
1,19.230769230769237,['Drive to fabric store'],"['Get thread.', 'Make a knot on last pass']",Get thread.,0,0, A
2,23.07692307692308,"['Drive to fabric store', 'Get thread.']","['Find a button', 'With needle and thread push needle through cloth and through button hole']",Find a button,0,0, A
3,38.46153846153847,"['Drive to fabric store', 'Get thread.', 'Find a button']","['Tie a knot at the end of thread', 'Cut loose ends.']",Tie a knot at the end of thread,0,0, A
4,61.53846153846154,"['Drive to fabric store', 'Get thread.', 'Find a button', 'Tie a knot at the end of thread']","['Thread one hole with the needle', 'Get needle']",Thread one hole with the needle,0,0, A
5,80.76923076923077,"['Drive to fabric store', 'Get thread.', 'Find a button', 'Tie a knot at the end of thread', 'Thread one hole with the needle']","['Tie the thread round in between the garment and button', 'Thread the needle']",Tie the thread round in between the garment and button,0,0, A
6,88.46153846153845,"['Drive to fabric store', 'Get thread.', 'Find a button', 'Tie a knot at the end of thread', 'Thread one hole with the needle', 'Tie the thread round in between the garment and button']","['Put away needle and thread', 'Thread the opposite diagonal hole with the needle and tighten the string']",Put away needle and thread,0,0, A
0,0.0,[],"['Then push needle through material', 'Get button, thread, needle and scissors']","Get button, thread, needle and scissors",1,0, A
1,26.923076923076923,"['Get button, thread, needle and scissors']","['Check if the button is tight', 'Grab the garment that you would like to sew the button to.']",Grab the garment that you would like to sew the button to.,1,0, A
2,34.61538461538461,"['Get button, thread, needle and scissors', 'Grab the garment that you would like to sew the button to.']","['Cut excess thread', 'Thread needle.']",Thread needle.,1,0, A
3,46.15384615384615,"['Get button, thread, needle and scissors', 'Grab the garment that you would like to sew the button to.', 'Thread needle.']","[""Pull a thread of a matching color through the needle's eye"", 'Stick needle through hole and secure with thread']",Stick needle through hole and secure with thread,1,0, A
4,88.46153846153845,"['Get button, thread, needle and scissors', 'Grab the garment that you would like to sew the button to.', 'Thread needle.', 'Stick needle through hole and secure with thread']","['put back all the materials', 'Find thread color to match button or item requiring the button']",put back all the materials,0,0, A
0,0.0,[],"['Drive to fabric store', ""Make sure it's secure""]",Drive to fabric store,0,0, A
1,19.230769230769237,['Drive to fabric store'],"['Insert the thread through the button', 'Get thread']",Get thread,1,0, A
2,30.76923076923077,"['Drive to fabric store', 'Get thread']","['Mark on clothing where button is to go', 'Knot thread']",Mark on clothing where button is to go,0,0, A
3,34.61538461538461,"['Drive to fabric store', 'Get thread', 'Mark on clothing where button is to go']","['Put thread through a needle.', 'Get back the needle through the fourth button hole']",Put thread through a needle.,0,0, A
4,50.0,"['Drive to fabric store', 'Get thread', 'Mark on clothing where button is to go', 'Put thread through a needle.']","['Put needle through one hole', 'Get a needle and thread.']",Put needle through one hole,0,0, A
5,76.92307692307693,"['Drive to fabric store', 'Get thread', 'Mark on clothing where button is to go', 'Put thread through a needle.', 'Put needle through one hole']","['Repeat for all holes to reinforce', 'gather needle and thread']",Repeat for all holes to reinforce,0,0, A
6,80.76923076923077,"['Drive to fabric store', 'Get thread', 'Mark on clothing where button is to go', 'Put thread through a needle.', 'Put needle through one hole', 'Repeat for all holes to reinforce']","['Tie off finishing knot', 'thread the needle']",Tie off finishing knot,0,0, A
7,84.61538461538461,"['Drive to fabric store', 'Get thread', 'Mark on clothing where button is to go', 'Put thread through a needle.', 'Put needle through one hole', 'Repeat for all holes to reinforce', 'Tie off finishing knot']","['Cut loose ends', 'Take a matching button']",Cut loose ends,0,0, A
8,88.46153846153845,"['Drive to fabric store', 'Get thread', 'Mark on clothing where button is to go', 'Put thread through a needle.', 'Put needle through one hole', 'Repeat for all holes to reinforce', 'Tie off finishing knot', 'Cut loose ends']","['Line the button back into place', 'Put away needle and thread']",Put away needle and thread,1,0, A
9,92.3076923076923,"['Drive to fabric store', 'Get thread', 'Mark on clothing where button is to go', 'Put thread through a needle.', 'Put needle through one hole', 'Repeat for all holes to reinforce', 'Tie off finishing knot', 'Cut loose ends', 'Put away needle and thread']","['Get a thimble', 'Check if the button is tight']",Check if the button is tight,1,0, A
0,0.0,[],"['Tie the thread round in between the garment and button', 'Find sewing kit.']",Find sewing kit.,1,0, A
1,11.538461538461538,['Find sewing kit.'],"['Find a needle', 'Sew in a pattern that looks like an X through the holes of the button.']",Find a needle,0,0, A
2,34.61538461538461,"['Find sewing kit.', 'Find a needle']","['Thread needle', 'Do this several times until the button is secure']",Thread needle,0,0, A
3,42.30769230769231,"['Find sewing kit.', 'Find a needle', 'Thread needle']","['When button is securely in place tie knot in thread at back of garment', 'Cut excess thread']",Cut excess thread,1,0, A
4,46.15384615384615,"['Find sewing kit.', 'Find a needle', 'Thread needle', 'Cut excess thread']","['Sew button.', 'Hold button in place']",Sew button.,0,0, A
5,80.76923076923077,"['Find sewing kit.', 'Find a needle', 'Thread needle', 'Cut excess thread', 'Sew button.']","['Tie knot at end of thread.', 'Tie off thread']",Tie off thread,1,0, A
6,84.61538461538461,"['Find sewing kit.', 'Find a needle', 'Thread needle', 'Cut excess thread', 'Sew button.', 'Tie off thread']","['Cut off excess thread', 'Thread the needle']",Cut off excess thread,0,0, A
7,88.46153846153845,"['Find sewing kit.', 'Find a needle', 'Thread needle', 'Cut excess thread', 'Sew button.', 'Tie off thread', 'Cut off excess thread']","['Place button on item', 'Clean up.']",Clean up.,1,0, A
8,92.3076923076923,"['Find sewing kit.', 'Find a needle', 'Thread needle', 'Cut excess thread', 'Sew button.', 'Tie off thread', 'Cut off excess thread', 'Clean up.']","['Check if the button is tight', 'Place button on fabric and hold with thumb and index finger']",Check if the button is tight,0,0, A
0,0.0,[],"['Repeat procedure until button is secure', 'Get out needle, thread, button, and clothing item.']","Get out needle, thread, button, and clothing item.",1,0, A
1,26.923076923076923,"['Get out needle, thread, button, and clothing item.']","['Hold shirt with non-dominant hand', 'Push needle through button and fabric.']",Hold shirt with non-dominant hand,0,0, A
2,30.76923076923077,"['Get out needle, thread, button, and clothing item.', 'Hold shirt with non-dominant hand']","['place button on cloth where it needs to go', 'Tie the end with a knot.']",place button on cloth where it needs to go,0,0, A
3,34.61538461538461,"['Get out needle, thread, button, and clothing item.', 'Hold shirt with non-dominant hand', 'place button on cloth where it needs to go']","['Thread a needle', 'Repeat procedure until button is secure']",Thread a needle,0,0, A
4,38.46153846153847,"['Get out needle, thread, button, and clothing item.', 'Hold shirt with non-dominant hand', 'place button on cloth where it needs to go', 'Thread a needle']","['Tie a knot a the end of the thread', 'Repeat this until the button is secure']",Tie a knot a the end of the thread,0,0, A
5,46.15384615384615,"['Get out needle, thread, button, and clothing item.', 'Hold shirt with non-dominant hand', 'place button on cloth where it needs to go', 'Thread a needle', 'Tie a knot a the end of the thread']","['sew the button on the garment', 'Prepare needle and thread.']",sew the button on the garment,0,0, A
6,88.46153846153845,"['Get out needle, thread, button, and clothing item.', 'Hold shirt with non-dominant hand', 'place button on cloth where it needs to go', 'Thread a needle', 'Tie a knot a the end of the thread', 'sew the button on the garment']","['Get button, thread, needle and scissors', 'Put all the items away']",Put all the items away,1,0, A
7,92.3076923076923,"['Get out needle, thread, button, and clothing item.', 'Hold shirt with non-dominant hand', 'place button on cloth where it needs to go', 'Thread a needle', 'Tie a knot a the end of the thread', 'sew the button on the garment', 'Put all the items away']","['Put thread through needle', 'MAKE SURE BUTTON IS SECURE']",MAKE SURE BUTTON IS SECURE,1,0, A
0,0.0,[],"['Thread needle with some thread.', 'Drive to fabric store']",Drive to fabric store,1,0, A
1,19.230769230769237,['Drive to fabric store'],"['Find thread that matches button color.', 'Keep sewing until the button is secure.']",Find thread that matches button color.,0,0, A
2,30.76923076923077,"['Drive to fabric store', 'Find thread that matches button color.']","['Repeat 4 or 5 times', 'Place button on fabric and hold with thumb and index finger']",Place button on fabric and hold with thumb and index finger,1,0, A
3,34.61538461538461,"['Drive to fabric store', 'Find thread that matches button color.', 'Place button on fabric and hold with thumb and index finger']","['push needle to back of the item', 'Position needle with thread']",Position needle with thread,1,0, A
4,42.30769230769231,"['Drive to fabric store', 'Find thread that matches button color.', 'Place button on fabric and hold with thumb and index finger', 'Position needle with thread']","['Cut length of thread', 'Get needle and thread']",Cut length of thread,0,0, A
5,61.53846153846154,"['Drive to fabric store', 'Find thread that matches button color.', 'Place button on fabric and hold with thumb and index finger', 'Position needle with thread', 'Cut length of thread']","['take needle bring up through the back of the item', 'break the thread']",take needle bring up through the back of the item,0,0, A
6,65.38461538461539,"['Drive to fabric store', 'Find thread that matches button color.', 'Place button on fabric and hold with thumb and index finger', 'Position needle with thread', 'Cut length of thread', 'take needle bring up through the back of the item']","['Get out needle, thread, button, and clothing item.', 'Slide button onto needle and thread.']",Slide button onto needle and thread.,1,0, A
7,69.23076923076923,"['Drive to fabric store', 'Find thread that matches button color.', 'Place button on fabric and hold with thumb and index finger', 'Position needle with thread', 'Cut length of thread', 'take needle bring up through the back of the item', 'Slide button onto needle and thread.']","['Pick a needle', 'Sew button through third hole']",Sew button through third hole,1,0, A
0,0.0,[],"['Drive to fabric store', 'Cut the thread.']",Drive to fabric store,0,0, A
1,19.230769230769237,['Drive to fabric store'],"['getting out thread', 'Tie the end with a knot.']",getting out thread,0,0, A
2,30.76923076923077,"['Drive to fabric store', 'getting out thread']","['Make a knot in fabric with thread behind the button', 'Line the button up in the place where the old one would have been']",Line the button up in the place where the old one would have been,1,0, A
3,50.0,"['Drive to fabric store', 'getting out thread', 'Line the button up in the place where the old one would have been']","['cut loose thread', 'put the needle into the fabric']",put the needle into the fabric,1,0, A
4,53.84615384615385,"['Drive to fabric store', 'getting out thread', 'Line the button up in the place where the old one would have been', 'put the needle into the fabric']","['Insert needle through other side of button on back side', 'MAKE SURE BUTTON IS SECURE']",Insert needle through other side of button on back side,0,0, A
5,76.92307692307693,"['Drive to fabric store', 'getting out thread', 'Line the button up in the place where the old one would have been', 'put the needle into the fabric', 'Insert needle through other side of button on back side']","['Get the piece of apparel that needs to sew the button on.', 'repeat 6 more times']",repeat 6 more times,1,0, A
6,80.76923076923077,"['Drive to fabric store', 'getting out thread', 'Line the button up in the place where the old one would have been', 'put the needle into the fabric', 'Insert needle through other side of button on back side', 'repeat 6 more times']","['Get the garment', 'Tie the end of the string so it will not unravel']",Tie the end of the string so it will not unravel,1,0, A
7,84.61538461538461,"['Drive to fabric store', 'getting out thread', 'Line the button up in the place where the old one would have been', 'put the needle into the fabric', 'Insert needle through other side of button on back side', 'repeat 6 more times', 'Tie the end of the string so it will not unravel']","['Cut thread.', 'Insert the thread through the button']",Cut thread.,0,0, A
8,88.46153846153845,"['Drive to fabric store', 'getting out thread', 'Line the button up in the place where the old one would have been', 'put the needle into the fabric', 'Insert needle through other side of button on back side', 'repeat 6 more times', 'Tie the end of the string so it will not unravel', 'Cut thread.']","['Grab a needle and thread', 'Put away thread and needle']",Put away thread and needle,1,0, A
9,92.3076923076923,"['Drive to fabric store', 'getting out thread', 'Line the button up in the place where the old one would have been', 'put the needle into the fabric', 'Insert needle through other side of button on back side', 'repeat 6 more times', 'Tie the end of the string so it will not unravel', 'Cut thread.', 'Put away thread and needle']","['Check new button', 'Find a spare button that matches the other buttons']",Check new button,0,0, A
0,0.0,[],"['Put the button in the correct spot.', 'Get sewing kit']",Get sewing kit,1,0, A
1,34.61538461538461,['Get sewing kit'],"['Continue to loop the needle and thread through the button holes.', 'Thread needle']",Thread needle,1,0, A
2,61.53846153846154,"['Get sewing kit', 'Thread needle']","['Put away needle and thread', 'push the needle through the button']",push the needle through the button,1,0, A
3,80.76923076923077,"['Get sewing kit', 'Thread needle', 'push the needle through the button']","['make sure button is secure', 'Take shirt']",make sure button is secure,0,0, A
0,0.0,[],"['Repeat 5 times with other two button holes', 'Get a thimble']",Get a thimble,1,0, A
1,30.76923076923077,['Get a thimble'],"['Put everything away.', 'Line the button up in the place where the old one would have been']",Line the button up in the place where the old one would have been,1,0, A
2,50.0,"['Get a thimble', 'Line the button up in the place where the old one would have been']","['find needle and thread', 'Stick the needle through']",Stick the needle through,1,0, A
3,80.76923076923077,"['Get a thimble', 'Line the button up in the place where the old one would have been', 'Stick the needle through']","['tie off the thread', 'Find needle and thread']",tie off the thread,0,0, A
4,84.61538461538461,"['Get a thimble', 'Line the button up in the place where the old one would have been', 'Stick the needle through', 'tie off the thread']","['get a new button', 'Cut loose ends']",Cut loose ends,1,0, A
5,88.46153846153845,"['Get a thimble', 'Line the button up in the place where the old one would have been', 'Stick the needle through', 'tie off the thread', 'Cut loose ends']","['Clean up.', 'grab a needle and string']",Clean up.,0,0, A
6,92.3076923076923,"['Get a thimble', 'Line the button up in the place where the old one would have been', 'Stick the needle through', 'tie off the thread', 'Cut loose ends', 'Clean up.']","['Check new button', 'THREAD THE THREAD ONTO THE NEEDLE']",Check new button,0,0, A
0,0.0,[],"['Get a thimble', 'Continue sewing in an X pattern until the button is secure.']",Get a thimble,0,0, A
1,15.384615384615383,['Get a thimble'],"['Cut excess thread', 'Choose thread color']",Choose thread color,1,0, A
2,30.76923076923077,"['Get a thimble', 'Choose thread color']","['Make knot between thread and clothing.', 'Place button on fabric']",Place button on fabric,1,0, A
3,46.15384615384615,"['Get a thimble', 'Choose thread color', 'Place button on fabric']","['FIND THE REPLACEMENT BUTTON', 'sew the button on carefully']",sew the button on carefully,1,0, A
4,50.0,"['Get a thimble', 'Choose thread color', 'Place button on fabric', 'sew the button on carefully']","['push the needle through the fabric', 'Cut thread']",push the needle through the fabric,0,0, A
5,65.38461538461539,"['Get a thimble', 'Choose thread color', 'Place button on fabric', 'sew the button on carefully', 'push the needle through the fabric']","['Cut excess thread', 'Cross over to perpendicular hole, push needle back through']","Cross over to perpendicular hole, push needle back through",1,0, A
6,76.92307692307693,"['Get a thimble', 'Choose thread color', 'Place button on fabric', 'sew the button on carefully', 'push the needle through the fabric', 'Cross over to perpendicular hole, push needle back through']","['tie a knot in thread', 'Repeat the inserting as above for about 10 times']",Repeat the inserting as above for about 10 times,1,0, A
0,0.0,[],"['put the needle in and out through the holes', 'Get out sewing kit']",Get out sewing kit,1,0, A
1,11.538461538461538,['Get out sewing kit'],"['Find a needle', 'When button is securely in place tie knot in thread at back of garment']",Find a needle,0,0, A
2,19.230769230769237,"['Get out sewing kit', 'Find a needle']","['Get thread', 'Use the needle to sew the broken button']",Get thread,0,0, A
3,30.76923076923077,"['Get out sewing kit', 'Find a needle', 'Get thread']","['Place button in desired position', 'Put needle through button and clothing.']",Place button in desired position,0,0, A
4,50.0,"['Get out sewing kit', 'Find a needle', 'Get thread', 'Place button in desired position']","['Put away needle and thread', 'push the needle through the fabric']",push the needle through the fabric,1,0, A
5,53.84615384615385,"['Get out sewing kit', 'Find a needle', 'Get thread', 'Place button in desired position', 'push the needle through the fabric']","['Use the needle to guide the thread', 'get thread']",Use the needle to guide the thread,0,0, A
0,0.0,[],"['Find sewing kit.', 'Use needle and thread to sew button']",Find sewing kit.,0,0, A
1,23.07692307692308,['Find sewing kit.'],"['find the button', ""Make sure it's secure""]",find the button,0,0, A
2,26.923076923076923,"['Find sewing kit.', 'find the button']","['carefully cut off old button if exists', 'Insert the needle from the bottom where the button is to be sewn']",carefully cut off old button if exists,0,0, A
3,30.76923076923077,"['Find sewing kit.', 'find the button', 'carefully cut off old button if exists']","['Tie the thread round in between the garment and button', 'place button on cloth where it needs to go']",place button on cloth where it needs to go,1,0, A
4,42.30769230769231,"['Find sewing kit.', 'find the button', 'carefully cut off old button if exists', 'place button on cloth where it needs to go']","['Slide button onto needle and thread.', 'Cut length of thread']",Cut length of thread,1,0, A
5,46.15384615384615,"['Find sewing kit.', 'find the button', 'carefully cut off old button if exists', 'place button on cloth where it needs to go', 'Cut length of thread']","['sew the button on carefully', 'Pick thread to use']",sew the button on carefully,0,0, A
6,80.76923076923077,"['Find sewing kit.', 'find the button', 'carefully cut off old button if exists', 'place button on cloth where it needs to go', 'Cut length of thread', 'sew the button on carefully']","['Tie off thread', 'Get clothing']",Tie off thread,0,0, A
7,88.46153846153845,"['Find sewing kit.', 'find the button', 'carefully cut off old button if exists', 'place button on cloth where it needs to go', 'Cut length of thread', 'sew the button on carefully', 'Tie off thread']","['Find button that matches lost button.', 'Put away needle and thread']",Put away needle and thread,1,0, A
8,92.3076923076923,"['Find sewing kit.', 'find the button', 'carefully cut off old button if exists', 'place button on cloth where it needs to go', 'Cut length of thread', 'sew the button on carefully', 'Tie off thread', 'Put away needle and thread']","['carefully cut off old button if exists', 'MAKE SURE BUTTON IS SECURE']",MAKE SURE BUTTON IS SECURE,1,0, A
0,0.0,[],"['Push the needle through the garment into the button', 'Find sewing kit.']",Find sewing kit.,1,0, A
1,11.538461538461538,['Find sewing kit.'],"['tie off thread', 'Get needle.']",Get needle.,1,0, A
2,15.384615384615383,"['Find sewing kit.', 'Get needle.']","['Find matching thread', 'Cut off excess thread']",Find matching thread,0,0, A
3,23.07692307692308,"['Find sewing kit.', 'Get needle.', 'Find matching thread']","['Cut the excess thread', 'Find a suitable button']",Find a suitable button,1,0, A
4,50.0,"['Find sewing kit.', 'Get needle.', 'Find matching thread', 'Find a suitable button']","['Push needle through the button hole into the fabric', 'Get thread and needle']",Push needle through the button hole into the fabric,0,0, A
5,65.38461538461539,"['Find sewing kit.', 'Get needle.', 'Find matching thread', 'Find a suitable button', 'Push needle through the button hole into the fabric']","['pull needle through to knot', 'Find matching button, or old button.']",pull needle through to knot,0,0, A
6,76.92307692307693,"['Find sewing kit.', 'Get needle.', 'Find matching thread', 'Find a suitable button', 'Push needle through the button hole into the fabric', 'pull needle through to knot']","['Insert the thread into the needle hole', 'Continue sewing.']",Continue sewing.,1,0, A
7,84.61538461538461,"['Find sewing kit.', 'Get needle.', 'Find matching thread', 'Find a suitable button', 'Push needle through the button hole into the fabric', 'pull needle through to knot', 'Continue sewing.']","['Find needle and thread', 'Snip excess thread off']",Snip excess thread off,1,0, A
0,0.0,[],"['Get out needle, thread, button, and clothing item.', 'Insert the needle from the bottom where the button is to be sewn']","Get out needle, thread, button, and clothing item.",0,0, A
1,26.923076923076923,"['Get out needle, thread, button, and clothing item.']","['Prepare garment for sewing', 'Cut thread.']",Prepare garment for sewing,0,0, A
2,34.61538461538461,"['Get out needle, thread, button, and clothing item.', 'Prepare garment for sewing']","['Thread the needle', 'Tie thread at end']",Thread the needle,0,0, A
3,53.84615384615385,"['Get out needle, thread, button, and clothing item.', 'Prepare garment for sewing', 'Thread the needle']","['With other hand, push needle through button hole', 'Take a needle and required thread']","With other hand, push needle through button hole",0,0, A
4,84.61538461538461,"['Get out needle, thread, button, and clothing item.', 'Prepare garment for sewing', 'Thread the needle', 'With other hand, push needle through button hole']","['Cut loose ends', 'Cut excess thread']",Cut loose ends,0,0, A
5,88.46153846153845,"['Get out needle, thread, button, and clothing item.', 'Prepare garment for sewing', 'Thread the needle', 'With other hand, push needle through button hole', 'Cut loose ends']","['Pick a needle', 'put sewing kit away']",put sewing kit away,1,0, A
0,0.0,[],"['Drive to fabric store', 'Place button where desired']",Drive to fabric store,0,0, A
1,19.230769230769237,['Drive to fabric store'],"['Get thread.', 'cut the thread']",Get thread.,0,0, A
2,34.61538461538461,"['Drive to fabric store', 'Get thread.']","['Tie knot to secure thread and button to clothes', 'Thread needle']",Thread needle,1,0, A
3,88.46153846153845,"['Drive to fabric store', 'Get thread.', 'Thread needle']","['Put all the items away', 'Purchase thread']",Put all the items away,0,0, A
0,0.0,[],"['get thread, needle, button to be sewn', 'thread the needle']","get thread, needle, button to be sewn",0,0, A
1,26.923076923076923,"['get thread, needle, button to be sewn']","['Get clothing', 'When button is securely in place tie knot in thread at back of garment']",Get clothing,0,0, A
2,34.61538461538461,"['get thread, needle, button to be sewn', 'Get clothing']","['Put thread through a needle.', 'Pull needle out other side.']",Put thread through a needle.,0,0, A
3,42.30769230769231,"['get thread, needle, button to be sewn', 'Get clothing', 'Put thread through a needle.']","['Cut thread string to how much is needed', ""Pull a thread of a matching color through the needle's eye""]",Cut thread string to how much is needed,0,0, A
4,46.15384615384615,"['get thread, needle, button to be sewn', 'Get clothing', 'Put thread through a needle.', 'Cut thread string to how much is needed']","['Put thread through buttonhole', 'Repeat for remaining holes']",Put thread through buttonhole,0,0, A
5,76.92307692307693,"['get thread, needle, button to be sewn', 'Get clothing', 'Put thread through a needle.', 'Cut thread string to how much is needed', 'Put thread through buttonhole']","['repeat until button is secure', 'Align button']",repeat until button is secure,0,0, A
0,0.0,[],"['Use needle and thread to sew button', 'Grab the fabric and button']",Grab the fabric and button,1,0, A
1,7.6923076923076925,['Grab the fabric and button'],"['Keep threading until the button is firmly attached', 'Find a needle and thread']",Find a needle and thread,1,0, A
2,26.923076923076923,"['Grab the fabric and button', 'Find a needle and thread']","['Tie the thread at the bottom of the button', 'Get the piece of apparel that needs to sew the button on.']",Get the piece of apparel that needs to sew the button on.,1,0, A
3,50.0,"['Grab the fabric and button', 'Find a needle and thread', 'Get the piece of apparel that needs to sew the button on.']","['Find thread that matches', 'Push needle through button and fabric.']",Push needle through button and fabric.,1,0, A
4,61.53846153846154,"['Grab the fabric and button', 'Find a needle and thread', 'Get the piece of apparel that needs to sew the button on.', 'Push needle through button and fabric.']","['Take the cloth to be sewed', 'Pull the needle until thread is completely on the other side of shirt']",Pull the needle until thread is completely on the other side of shirt,1,0, A
5,80.76923076923077,"['Grab the fabric and button', 'Find a needle and thread', 'Get the piece of apparel that needs to sew the button on.', 'Push needle through button and fabric.', 'Pull the needle until thread is completely on the other side of shirt']","['Tie thread at end', 'Get the sewing kit.']",Tie thread at end,0,0, A
6,88.46153846153845,"['Grab the fabric and button', 'Find a needle and thread', 'Get the piece of apparel that needs to sew the button on.', 'Push needle through button and fabric.', 'Pull the needle until thread is completely on the other side of shirt', 'Tie thread at end']","['Find thread that matches', 'Clean up.']",Clean up.,1,0, A
7,92.3076923076923,"['Grab the fabric and button', 'Find a needle and thread', 'Get the piece of apparel that needs to sew the button on.', 'Push needle through button and fabric.', 'Pull the needle until thread is completely on the other side of shirt', 'Tie thread at end', 'Clean up.']","['MAKE SURE BUTTON IS SECURE', 'Push needle through button and fabric.']",MAKE SURE BUTTON IS SECURE,0,0, A
0,0.0,[],"['Get button, thread, needle and scissors', 'Push needle through button and fabric.']","Get button, thread, needle and scissors",0,0, A
1,26.923076923076923,"['Get button, thread, needle and scissors']","['Put away needle and thread', 'Get clothing']",Get clothing,1,0, A
2,30.76923076923077,"['Get button, thread, needle and scissors', 'Get clothing']","['Place button where desired', 'Repeat several times until button is attached solidly to the fabric.']",Place button where desired,0,0, A
3,53.84615384615385,"['Get button, thread, needle and scissors', 'Get clothing', 'Place button where desired']","['Pull thread through opposite button hole', 'Find a button']",Pull thread through opposite button hole,0,0, A
4,76.92307692307693,"['Get button, thread, needle and scissors', 'Get clothing', 'Place button where desired', 'Pull thread through opposite button hole']","['Get a needle and thread.', 'Continue repeating pushing up and pushing thread back down']",Continue repeating pushing up and pushing thread back down,1,0, A
0,0.0,[],"['Drive to fabric store', 'Then push needle through material']",Drive to fabric store,0,0, A
1,19.230769230769237,['Drive to fabric store'],"['tie a knot at the end of the string', 'get some thread']",get some thread,1,0, A
2,23.07692307692308,"['Drive to fabric store', 'get some thread']","['Get a button to match', 'Move needle in and out of button holes to secure to shirt.']",Get a button to match,0,0, A
3,38.46153846153847,"['Drive to fabric store', 'get some thread', 'Get a button to match']","['Tie the end with a knot.', 'Tie knot in thread.']",Tie knot in thread.,1,0, A
4,42.30769230769231,"['Drive to fabric store', 'get some thread', 'Get a button to match', 'Tie knot in thread.']","['Cut about 16 inches worth of thread.', 'Tie the thread so the button will not come loose']",Cut about 16 inches worth of thread.,0,0, A
5,46.15384615384615,"['Drive to fabric store', 'get some thread', 'Get a button to match', 'Tie knot in thread.', 'Cut about 16 inches worth of thread.']","['Find needle', 'ATTACH BUTTON USING NEEDLE AND THREAD']",ATTACH BUTTON USING NEEDLE AND THREAD,1,0, A
6,76.92307692307693,"['Drive to fabric store', 'get some thread', 'Get a button to match', 'Tie knot in thread.', 'Cut about 16 inches worth of thread.', 'ATTACH BUTTON USING NEEDLE AND THREAD']","['Cut a length of thread more than double what you will need', 'Continue to loop the needle and thread through the button holes.']",Continue to loop the needle and thread through the button holes.,1,0, A
0,0.0,[],"['Sew button through second hole', 'Get button, thread, needle and scissors']","Get button, thread, needle and scissors",1,0, A
1,30.76923076923077,"['Get button, thread, needle and scissors']","['Pull needle and thread', 'Place button on item']",Place button on item,1,0, A
2,53.84615384615385,"['Get button, thread, needle and scissors', 'Place button on item']","['Push needle through button hole', 'Get thread and needle']",Push needle through button hole,0,0, A
3,57.692307692307686,"['Get button, thread, needle and scissors', 'Place button on item', 'Push needle through button hole']","['Find a button to sew.', 'Place needle through clothing.']",Place needle through clothing.,1,0, A
4,76.92307692307693,"['Get button, thread, needle and scissors', 'Place button on item', 'Push needle through button hole', 'Place needle through clothing.']","['Place button on fabric', 'Repeat through each button hole']",Repeat through each button hole,1,0, A
5,80.76923076923077,"['Get button, thread, needle and scissors', 'Place button on item', 'Push needle through button hole', 'Place needle through clothing.', 'Repeat through each button hole']","['Tie another knot at the end of the thread.', 'Determine proper placement for button']",Tie another knot at the end of the thread.,0,0, A
6,84.61538461538461,"['Get button, thread, needle and scissors', 'Place button on item', 'Push needle through button hole', 'Place needle through clothing.', 'Repeat through each button hole', 'Tie another knot at the end of the thread.']","['cut remaining thread away', 'THREAD THE THREAD ONTO THE NEEDLE']",cut remaining thread away,0,0, A
0,0.0,[],"['Grab the fabric and button', 'Use the needle to guide the thread']",Grab the fabric and button,0,0, A
1,7.6923076923076925,['Grab the fabric and button'],"['Continue until button is secure', 'Find a needle and thread']",Find a needle and thread,1,0, A
2,23.07692307692308,"['Grab the fabric and button', 'Find a needle and thread']","['cut thread so that need will detach', 'Take a matching button']",Take a matching button,1,0, A
3,61.53846153846154,"['Grab the fabric and button', 'Find a needle and thread', 'Take a matching button']","['Push needle through first hole', 'Cut excess thread']",Push needle through first hole,0,0, A
4,80.76923076923077,"['Grab the fabric and button', 'Find a needle and thread', 'Take a matching button', 'Push needle through first hole']","['Tie end in a knot', 'Thread needle']",Tie end in a knot,0,0, A
5,84.61538461538461,"['Grab the fabric and button', 'Find a needle and thread', 'Take a matching button', 'Push needle through first hole', 'Tie end in a knot']","['Cut off excess thread', 'Knot the ends of the thread together.']",Cut off excess thread,0,0, A
0,0.0,[],"['Drive to fabric store', 'Sew on']",Drive to fabric store,0,0, A
1,19.230769230769237,['Drive to fabric store'],"['getting out thread', 'Cut thread']",getting out thread,0,0, A
2,23.07692307692308,"['Drive to fabric store', 'getting out thread']","['put the needle in and out through the holes', 'Find a button to sew.']",Find a button to sew.,1,0, A
3,61.53846153846154,"['Drive to fabric store', 'getting out thread', 'Find a button to sew.']","['Put needle into one button hole through shirt.', 'Get thread.']",Put needle into one button hole through shirt.,0,0, A
4,65.38461538461539,"['Drive to fabric store', 'getting out thread', 'Find a button to sew.', 'Put needle into one button hole through shirt.']","['Cross over to perpendicular hole, push needle back through', 'Find thread color to match button or item requiring the button']","Cross over to perpendicular hole, push needle back through",0,0, A
5,69.23076923076923,"['Drive to fabric store', 'getting out thread', 'Find a button to sew.', 'Put needle into one button hole through shirt.', 'Cross over to perpendicular hole, push needle back through']","['Cut excess thread', 'Hold button in place']",Hold button in place,1,0, A
6,73.07692307692307,"['Drive to fabric store', 'getting out thread', 'Find a button to sew.', 'Put needle into one button hole through shirt.', 'Cross over to perpendicular hole, push needle back through', 'Hold button in place']","['Repeat for remaining holes', 'Thread needle']",Repeat for remaining holes,0,0, A
7,76.92307692307693,"['Drive to fabric store', 'getting out thread', 'Find a button to sew.', 'Put needle into one button hole through shirt.', 'Cross over to perpendicular hole, push needle back through', 'Hold button in place', 'Repeat for remaining holes']","['Repeat steps 4 through 6 about 30 times', 'place botton where you want it']",Repeat steps 4 through 6 about 30 times,0,0, A
0,0.0,[],"['Get a thimble', 'Put thread through needle hole']",Get a thimble,0,0, A
1,30.76923076923077,['Get a thimble'],"['Repeat for remaining holes', 'Put button in the right area']",Put button in the right area,1,0, A
2,46.15384615384615,"['Get a thimble', 'Put button in the right area']","['Proceed to insert needle into button holes and through clothing/ item until securely sewn', 'Find a needle and thread']",Proceed to insert needle into button holes and through clothing/ item until securely sewn,0,0, A
3,84.61538461538461,"['Get a thimble', 'Put button in the right area', 'Proceed to insert needle into button holes and through clothing/ item until securely sewn']","['Get button', 'Cut off remaining thread']",Cut off remaining thread,1,0, A
0,0.0,[],"['Put away thread and needle', 'Drive to fabric store']",Drive to fabric store,1,0, A
1,19.230769230769237,['Drive to fabric store'],"['Tie off finishing knot', 'Get thread.']",Get thread.,1,0, A
2,26.923076923076923,"['Drive to fabric store', 'Get thread.']","['cut the thread', 'Pick up shirt missing button.']",Pick up shirt missing button.,1,0, A
3,46.15384615384615,"['Drive to fabric store', 'Get thread.', 'Pick up shirt missing button.']","['Get thread', 'Pass the needle in and out of holes on button']",Pass the needle in and out of holes on button,1,0, A
4,76.92307692307693,"['Drive to fabric store', 'Get thread.', 'Pick up shirt missing button.', 'Pass the needle in and out of holes on button']","['Continue until the button is on tight', 'Thread needle']",Continue until the button is on tight,0,0, A
5,84.61538461538461,"['Drive to fabric store', 'Get thread.', 'Pick up shirt missing button.', 'Pass the needle in and out of holes on button', 'Continue until the button is on tight']","['Get a thimble', 'Cut thread']",Cut thread,1,0, A
6,88.46153846153845,"['Drive to fabric store', 'Get thread.', 'Pick up shirt missing button.', 'Pass the needle in and out of holes on button', 'Continue until the button is on tight', 'Cut thread']","['put items away when done', 'Take thread from sewing kit']",put items away when done,0,0, A
0,0.0,[],"['Get a thimble', 'thread the needle']",Get a thimble,0,0, A
1,26.923076923076923,['Get a thimble'],"['Get the item of clothing the button is to go on', 'Repeat procedure until button is secure']",Get the item of clothing the button is to go on,0,0, A
2,30.76923076923077,"['Get a thimble', 'Get the item of clothing the button is to go on']","['Tie ends.', 'Find the location where button needs to be sewn.']",Find the location where button needs to be sewn.,1,0, A
3,46.15384615384615,"['Get a thimble', 'Get the item of clothing the button is to go on', 'Find the location where button needs to be sewn.']","['Find button that matches others.', 'With needle and thread push needle through cloth and through button hole']",With needle and thread push needle through cloth and through button hole,1,0, A
4,76.92307692307693,"['Get a thimble', 'Get the item of clothing the button is to go on', 'Find the location where button needs to be sewn.', 'With needle and thread push needle through cloth and through button hole']","['Put an end of the thread through the eye of the needle', 'stitching the button on']",stitching the button on,1,0, A
0,0.0,[],"['cut thread from button', 'Take out sewing kit.']",Take out sewing kit.,1,0, A
1,34.61538461538461,['Take out sewing kit.'],"['Make knot between thread and clothing.', 'slide thread through hole']",slide thread through hole,1,0, A
2,53.84615384615385,"['Take out sewing kit.', 'slide thread through hole']","['Crisscross on the button', 'Look through sewing kit for a button that matches clothing.']",Crisscross on the button,0,0, A
3,61.53846153846154,"['Take out sewing kit.', 'slide thread through hole', 'Crisscross on the button']","['Check if the button is tight', 'Starting from the bottom, poke needle through hole in button']","Starting from the bottom, poke needle through hole in button",1,0, A
4,76.92307692307693,"['Take out sewing kit.', 'slide thread through hole', 'Crisscross on the button', 'Starting from the bottom, poke needle through hole in button']","['Do this through all holes of button', 'Find a button.']",Do this through all holes of button,0,0, A
5,80.76923076923077,"['Take out sewing kit.', 'slide thread through hole', 'Crisscross on the button', 'Starting from the bottom, poke needle through hole in button', 'Do this through all holes of button']","['Tie the end with a knot.', 'Put an end of the thread through the eye of the needle']",Tie the end with a knot.,0,0, A
6,88.46153846153845,"['Take out sewing kit.', 'slide thread through hole', 'Crisscross on the button', 'Starting from the bottom, poke needle through hole in button', 'Do this through all holes of button', 'Tie the end with a knot.']","['pull through on the other side', 'Clean up.']",Clean up.,1,0, A
7,92.3076923076923,"['Take out sewing kit.', 'slide thread through hole', 'Crisscross on the button', 'Starting from the bottom, poke needle through hole in button', 'Do this through all holes of button', 'Tie the end with a knot.', 'Clean up.']","['Find needle and thread', 'Check new button']",Check new button,1,0, A
0,0.0,[],"['Drive to fabric store', 'Cut excess thread']",Drive to fabric store,0,0, A
1,19.230769230769237,['Drive to fabric store'],"['Put supplies away', 'Take out right colored thread.']",Take out right colored thread.,1,0, A
2,30.76923076923077,"['Drive to fabric store', 'Take out right colored thread.']","['Place the button on the cloth', 'Cut off excess thread']",Place the button on the cloth,0,0, A
3,34.61538461538461,"['Drive to fabric store', 'Take out right colored thread.', 'Place the button on the cloth']","['tying a knot with thread', 'Place the thread through the needle']",Place the thread through the needle,1,0, A
4,50.0,"['Drive to fabric store', 'Take out right colored thread.', 'Place the button on the cloth', 'Place the thread through the needle']","['Put the thread through the button and start threading', 'Find thread that matches']",Put the thread through the button and start threading,0,0, A
5,61.53846153846154,"['Drive to fabric store', 'Take out right colored thread.', 'Place the button on the cloth', 'Place the thread through the needle', 'Put the thread through the button and start threading']","['Push needle through first hole', 'Get thread']",Push needle through first hole,0,0, A
6,80.76923076923077,"['Drive to fabric store', 'Take out right colored thread.', 'Place the button on the cloth', 'Place the thread through the needle', 'Put the thread through the button and start threading', 'Push needle through first hole']","['When done knot end.', 'Put the button in the correct spot.']",When done knot end.,0,0, A
7,88.46153846153845,"['Drive to fabric store', 'Take out right colored thread.', 'Place the button on the cloth', 'Place the thread through the needle', 'Put the thread through the button and start threading', 'Push needle through first hole', 'When done knot end.']","['Put away needle and thread', 'Pull til it stops at the knot, push through fabric and another button hole']",Put away needle and thread,0,0, A
0,0.0,[],"['Run needle and thread through button hole and fabric hole', 'Grab the fabric and button']",Grab the fabric and button,1,0, A
1,26.923076923076923,['Grab the fabric and button'],"['Find a piece of clothing.', 'Insert needle through first side of button (step 3)']",Find a piece of clothing.,0,0, A
2,34.61538461538461,"['Grab the fabric and button', 'Find a piece of clothing.']","['Thread a needle with thread that matches shirt that needs a new button.', 'Cut off the extra thread']",Thread a needle with thread that matches shirt that needs a new button.,0,0, A
3,38.46153846153847,"['Grab the fabric and button', 'Find a piece of clothing.', 'Thread a needle with thread that matches shirt that needs a new button.']","['Knot the ends of the thread together.', 'Get scissors, needle, button and thread']",Knot the ends of the thread together.,0,0, A
4,46.15384615384615,"['Grab the fabric and button', 'Find a piece of clothing.', 'Thread a needle with thread that matches shirt that needs a new button.', 'Knot the ends of the thread together.']","['Get button', 'Sew through holes or shank in button.']",Sew through holes or shank in button.,1,0, A
5,80.76923076923077,"['Grab the fabric and button', 'Find a piece of clothing.', 'Thread a needle with thread that matches shirt that needs a new button.', 'Knot the ends of the thread together.', 'Sew through holes or shank in button.']","['when done tie the end properly', 'Put button on shirt.']",when done tie the end properly,0,0, A
0,0.0,[],"['Get scissors, needle, button and thread', 'Loop thread to create knot in thread.']","Get scissors, needle, button and thread",0,0, A
1,30.76923076923077,"['Get scissors, needle, button and thread']","['cut the thread when finished', 'attach button']",attach button,1,0, A
2,46.15384615384615,"['Get scissors, needle, button and thread', 'attach button']","['Use needle to go through button holes', 'Choose thread to sew button on with.']",Use needle to go through button holes,0,0, A
3,76.92307692307693,"['Get scissors, needle, button and thread', 'attach button', 'Use needle to go through button holes']","['Pick a needle', 'Repeat 5 times with other two button holes']",Repeat 5 times with other two button holes,1,0, A
0,0.0,[],"['Get sewing kit', 'Tie off thread']",Get sewing kit,0,0, A
1,34.61538461538461,['Get sewing kit'],"['Thread needle', 'Tie off the thread']",Thread needle,0,0, A
2,88.46153846153845,"['Get sewing kit', 'Thread needle']","['put items away when done', 'Take button and put it on shirt where you want it']",put items away when done,0,0, A
3,92.3076923076923,"['Get sewing kit', 'Thread needle', 'put items away when done']","['MAKE SURE BUTTON IS SECURE', 'Put one end of thread through the eye of the needle.']",MAKE SURE BUTTON IS SECURE,0,0, A
0,0.0,[],"['Gather supplies', 'Starting from the bottom, poke needle through hole in button']",Gather supplies,0,0, A
1,15.384615384615383,['Gather supplies'],"['Find matching thread', 'Poke needle through opposite hole']",Find matching thread,0,0, A
2,30.76923076923077,"['Gather supplies', 'Find matching thread']","['Place button where desired', 'Get the sewing kit.']",Place button where desired,0,0, A
3,53.84615384615385,"['Gather supplies', 'Find matching thread', 'Place button where desired']","['Insert the needle into the button hole', 'Find a matching button']",Insert the needle into the button hole,0,0, A
4,84.61538461538461,"['Gather supplies', 'Find matching thread', 'Place button where desired', 'Insert the needle into the button hole']","['Thread the needle', 'Cut off excess thread']",Cut off excess thread,1,0, A
5,88.46153846153845,"['Gather supplies', 'Find matching thread', 'Place button where desired', 'Insert the needle into the button hole', 'Cut off excess thread']","['Pull it back out the other hole', 'Take out the needle']",Take out the needle,1,0, A
0,0.0,[],"['put the supplies away', 'Drive to fabric store']",Drive to fabric store,1,0, A
1,19.230769230769237,['Drive to fabric store'],"['Find thread that matches button color.', 'Pull through']",Find thread that matches button color.,0,0, A
2,23.07692307692308,"['Drive to fabric store', 'Find thread that matches button color.']","['Push through other holes', 'Find button']",Find button,1,0, A
3,61.53846153846154,"['Drive to fabric store', 'Find thread that matches button color.', 'Find button']","['Get a sewing needle.', 'Holding button at appropriate location, press needle through first hole on button.']","Holding button at appropriate location, press needle through first hole on button.",1,0, A
4,80.76923076923077,"['Drive to fabric store', 'Find thread that matches button color.', 'Find button', 'Holding button at appropriate location, press needle through first hole on button.']","['Get needle.', 'Tie end in a knot']",Tie end in a knot,1,0, A
0,0.0,[],"['Take shirt', 'Drive to fabric store']",Drive to fabric store,1,0, A
1,19.230769230769237,['Drive to fabric store'],"['Find a thread', 'Return the needle through the fabric and through a different button hole']",Find a thread,0,0, A
2,34.61538461538461,"['Drive to fabric store', 'Find a thread']","['Put thread through needle', 'put needle into adjoining hole']",Put thread through needle,0,0, A
3,50.0,"['Drive to fabric store', 'Find a thread', 'Put thread through needle']","['push needle to back of the item', 'Push needle through back of clothes and through hole of button']",Push needle through back of clothes and through hole of button,1,0, A
4,53.84615384615385,"['Drive to fabric store', 'Find a thread', 'Put thread through needle', 'Push needle through back of clothes and through hole of button']","['Find a button', 'Pull thread through and secure button']",Pull thread through and secure button,1,0, A
5,61.53846153846154,"['Drive to fabric store', 'Find a thread', 'Put thread through needle', 'Push needle through back of clothes and through hole of button', 'Pull thread through and secure button']","['Push needle through hole', 'gather garment for buttoning']",Push needle through hole,0,0, A
6,65.38461538461539,"['Drive to fabric store', 'Find a thread', 'Put thread through needle', 'Push needle through back of clothes and through hole of button', 'Pull thread through and secure button', 'Push needle through hole']","['Get clothing', 'Then push needle through material']",Then push needle through material,1,0, A
7,69.23076923076923,"['Drive to fabric store', 'Find a thread', 'Put thread through needle', 'Push needle through back of clothes and through hole of button', 'Pull thread through and secure button', 'Push needle through hole', 'Then push needle through material']","['get thread', 'put needle into adjoining hole']",put needle into adjoining hole,1,0, A
8,73.07692307692307,"['Drive to fabric store', 'Find a thread', 'Put thread through needle', 'Push needle through back of clothes and through hole of button', 'Pull thread through and secure button', 'Push needle through hole', 'Then push needle through material', 'put needle into adjoining hole']","['Push needle down through other button on hole', 'Push thread through needle and tie in a knot']",Push needle down through other button on hole,0,0, A
0,0.0,[],"['put items away when done', 'Get sewing kit']",Get sewing kit,1,0, A
1,7.6923076923076925,['Get sewing kit'],"['Push needle down through other button on hole', 'Find a needle and thread']",Find a needle and thread,1,0, A
2,30.76923076923077,"['Get sewing kit', 'Find a needle and thread']","['attach button', 'Make knot between thread and clothing.']",attach button,0,0, A
3,34.61538461538461,"['Get sewing kit', 'Find a needle and thread', 'attach button']","['Repeat 4 or 5 times', 'thread a needle']",thread a needle,1,0, A
4,53.84615384615385,"['Get sewing kit', 'Find a needle and thread', 'attach button', 'thread a needle']","['Find a needle and thread', 'Return the needle through the fabric and through a different button hole']",Return the needle through the fabric and through a different button hole,1,0, A
5,80.76923076923077,"['Get sewing kit', 'Find a needle and thread', 'attach button', 'thread a needle', 'Return the needle through the fabric and through a different button hole']","['tie off thread', 'gather button']",tie off thread,0,0, A
6,88.46153846153845,"['Get sewing kit', 'Find a needle and thread', 'attach button', 'thread a needle', 'Return the needle through the fabric and through a different button hole', 'tie off thread']","['gather needle', 'put needle and thread away']",put needle and thread away,1,0, A
0,0.0,[],"['Get scissors, needle, button and thread', 'Knot the end to make it stay']","Get scissors, needle, button and thread",0,0, A
1,15.384615384615383,"['Get scissors, needle, button and thread']","['Find right color string', 'Tie end in a knot']",Find right color string,0,0, A
2,30.76923076923077,"['Get scissors, needle, button and thread', 'Find right color string']","['Push needle through other hole of button and through clothes', 'Put button in the right area']",Put button in the right area,1,0, A
3,53.84615384615385,"['Get scissors, needle, button and thread', 'Find right color string', 'Put button in the right area']","['Find sewing kit', 'pass needle through needle hole in button']",pass needle through needle hole in button,1,0, A
4,76.92307692307693,"['Get scissors, needle, button and thread', 'Find right color string', 'Put button in the right area', 'pass needle through needle hole in button']","['Repeat through each button hole', 'Find an extra button']",Repeat through each button hole,0,0, A
0,0.0,[],"['Thread the needle', 'Get button, thread, needle and scissors']","Get button, thread, needle and scissors",1,0, A
1,26.923076923076923,"['Get button, thread, needle and scissors']","['Cut thread close to knot.', 'Take shirt']",Take shirt,1,0, A
2,30.76923076923077,"['Get button, thread, needle and scissors', 'Take shirt']","[""Make 4 x's in button."", 'Put button in proper place']",Put button in proper place,1,0, A
3,53.84615384615385,"['Get button, thread, needle and scissors', 'Take shirt', 'Put button in proper place']","['Find a needle and thread', 'Push needle through button hole']",Push needle through button hole,1,0, A
4,84.61538461538461,"['Get button, thread, needle and scissors', 'Take shirt', 'Put button in proper place', 'Push needle through button hole']","['Thread needle', 'Cut the thread']",Cut the thread,1,0, A
0,0.0,[],"['Find sewing kit.', 'Tie the thread so the button will not come loose']",Find sewing kit.,0,0, A
1,19.230769230769237,['Find sewing kit.'],"['Find some thread', 'When done knot end.']",Find some thread,0,0, A
2,30.76923076923077,"['Find sewing kit.', 'Find some thread']","['Position button on shirt', 'Continue repeating pushing up and pushing thread back down']",Position button on shirt,0,0, A
3,50.0,"['Find sewing kit.', 'Find some thread', 'Position button on shirt']","['Select thread of correct color', 'pull through on the other side']",pull through on the other side,1,0, A
4,61.53846153846154,"['Find sewing kit.', 'Find some thread', 'Position button on shirt', 'pull through on the other side']","['Get thread and needle', 'take needle bring up through the back of the item']",take needle bring up through the back of the item,1,0, A
5,65.38461538461539,"['Find sewing kit.', 'Find some thread', 'Position button on shirt', 'pull through on the other side', 'take needle bring up through the back of the item']","['tie the thread to the sewing needle', 'Cross over to perpendicular hole, push needle back through']","Cross over to perpendicular hole, push needle back through",1,0, A
6,76.92307692307693,"['Find sewing kit.', 'Find some thread', 'Position button on shirt', 'pull through on the other side', 'take needle bring up through the back of the item', 'Cross over to perpendicular hole, push needle back through']","['Repeat several times, going through a different hole each time.', 'Get the piece of apparel that needs to sew the button on.']","Repeat several times, going through a different hole each time.",0,0, A
0,0.0,[],"['Cut thread', 'Grab the fabric and button']",Grab the fabric and button,1,0, A
1,26.923076923076923,['Grab the fabric and button'],"['Use scissors to cut thread', 'Get the item of clothing the button is to go on']",Get the item of clothing the button is to go on,1,0, A
2,46.15384615384615,"['Grab the fabric and button', 'Get the item of clothing the button is to go on']","['use needle and thread to sew button onto shirt', 'Check if the button is tight']",use needle and thread to sew button onto shirt,0,0, A
3,84.61538461538461,"['Grab the fabric and button', 'Get the item of clothing the button is to go on', 'use needle and thread to sew button onto shirt']","['Look through sewing kit for a button that matches clothing.', 'Cut thread']",Cut thread,1,0, A
4,88.46153846153845,"['Grab the fabric and button', 'Get the item of clothing the button is to go on', 'use needle and thread to sew button onto shirt', 'Cut thread']","['Put everything away.', 'Find a button']",Put everything away.,0,0, A
0,0.0,[],"['Drive to fabric store', 'Place item on flat surface']",Drive to fabric store,0,0, A
1,19.230769230769237,['Drive to fabric store'],"['Sew button onto item', 'Choose thread to sew button on with.']",Choose thread to sew button on with.,1,0, A
2,23.07692307692308,"['Drive to fabric store', 'Choose thread to sew button on with.']","['Continue until button is secure', 'get button']",get button,1,0, A
3,34.61538461538461,"['Drive to fabric store', 'Choose thread to sew button on with.', 'get button']","['Continue sewing.', 'Hook thread through needle']",Hook thread through needle,1,0, A
4,53.84615384615385,"['Drive to fabric store', 'Choose thread to sew button on with.', 'get button', 'Hook thread through needle']","['Thread needle', 'repeat the same way']",repeat the same way,1,0, A
5,84.61538461538461,"['Drive to fabric store', 'Choose thread to sew button on with.', 'get button', 'Hook thread through needle', 'repeat the same way']","['break the thread', 'getting out thread']",break the thread,0,0, A
0,0.0,[],"['Push needle through first hole', 'Get a thimble']",Get a thimble,1,0, A
1,26.923076923076923,['Get a thimble'],"['Tie the end with a knot.', 'gather garment for buttoning']",gather garment for buttoning,1,0, A
2,46.15384615384615,"['Get a thimble', 'gather garment for buttoning']","['Select a button', 'sew the button on carefully']",sew the button on carefully,1,0, A
3,50.0,"['Get a thimble', 'gather garment for buttoning', 'sew the button on carefully']","['Starting on inside of garment, push through with needle.', 'Get needle']","Starting on inside of garment, push through with needle.",0,0, A
4,76.92307692307693,"['Get a thimble', 'gather garment for buttoning', 'sew the button on carefully', 'Starting on inside of garment, push through with needle.']","['Get the garment', 'Continue sewing.']",Continue sewing.,1,0, A
5,80.76923076923077,"['Get a thimble', 'gather garment for buttoning', 'sew the button on carefully', 'Starting on inside of garment, push through with needle.', 'Continue sewing.']","['Tie end in a knot', 'Hold shirt with non-dominant hand']",Tie end in a knot,0,0, A
0,0.0,[],"['Put needle through button and clothing.', 'Drive to fabric store']",Drive to fabric store,1,0, A
1,19.230769230769237,['Drive to fabric store'],"['Get thread.', 'Slide button onto needle and thread.']",Get thread.,0,0, A
2,23.07692307692308,"['Drive to fabric store', 'Get thread.']","['Run needle and thread through button hole and fabric hole', 'get a new button']",get a new button,1,0, A
3,61.53846153846154,"['Drive to fabric store', 'Get thread.', 'get a new button']","['Purchase thread', 'Push needle through hole']",Push needle through hole,1,0, A
4,80.76923076923077,"['Drive to fabric store', 'Get thread.', 'get a new button', 'Push needle through hole']","['thread the needle', 'Tie the thread']",Tie the thread,1,0, A
5,84.61538461538461,"['Drive to fabric store', 'Get thread.', 'get a new button', 'Push needle through hole', 'Tie the thread']","['Cut thread.', 'Gather supplies']",Cut thread.,0,0, A
6,88.46153846153845,"['Drive to fabric store', 'Get thread.', 'get a new button', 'Push needle through hole', 'Tie the thread', 'Cut thread.']","['Get your sewing kit', 'Clean up.']",Clean up.,1,0, A
0,0.0,[],"['Get out sewing kit.', 'Continue until the button is on tight']",Get out sewing kit.,0,0, A
1,11.538461538461538,['Get out sewing kit.'],"['Take needle from sewing kit', 'Pass thread through button holes.']",Take needle from sewing kit,0,0, A
2,19.230769230769237,"['Get out sewing kit.', 'Take needle from sewing kit']","['Choose thread to sew button on with.', 'Tie off thread']",Choose thread to sew button on with.,0,0, A
3,23.07692307692308,"['Get out sewing kit.', 'Take needle from sewing kit', 'Choose thread to sew button on with.']","['Take out the needle', 'Acquire new button']",Acquire new button,1,0, A
4,38.46153846153847,"['Get out sewing kit.', 'Take needle from sewing kit', 'Choose thread to sew button on with.', 'Acquire new button']","['Get thread and needle', 'Tie knot in thread.']",Tie knot in thread.,1,0, A
5,61.53846153846154,"['Get out sewing kit.', 'Take needle from sewing kit', 'Choose thread to sew button on with.', 'Acquire new button', 'Tie knot in thread.']","['Holding button at appropriate location, press needle through first hole on button.', 'Find needle and thread']","Holding button at appropriate location, press needle through first hole on button.",0,0, A
6,65.38461538461539,"['Get out sewing kit.', 'Take needle from sewing kit', 'Choose thread to sew button on with.', 'Acquire new button', 'Tie knot in thread.', 'Holding button at appropriate location, press needle through first hole on button.']","['Cross over to perpendicular hole, push needle back through', 'Put away needle and thread']","Cross over to perpendicular hole, push needle back through",0,0, A
7,69.23076923076923,"['Get out sewing kit.', 'Take needle from sewing kit', 'Choose thread to sew button on with.', 'Acquire new button', 'Tie knot in thread.', 'Holding button at appropriate location, press needle through first hole on button.', 'Cross over to perpendicular hole, push needle back through']","['Find a piece of clothing.', 'put needle into adjoining hole']",put needle into adjoining hole,1,0, A
0,0.0,[],"['Put needle into one button hole through shirt.', 'Drive to fabric store']",Drive to fabric store,1,0, A
1,19.230769230769237,['Drive to fabric store'],"['cut the thread when finished', 'Get thread']",Get thread,1,0, A
2,30.76923076923077,"['Drive to fabric store', 'Get thread']","['Place button on fabric and hold with thumb and index finger', 'Put all the items away']",Place button on fabric and hold with thumb and index finger,0,0, A
3,46.15384615384615,"['Drive to fabric store', 'Get thread', 'Place button on fabric and hold with thumb and index finger']","['Sew button onto item', 'Get needle']",Sew button onto item,0,0, A
0,0.0,[],"['measure and cut length of thread', 'Drive to fabric store']",Drive to fabric store,1,0, A
1,19.230769230769237,['Drive to fabric store'],"['Continue to loop the needle and thread through the button holes.', 'get some thread']",get some thread,1,0, A
2,30.76923076923077,"['Drive to fabric store', 'get some thread']","['Place button on shirt', 'Repeat until button is tight']",Place button on shirt,0,0, A
3,42.30769230769231,"['Drive to fabric store', 'get some thread', 'Place button on shirt']","['Get needle', 'Cut excess thread']",Cut excess thread,1,0, A
4,46.15384615384615,"['Drive to fabric store', 'get some thread', 'Place button on shirt', 'Cut excess thread']","['Insert the needle with thread in button hole and shirt', 'Choose button that I like']",Insert the needle with thread in button hole and shirt,0,0, A
5,53.84615384615385,"['Drive to fabric store', 'get some thread', 'Place button on shirt', 'Cut excess thread', 'Insert the needle with thread in button hole and shirt']","['Put the needle and thread away', 'Continue to push and pull needle through button holes until button is secure']",Continue to push and pull needle through button holes until button is secure,1,0, A
6,57.692307692307686,"['Drive to fabric store', 'get some thread', 'Place button on shirt', 'Cut excess thread', 'Insert the needle with thread in button hole and shirt', 'Continue to push and pull needle through button holes until button is secure']","['Cut the thread', 'Insert the needle back into the garment from the top of the button']",Insert the needle back into the garment from the top of the button,1,0, A
7,61.53846153846154,"['Drive to fabric store', 'get some thread', 'Place button on shirt', 'Cut excess thread', 'Insert the needle with thread in button hole and shirt', 'Continue to push and pull needle through button holes until button is secure', 'Insert the needle back into the garment from the top of the button']","['Put needle into one button hole through shirt.', 'put needle and thread away']",Put needle into one button hole through shirt.,0,0, A
8,65.38461538461539,"['Drive to fabric store', 'get some thread', 'Place button on shirt', 'Cut excess thread', 'Insert the needle with thread in button hole and shirt', 'Continue to push and pull needle through button holes until button is secure', 'Insert the needle back into the garment from the top of the button', 'Put needle into one button hole through shirt.']","['Gather supplies', 'Pull needle out other side.']",Pull needle out other side.,1,0, A
9,69.23076923076923,"['Drive to fabric store', 'get some thread', 'Place button on shirt', 'Cut excess thread', 'Insert the needle with thread in button hole and shirt', 'Continue to push and pull needle through button holes until button is secure', 'Insert the needle back into the garment from the top of the button', 'Put needle into one button hole through shirt.', 'Pull needle out other side.']","['Mark on clothing where button is to go', 'Get back the needle through the third button hole']",Get back the needle through the third button hole,1,0, A
10,73.07692307692307,"['Drive to fabric store', 'get some thread', 'Place button on shirt', 'Cut excess thread', 'Insert the needle with thread in button hole and shirt', 'Continue to push and pull needle through button holes until button is secure', 'Insert the needle back into the garment from the top of the button', 'Put needle into one button hole through shirt.', 'Pull needle out other side.', 'Get back the needle through the third button hole']","['Cut excess thread', 'Pull needle and thread']",Pull needle and thread,1,0, A
0,0.0,[],"['Gather supplies', 'Start sewing going into the back of the garment.']",Gather supplies,0,0, A
1,26.923076923076923,['Gather supplies'],"['Cut thread', 'Hold shirt with non-dominant hand']",Hold shirt with non-dominant hand,1,0, A
2,34.61538461538461,"['Gather supplies', 'Hold shirt with non-dominant hand']","['Tie knot to secure thread and button to clothes', 'Thread the needle']",Thread the needle,1,0, A
3,38.46153846153847,"['Gather supplies', 'Hold shirt with non-dominant hand', 'Thread the needle']","['tie knot at end of thread', 'Push needle down through other button on hole']",tie knot at end of thread,0,0, A
4,46.15384615384615,"['Gather supplies', 'Hold shirt with non-dominant hand', 'Thread the needle', 'tie knot at end of thread']","['sew onto fabric securely', 'Take out sewing kit']",sew onto fabric securely,0,0, A
5,88.46153846153845,"['Gather supplies', 'Hold shirt with non-dominant hand', 'Thread the needle', 'tie knot at end of thread', 'sew onto fabric securely']","['Put away thread and needle', 'Find some thread and needle']",Put away thread and needle,0,0, A
0,0.0,[],"['Find sewing kit.', 'Put away needle and thread']",Find sewing kit.,0,0, A
1,23.07692307692308,['Find sewing kit.'],"['Find button', 'Keep sewing until the button is secure.']",Find button,0,0, A
2,26.923076923076923,"['Find sewing kit.', 'Find button']","['Repeat for remaining holes', 'grab object the button is being sewed']",grab object the button is being sewed,1,0, A
3,30.76923076923077,"['Find sewing kit.', 'Find button', 'grab object the button is being sewed']","['Tie thread at end', 'Place the button on the cloth']",Place the button on the cloth,1,0, A
4,46.15384615384615,"['Find sewing kit.', 'Find button', 'grab object the button is being sewed', 'Place the button on the cloth']","['Pass thread through button holes.', 'Cut a length of thread more than double what you will need']",Pass thread through button holes.,0,0, A
5,53.84615384615385,"['Find sewing kit.', 'Find button', 'grab object the button is being sewed', 'Place the button on the cloth', 'Pass thread through button holes.']","['Find a needle and thread', 'Continue to push and pull needle through button holes until button is secure']",Continue to push and pull needle through button holes until button is secure,1,0, A
6,76.92307692307693,"['Find sewing kit.', 'Find button', 'grab object the button is being sewed', 'Place the button on the cloth', 'Pass thread through button holes.', 'Continue to push and pull needle through button holes until button is secure']","['Pick a needle', 'Keep sewing until the button is secure.']",Keep sewing until the button is secure.,1,0, A
7,84.61538461538461,"['Find sewing kit.', 'Find button', 'grab object the button is being sewed', 'Place the button on the cloth', 'Pass thread through button holes.', 'Continue to push and pull needle through button holes until button is secure', 'Keep sewing until the button is secure.']","['Cut off remaining thread', 'Get your sewing kit']",Cut off remaining thread,0,0, A
8,88.46153846153845,"['Find sewing kit.', 'Find button', 'grab object the button is being sewed', 'Place the button on the cloth', 'Pass thread through button holes.', 'Continue to push and pull needle through button holes until button is secure', 'Keep sewing until the button is secure.', 'Cut off remaining thread']","['Take the cloth to be sewed', 'put the supplies away']",put the supplies away,1,0, A
9,92.3076923076923,"['Find sewing kit.', 'Find button', 'grab object the button is being sewed', 'Place the button on the cloth', 'Pass thread through button holes.', 'Continue to push and pull needle through button holes until button is secure', 'Keep sewing until the button is secure.', 'Cut off remaining thread', 'put the supplies away']","['Apply button by driving needle through button', 'Check new button']",Check new button,1,0, A
0,0.0,[],"['get sewing kit', 'Tie knot']",get sewing kit,0,0, A
1,19.230769230769237,['get sewing kit'],"['tying a knot with thread', 'Get thread']",Get thread,1,0, A
2,34.61538461538461,"['get sewing kit', 'Get thread']","['Tie the thread round in between the garment and button', 'Thread needle with some thread.']",Thread needle with some thread.,1,0, A
3,50.0,"['get sewing kit', 'Get thread', 'Thread needle with some thread.']","[""Pull a thread of a matching color through the needle's eye"", 'Put the thread through the button and start threading']",Put the thread through the button and start threading,1,0, A
4,61.53846153846154,"['get sewing kit', 'Get thread', 'Thread needle with some thread.', 'Put the thread through the button and start threading']","['find shirt with missing button', 'Pull the needle until thread is completely on the other side of shirt']",Pull the needle until thread is completely on the other side of shirt,1,0, A
5,76.92307692307693,"['get sewing kit', 'Get thread', 'Thread needle with some thread.', 'Put the thread through the button and start threading', 'Pull the needle until thread is completely on the other side of shirt']","['stitching the button on', 'Thread a needle']",stitching the button on,0,0, A
6,80.76923076923077,"['get sewing kit', 'Get thread', 'Thread needle with some thread.', 'Put the thread through the button and start threading', 'Pull the needle until thread is completely on the other side of shirt', 'stitching the button on']","['Tie the thread', 'place button where you want it']",Tie the thread,0,0, A
7,88.46153846153845,"['get sewing kit', 'Get thread', 'Thread needle with some thread.', 'Put the thread through the button and start threading', 'Pull the needle until thread is completely on the other side of shirt', 'stitching the button on', 'Tie the thread']","['Put needle through one hole', 'Put everything away.']",Put everything away.,1,0, A
8,92.3076923076923,"['get sewing kit', 'Get thread', 'Thread needle with some thread.', 'Put the thread through the button and start threading', 'Pull the needle until thread is completely on the other side of shirt', 'stitching the button on', 'Tie the thread', 'Put everything away.']","['Get out sewing kit', 'MAKE SURE BUTTON IS SECURE']",MAKE SURE BUTTON IS SECURE,1,0, A
0,0.0,[],"['Push the needle through one button hole and back out another hole', 'Drive to fabric store']",Drive to fabric store,1,0, A
1,19.230769230769237,['Drive to fabric store'],"['Find thread that matches', 'Put away needle and thread']",Find thread that matches,0,0, A
2,30.76923076923077,"['Drive to fabric store', 'Find thread that matches']","['Line the button back into place', 'Bring the needle up through another hole on button.']",Line the button back into place,0,0, A
3,34.61538461538461,"['Drive to fabric store', 'Find thread that matches', 'Line the button back into place']","['Push needle down through other button on hole', 'Put thread end through eye of needle']",Put thread end through eye of needle,1,0, A
4,38.46153846153847,"['Drive to fabric store', 'Find thread that matches', 'Line the button back into place', 'Put thread end through eye of needle']","['Tie a knot a the end of the thread', 'Make a knot']",Tie a knot a the end of the thread,0,0, A
5,46.15384615384615,"['Drive to fabric store', 'Find thread that matches', 'Line the button back into place', 'Put thread end through eye of needle', 'Tie a knot a the end of the thread']","['Get thread and needle', 'ATTACH BUTTON USING NEEDLE AND THREAD']",ATTACH BUTTON USING NEEDLE AND THREAD,1,0, A
6,50.0,"['Drive to fabric store', 'Find thread that matches', 'Line the button back into place', 'Put thread end through eye of needle', 'Tie a knot a the end of the thread', 'ATTACH BUTTON USING NEEDLE AND THREAD']","['Push needle through the button holes', 'Get some thread.']",Push needle through the button holes,0,0, A
7,53.84615384615385,"['Drive to fabric store', 'Find thread that matches', 'Line the button back into place', 'Put thread end through eye of needle', 'Tie a knot a the end of the thread', 'ATTACH BUTTON USING NEEDLE AND THREAD', 'Push needle through the button holes']","['pass needle through needle hole in button', 'getting out thread']",pass needle through needle hole in button,0,0, A
0,0.0,[],"['Drive to fabric store', 'Move needle in and out of button holes to secure to shirt.']",Drive to fabric store,0,0, A
1,19.230769230769237,['Drive to fabric store'],"['Get some thread.', 'Cut about 16 inches worth of thread.']",Get some thread.,0,0, A
2,30.76923076923077,"['Drive to fabric store', 'Get some thread.']","['Tie the end with a knot.', 'Put the button in the correct spot.']",Put the button in the correct spot.,1,0, A
3,50.0,"['Drive to fabric store', 'Get some thread.', 'Put the button in the correct spot.']","['Choose thread color', 'Push needle through button and fabric.']",Push needle through button and fabric.,1,0, A
4,80.76923076923077,"['Drive to fabric store', 'Get some thread.', 'Put the button in the correct spot.', 'Push needle through button and fabric.']","['get sewing kit', 'Tie the end of the string so it will not unravel']",Tie the end of the string so it will not unravel,1,0, A
5,88.46153846153845,"['Drive to fabric store', 'Get some thread.', 'Put the button in the correct spot.', 'Push needle through button and fabric.', 'Tie the end of the string so it will not unravel']","['carefully cut off old button if exists', 'Put needle and thread back in drawer']",Put needle and thread back in drawer,1,0, A
0,0.0,[],"['Run needle and thread through button hole and fabric hole', 'Grab the fabric and button']",Grab the fabric and button,1,0, A
1,26.923076923076923,['Grab the fabric and button'],"['Lay down garment', 'Tie knot.']",Lay down garment,0,0, A
2,34.61538461538461,"['Grab the fabric and button', 'Lay down garment']","['attach string to needle', 'tie a knot at the end of the string']",attach string to needle,0,0, A
3,46.15384615384615,"['Grab the fabric and button', 'Lay down garment', 'attach string to needle']","['Get needle', 'sew the button on the garment']",sew the button on the garment,1,0, A
4,88.46153846153845,"['Grab the fabric and button', 'Lay down garment', 'attach string to needle', 'sew the button on the garment']","['Put all the items away', 'pull the needle through']",Put all the items away,0,0, A
0,0.0,[],"['Tie off knot with thread.', 'Get your sewing kit']",Get your sewing kit,1,0, A
1,7.6923076923076925,['Get your sewing kit'],"['Take out thread and needle', 'Cut thread.']",Take out thread and needle,0,0, A
2,34.61538461538461,"['Get your sewing kit', 'Take out thread and needle']","['Repeat for all holes to reinforce', 'Insert the thread into the needle hole']",Insert the thread into the needle hole,1,0, A
3,42.30769230769231,"['Get your sewing kit', 'Take out thread and needle', 'Insert the thread into the needle hole']","['Cut excess thread', 'make sure button is secure']",Cut excess thread,0,0, A
4,46.15384615384615,"['Get your sewing kit', 'Take out thread and needle', 'Insert the thread into the needle hole', 'Cut excess thread']","['Get button', 'Use needle to go through button holes']",Use needle to go through button holes,1,0, A
5,84.61538461538461,"['Get your sewing kit', 'Take out thread and needle', 'Insert the thread into the needle hole', 'Cut excess thread', 'Use needle to go through button holes']","['slide thread through hole', 'Cut thread']",Cut thread,1,0, A
0,0.0,[],"['Place button on desired spot on shirt.', 'Drive to fabric store']",Drive to fabric store,1,0, A
1,19.230769230769237,['Drive to fabric store'],"['Pull til it stops at the knot, push through fabric and another button hole', 'Take thread from sewing kit']",Take thread from sewing kit,1,0, A
2,26.923076923076923,"['Drive to fabric store', 'Take thread from sewing kit']","['take the cloth to be sewed', 'Crisscross on the button']",take the cloth to be sewed,0,0, A
3,50.0,"['Drive to fabric store', 'Take thread from sewing kit', 'take the cloth to be sewed']","['Cut away any extra string', 'Starting on inside of garment, push through with needle.']","Starting on inside of garment, push through with needle.",1,0, A
4,76.92307692307693,"['Drive to fabric store', 'Take thread from sewing kit', 'take the cloth to be sewed', 'Starting on inside of garment, push through with needle.']","['Repeat for all holes to reinforce', 'Thread the needle and tie a knot at end of thread.']",Repeat for all holes to reinforce,0,0, A
5,80.76923076923077,"['Drive to fabric store', 'Take thread from sewing kit', 'take the cloth to be sewed', 'Starting on inside of garment, push through with needle.', 'Repeat for all holes to reinforce']","['find shirt with missing button', 'When button is securely in place tie knot in thread at back of garment']",When button is securely in place tie knot in thread at back of garment,1,0, A
6,88.46153846153845,"['Drive to fabric store', 'Take thread from sewing kit', 'take the cloth to be sewed', 'Starting on inside of garment, push through with needle.', 'Repeat for all holes to reinforce', 'When button is securely in place tie knot in thread at back of garment']","['Get out needle', 'Put the needle and thread away']",Put the needle and thread away,1,0, A
7,92.3076923076923,"['Drive to fabric store', 'Take thread from sewing kit', 'take the cloth to be sewed', 'Starting on inside of garment, push through with needle.', 'Repeat for all holes to reinforce', 'When button is securely in place tie knot in thread at back of garment', 'Put the needle and thread away']","['Sew through the holes of the button', 'MAKE SURE BUTTON IS SECURE']",MAKE SURE BUTTON IS SECURE,1,0, A
0,0.0,[],"['get thread, needle, button to be sewn', 'Fix the thread in the needle']","get thread, needle, button to be sewn",0,0, A
1,26.923076923076923,"['get thread, needle, button to be sewn']","['Get the garment', 'Push needle under material to next hole']",Get the garment,0,0, A
2,30.76923076923077,"['get thread, needle, button to be sewn', 'Get the garment']","['tie off the thread', 'line new button up with corresponding button hole']",line new button up with corresponding button hole,1,0, A
3,50.0,"['get thread, needle, button to be sewn', 'Get the garment', 'line new button up with corresponding button hole']","['Get needle', 'Stick the needle through']",Stick the needle through,1,0, A
4,65.38461538461539,"['get thread, needle, button to be sewn', 'Get the garment', 'line new button up with corresponding button hole', 'Stick the needle through']","['Push needle through other hole of button and through clothes', 'Find needle']",Push needle through other hole of button and through clothes,0,0, A
5,76.92307692307693,"['get thread, needle, button to be sewn', 'Get the garment', 'line new button up with corresponding button hole', 'Stick the needle through', 'Push needle through other hole of button and through clothes']","['Continue sewing.', 'Get out sewing kit.']",Continue sewing.,0,0, A
0,0.0,[],"['put the supplies away', 'Get out needle, thread, button, and clothing item.']","Get out needle, thread, button, and clothing item.",1,0, A
1,30.76923076923077,"['Get out needle, thread, button, and clothing item.']","['Position button in correct place.', 'Take out sewing kit']",Position button in correct place.,0,0, A
2,61.53846153846154,"['Get out needle, thread, button, and clothing item.', 'Position button in correct place.']","['Pull thread through', 'GET SOME NEEDLE AND THREAD']",Pull thread through,0,0, A
3,65.38461538461539,"['Get out needle, thread, button, and clothing item.', 'Position button in correct place.', 'Pull thread through']","['Get a needle', 'Pull needle and thread']",Pull needle and thread,1,0, A
4,69.23076923076923,"['Get out needle, thread, button, and clothing item.', 'Position button in correct place.', 'Pull thread through', 'Pull needle and thread']","['Get needle and thread', 'Sew through the diagonal hole of the button and the garment.']",Sew through the diagonal hole of the button and the garment.,1,0, A
5,73.07692307692307,"['Get out needle, thread, button, and clothing item.', 'Position button in correct place.', 'Pull thread through', 'Pull needle and thread', 'Sew through the diagonal hole of the button and the garment.']","['attach button to shirt', 'Get back the needle through the fourth button hole']",Get back the needle through the fourth button hole,1,0, A
6,84.61538461538461,"['Get out needle, thread, button, and clothing item.', 'Position button in correct place.', 'Pull thread through', 'Pull needle and thread', 'Sew through the diagonal hole of the button and the garment.', 'Get back the needle through the fourth button hole']","['Cut the needle off of the thread.', 'Put the button up to the garment']",Cut the needle off of the thread.,0,0, A
7,88.46153846153845,"['Get out needle, thread, button, and clothing item.', 'Position button in correct place.', 'Pull thread through', 'Pull needle and thread', 'Sew through the diagonal hole of the button and the garment.', 'Get back the needle through the fourth button hole', 'Cut the needle off of the thread.']","['PUT NEEDLE AND THREAD AWAY', 'Find a piece of clothing.']",PUT NEEDLE AND THREAD AWAY,0,0, A
8,92.3076923076923,"['Get out needle, thread, button, and clothing item.', 'Position button in correct place.', 'Pull thread through', 'Pull needle and thread', 'Sew through the diagonal hole of the button and the garment.', 'Get back the needle through the fourth button hole', 'Cut the needle off of the thread.', 'PUT NEEDLE AND THREAD AWAY']","['Check the button', 'Sew the button on the cloth using the needle']",Check the button,0,0, A
0,0.0,[],"['Put thread through needle hole', 'Gather supplies']",Gather supplies,1,0, A
1,26.923076923076923,['Gather supplies'],"['Repeat until sewed on.', 'Find shirt']",Find shirt,1,0, A
2,30.76923076923077,"['Gather supplies', 'Find shirt']","['Cut loose ends', 'Position button in correct place.']",Position button in correct place.,1,0, A
3,61.53846153846154,"['Gather supplies', 'Find shirt', 'Position button in correct place.']","['Get supplies - shirt, new button, thread, needle', 'Pull the needle until thread is completely on the other side of shirt']",Pull the needle until thread is completely on the other side of shirt,1,0, A
4,65.38461538461539,"['Gather supplies', 'Find shirt', 'Position button in correct place.', 'Pull the needle until thread is completely on the other side of shirt']","['Get a needle and thread.', 'Pass the needle through the second button hole']",Pass the needle through the second button hole,1,0, A
5,69.23076923076923,"['Gather supplies', 'Find shirt', 'Position button in correct place.', 'Pull the needle until thread is completely on the other side of shirt', 'Pass the needle through the second button hole']","['Get back the needle through the third button hole', 'Sew the button on the cloth using the needle']",Get back the needle through the third button hole,0,0, A
6,73.07692307692307,"['Gather supplies', 'Find shirt', 'Position button in correct place.', 'Pull the needle until thread is completely on the other side of shirt', 'Pass the needle through the second button hole', 'Get back the needle through the third button hole']","['take the cloth to be sewed', 'Pull needle and thread']",Pull needle and thread,1,0, A
7,76.92307692307693,"['Gather supplies', 'Find shirt', 'Position button in correct place.', 'Pull the needle until thread is completely on the other side of shirt', 'Pass the needle through the second button hole', 'Get back the needle through the third button hole', 'Pull needle and thread']","['Repeat through each button hole', 'Place button where you want it to go']",Repeat through each button hole,0,0, A
8,84.61538461538461,"['Gather supplies', 'Find shirt', 'Position button in correct place.', 'Pull the needle until thread is completely on the other side of shirt', 'Pass the needle through the second button hole', 'Get back the needle through the third button hole', 'Pull needle and thread', 'Repeat through each button hole']","['Tie a knot in the thread', 'Cut the thread']",Cut the thread,1,0, A
9,88.46153846153845,"['Gather supplies', 'Find shirt', 'Position button in correct place.', 'Pull the needle until thread is completely on the other side of shirt', 'Pass the needle through the second button hole', 'Get back the needle through the third button hole', 'Pull needle and thread', 'Repeat through each button hole', 'Cut the thread']","['Get needle', 'put back all the materials']",put back all the materials,1,0, A
0,0.0,[],"['Repeat procedure until button is secure', 'Get a thimble']",Get a thimble,1,0, A
1,26.923076923076923,['Get a thimble'],"['Repeat for remaining holes', 'Get item that needs button sewing on']",Get item that needs button sewing on,1,0, A
2,50.0,"['Get a thimble', 'Get item that needs button sewing on']","['Take out sewing kit', 'push the needle through the fabric']",push the needle through the fabric,1,0, A
3,76.92307692307693,"['Get a thimble', 'Get item that needs button sewing on', 'push the needle through the fabric']","['Put an end of the thread through the eye of the needle', 'Keep sewing until the button is secure.']",Keep sewing until the button is secure.,1,0, A
4,80.76923076923077,"['Get a thimble', 'Get item that needs button sewing on', 'push the needle through the fabric', 'Keep sewing until the button is secure.']","['Tie off thread', 'Prepare garment for sewing']",Tie off thread,0,0, A
5,88.46153846153845,"['Get a thimble', 'Get item that needs button sewing on', 'push the needle through the fabric', 'Keep sewing until the button is secure.', 'Tie off thread']","['Insert needle through one side of button', 'Put needle and thread back in drawer']",Put needle and thread back in drawer,1,0, A
0,0.0,[],"['Cut off the extra thread', 'Drive to fabric store']",Drive to fabric store,1,0, A
1,19.230769230769237,['Drive to fabric store'],"['Get some thread.', 'Cut loose ends']",Get some thread.,0,0, A
2,34.61538461538461,"['Drive to fabric store', 'Get some thread.']","['Tie knot on thread.', 'thread needle']",thread needle,1,0, A
3,53.84615384615385,"['Drive to fabric store', 'Get some thread.', 'thread needle']","['Continue to push and pull needle through button holes until button is secure', 'Take out needle.']",Continue to push and pull needle through button holes until button is secure,0,0, A
4,76.92307692307693,"['Drive to fabric store', 'Get some thread.', 'thread needle', 'Continue to push and pull needle through button holes until button is secure']","[""Repeat until it's stable"", 'Place button where you want it to go']",Repeat until it's stable,0,0, A
0,0.0,[],"['Get a thimble', 'Repeat until button is secure']",Get a thimble,0,0, A
1,7.6923076923076925,['Get a thimble'],"['get thread and needle', 'Push needle through other hole of button and through clothes']",get thread and needle,0,0, A
2,26.923076923076923,"['Get a thimble', 'get thread and needle']","['Place item on flat surface', 'break the thread']",Place item on flat surface,0,0, A
3,30.76923076923077,"['Get a thimble', 'get thread and needle', 'Place item on flat surface']","['Place button where it belongs on garment', 'Put needle and thread back in drawer']",Place button where it belongs on garment,0,0, A
4,50.0,"['Get a thimble', 'get thread and needle', 'Place item on flat surface', 'Place button where it belongs on garment']","['Put needle through one hole', 'Pull needle and thread']",Put needle through one hole,0,0, A
5,65.38461538461539,"['Get a thimble', 'get thread and needle', 'Place item on flat surface', 'Place button where it belongs on garment', 'Put needle through one hole']","['Get needle', 'Cross over to perpendicular hole, push needle back through']","Cross over to perpendicular hole, push needle back through",1,0, A
6,69.23076923076923,"['Get a thimble', 'get thread and needle', 'Place item on flat surface', 'Place button where it belongs on garment', 'Put needle through one hole', 'Cross over to perpendicular hole, push needle back through']","['Put thread end through eye of needle', 'Poke needle through opposite hole']",Poke needle through opposite hole,1,0, A
0,0.0,[],"['Get a thimble', 'Cut thread']",Get a thimble,0,0, A
1,30.76923076923077,['Get a thimble'],"['Bring the needle up through another hole on button.', 'Align button']",Align button,1,0, A
2,53.84615384615385,"['Get a thimble', 'Align button']","['With other hand, push needle through button hole', 'Find a button']","With other hand, push needle through button hole",0,0, A
0,0.0,[],"['Get sewing kit', 'Repeat several times until button is attached solidly to the fabric.']",Get sewing kit,0,0, A
1,11.538461538461538,['Get sewing kit'],"['Tie the end of the string', 'Take a needle']",Take a needle,1,0, A
2,30.76923076923077,"['Get sewing kit', 'Take a needle']","['Push through other holes', 'Put button in the right area']",Put button in the right area,1,0, A
3,46.15384615384615,"['Get sewing kit', 'Take a needle', 'Put button in the right area']","['moving the needle in and out of the fabric', 'Sew button through fourth and final hole']",moving the needle in and out of the fabric,0,0, A
4,50.0,"['Get sewing kit', 'Take a needle', 'Put button in the right area', 'moving the needle in and out of the fabric']","['Get out needle', 'Poke hole with needle through button hole and fabric']",Poke hole with needle through button hole and fabric,1,0, A
5,53.84615384615385,"['Get sewing kit', 'Take a needle', 'Put button in the right area', 'moving the needle in and out of the fabric', 'Poke hole with needle through button hole and fabric']","['Place needle through button eyelets.', 'Take thread from sewing kit']",Place needle through button eyelets.,0,0, A
6,57.692307692307686,"['Get sewing kit', 'Take a needle', 'Put button in the right area', 'moving the needle in and out of the fabric', 'Poke hole with needle through button hole and fabric', 'Place needle through button eyelets.']","['Pull til it stops at the knot, push through fabric and another button hole', 'Place button on shirt']","Pull til it stops at the knot, push through fabric and another button hole",0,0, A
7,76.92307692307693,"['Get sewing kit', 'Take a needle', 'Put button in the right area', 'moving the needle in and out of the fabric', 'Poke hole with needle through button hole and fabric', 'Place needle through button eyelets.', 'Pull til it stops at the knot, push through fabric and another button hole']","['Repeat several times, going through a different hole each time.', 'Get a sewing needle.']","Repeat several times, going through a different hole each time.",0,0, A
8,84.61538461538461,"['Get sewing kit', 'Take a needle', 'Put button in the right area', 'moving the needle in and out of the fabric', 'Poke hole with needle through button hole and fabric', 'Place needle through button eyelets.', 'Pull til it stops at the knot, push through fabric and another button hole', 'Repeat several times, going through a different hole each time.']","['Cut thread', 'Push needle through the button hole into the fabric']",Cut thread,0,0, A
0,0.0,[],"['Poke needle through opposite hole', 'Drive to fabric store']",Drive to fabric store,1,0, A
1,19.230769230769237,['Drive to fabric store'],"['Put the needle and thread away', 'Purchase thread']",Purchase thread,1,0, A
2,34.61538461538461,"['Drive to fabric store', 'Purchase thread']","['Thread needle', 'Get back the needle through the fourth button hole']",Thread needle,0,0, A
3,46.15384615384615,"['Drive to fabric store', 'Purchase thread', 'Thread needle']","['Select thread', 'Use needle and thread to sew button']",Use needle and thread to sew button,1,0, A
4,76.92307692307693,"['Drive to fabric store', 'Purchase thread', 'Thread needle', 'Use needle and thread to sew button']","['Thread the needle', 'Repeat this until the button is secure']",Repeat this until the button is secure,1,0, A
0,0.0,[],"['Get scissors, needle, button and thread', 'Repeat 4 or 5 times']","Get scissors, needle, button and thread",0,0, A
1,26.923076923076923,"['Get scissors, needle, button and thread']","['Place item on flat surface', 'Sew button through fourth and final hole']",Place item on flat surface,0,0, A
2,34.61538461538461,"['Get scissors, needle, button and thread', 'Place item on flat surface']","['Put thread end through eye of needle', 'Tie another knot at the end of the thread.']",Put thread end through eye of needle,0,0, A
3,88.46153846153845,"['Get scissors, needle, button and thread', 'Place item on flat surface', 'Put thread end through eye of needle']","['Grab the garment that you would like to sew the button to.', 'PUT NEEDLE AND THREAD AWAY']",PUT NEEDLE AND THREAD AWAY,1,0, A
0,0.0,[],"['use the string to make it stay in place', 'Take out sewing kit.']",Take out sewing kit.,1,0, A
1,11.538461538461538,['Take out sewing kit.'],"['Find a needle', 'push needle to back of the item']",Find a needle,0,0, A
2,30.76923076923077,"['Take out sewing kit.', 'Find a needle']","['attach button to shirt', 'Get back the needle through the fourth button hole']",attach button to shirt,0,0, A
3,42.30769230769231,"['Take out sewing kit.', 'Find a needle', 'attach button to shirt']","['Cut about 16 inches worth of thread.', 'Repeat several times until button is secure']",Cut about 16 inches worth of thread.,0,0, A
4,46.15384615384615,"['Take out sewing kit.', 'Find a needle', 'attach button to shirt', 'Cut about 16 inches worth of thread.']","['Obtain needle and thread', 'Use needle to go through button holes']",Use needle to go through button holes,1,0, A
5,61.53846153846154,"['Take out sewing kit.', 'Find a needle', 'attach button to shirt', 'Cut about 16 inches worth of thread.', 'Use needle to go through button holes']","['Get thread and needle', 'Pull thread through']",Pull thread through,1,0, A
6,76.92307692307693,"['Take out sewing kit.', 'Find a needle', 'attach button to shirt', 'Cut about 16 inches worth of thread.', 'Use needle to go through button holes', 'Pull thread through']","['repeat', 'Thread needle']",repeat,0,0, A
7,80.76923076923077,"['Take out sewing kit.', 'Find a needle', 'attach button to shirt', 'Cut about 16 inches worth of thread.', 'Use needle to go through button holes', 'Pull thread through', 'repeat']","['tug to make sure it is secure', 'Get out thread']",tug to make sure it is secure,0,0, A
8,88.46153846153845,"['Take out sewing kit.', 'Find a needle', 'attach button to shirt', 'Cut about 16 inches worth of thread.', 'Use needle to go through button holes', 'Pull thread through', 'repeat', 'tug to make sure it is secure']","['put back all the materials', 'Find a button']",put back all the materials,0,0, A
0,0.0,[],"['Get out needle, thread, button, and clothing item.', 'pass needle through needle hole in button']","Get out needle, thread, button, and clothing item.",0,0, A
1,7.6923076923076925,"['Get out needle, thread, button, and clothing item.']","['PUT NEEDLE AND THREAD AWAY', 'Get thread and needle']",Get thread and needle,1,0, A
2,26.923076923076923,"['Get out needle, thread, button, and clothing item.', 'Get thread and needle']","['Get the item of clothing the button is to go on', 'Put needle and thread back in drawer']",Get the item of clothing the button is to go on,0,0, A
3,46.15384615384615,"['Get out needle, thread, button, and clothing item.', 'Get thread and needle', 'Get the item of clothing the button is to go on']","['find a button', 'ATTACH BUTTON USING NEEDLE AND THREAD']",ATTACH BUTTON USING NEEDLE AND THREAD,1,0, A
4,84.61538461538461,"['Get out needle, thread, button, and clothing item.', 'Get thread and needle', 'Get the item of clothing the button is to go on', 'ATTACH BUTTON USING NEEDLE AND THREAD']","['Cut off the extra thread', 'Find a piece of clothing.']",Cut off the extra thread,0,0, A
5,88.46153846153845,"['Get out needle, thread, button, and clothing item.', 'Get thread and needle', 'Get the item of clothing the button is to go on', 'ATTACH BUTTON USING NEEDLE AND THREAD', 'Cut off the extra thread']","['Select a button', 'put needle and thread away']",put needle and thread away,1,0, A
6,92.3076923076923,"['Get out needle, thread, button, and clothing item.', 'Get thread and needle', 'Get the item of clothing the button is to go on', 'ATTACH BUTTON USING NEEDLE AND THREAD', 'Cut off the extra thread', 'put needle and thread away']","['Crisscross on the button', 'MAKE SURE BUTTON IS SECURE']",MAKE SURE BUTTON IS SECURE,1,0, A
0,0.0,[],"['Cut the thread near the needle to finish', 'Find sewing kit.']",Find sewing kit.,1,0, A
1,7.6923076923076925,['Find sewing kit.'],"['Get needle and thread', 'Repeat to make loop and knot it.']",Get needle and thread,0,0, A
2,19.230769230769237,"['Find sewing kit.', 'Get needle and thread']","['Find thread', 'push needle through button and shirt']",Find thread,0,0, A
3,34.61538461538461,"['Find sewing kit.', 'Get needle and thread', 'Find thread']","['Thread needle', 'Repeat until sewed on.']",Thread needle,0,0, A
4,42.30769230769231,"['Find sewing kit.', 'Get needle and thread', 'Find thread', 'Thread needle']","[""Make sure it's secure"", 'Cut thread string to how much is needed']",Cut thread string to how much is needed,1,0, A
5,61.53846153846154,"['Find sewing kit.', 'Get needle and thread', 'Find thread', 'Thread needle', 'Cut thread string to how much is needed']","['Cut off remaining thread', 'Pull the needle until thread is completely on the other side of shirt']",Pull the needle until thread is completely on the other side of shirt,1,0, A
6,65.38461538461539,"['Find sewing kit.', 'Get needle and thread', 'Find thread', 'Thread needle', 'Cut thread string to how much is needed', 'Pull the needle until thread is completely on the other side of shirt']","['Cross over to perpendicular hole, push needle back through', 'Pick up shirt missing button.']","Cross over to perpendicular hole, push needle back through",0,0, A
7,69.23076923076923,"['Find sewing kit.', 'Get needle and thread', 'Find thread', 'Thread needle', 'Cut thread string to how much is needed', 'Pull the needle until thread is completely on the other side of shirt', 'Cross over to perpendicular hole, push needle back through']","['Hold button in place', 'Tie knot at end of thread.']",Hold button in place,0,0, A
8,73.07692307692307,"['Find sewing kit.', 'Get needle and thread', 'Find thread', 'Thread needle', 'Cut thread string to how much is needed', 'Pull the needle until thread is completely on the other side of shirt', 'Cross over to perpendicular hole, push needle back through', 'Hold button in place']","['Pull needle and thread', 'Thread needle']",Pull needle and thread,0,0, A
9,84.61538461538461,"['Find sewing kit.', 'Get needle and thread', 'Find thread', 'Thread needle', 'Cut thread string to how much is needed', 'Pull the needle until thread is completely on the other side of shirt', 'Cross over to perpendicular hole, push needle back through', 'Hold button in place', 'Pull needle and thread']","['Cut off excess thread', 'Get a replacement button.']",Cut off excess thread,0,0, A
0,0.0,[],"['Get scissors, needle, button and thread', 'Cut loose ends.']","Get scissors, needle, button and thread",0,0, A
1,26.923076923076923,"['Get scissors, needle, button and thread']","['take the cloth to be sewed', 'Tie another knot at the end of the thread.']",take the cloth to be sewed,0,0, A
2,50.0,"['Get scissors, needle, button and thread', 'take the cloth to be sewed']","['Insert the needle from the bottom where the button is to be sewn', 'put items away when done']",Insert the needle from the bottom where the button is to be sewn,0,0, A
3,65.38461538461539,"['Get scissors, needle, button and thread', 'take the cloth to be sewed', 'Insert the needle from the bottom where the button is to be sewn']","['Then push needle through material', 'slide thread through hole']",Then push needle through material,0,0, A
4,76.92307692307693,"['Get scissors, needle, button and thread', 'take the cloth to be sewed', 'Insert the needle from the bottom where the button is to be sewn', 'Then push needle through material']","['grab a needle and string', 'Continue to loop the needle and thread through the button holes.']",Continue to loop the needle and thread through the button holes.,1,0, A
0,0.0,[],"['Get supplies - shirt, new button, thread, needle', 'thread the needle']","Get supplies - shirt, new button, thread, needle",0,0, A
1,26.923076923076923,"['Get supplies - shirt, new button, thread, needle']","['Repeat 4 or 5 times', 'Get clothes']",Get clothes,1,0, A
2,46.15384615384615,"['Get supplies - shirt, new button, thread, needle', 'Get clothes']","['Sew on button', 'Get some thread.']",Sew on button,0,0, A
3,61.53846153846154,"['Get supplies - shirt, new button, thread, needle', 'Get clothes', 'Sew on button']","['take needle bring up through the back of the item', 'Get some thread.']",take needle bring up through the back of the item,0,0, A
4,80.76923076923077,"['Get supplies - shirt, new button, thread, needle', 'Get clothes', 'Sew on button', 'take needle bring up through the back of the item']","['Pull til it stops at the knot, push through fabric and another button hole', 'Tie thread at end']",Tie thread at end,1,0, A
5,84.61538461538461,"['Get supplies - shirt, new button, thread, needle', 'Get clothes', 'Sew on button', 'take needle bring up through the back of the item', 'Tie thread at end']","['Get needle', 'cut remaining thread away']",cut remaining thread away,1,0, A
6,88.46153846153845,"['Get supplies - shirt, new button, thread, needle', 'Get clothes', 'Sew on button', 'take needle bring up through the back of the item', 'Tie thread at end', 'cut remaining thread away']","['Clean up.', 'take the button']",Clean up.,0,0, A
0,0.0,[],"['Get sewing kit', 'Slide button onto needle and thread.']",Get sewing kit,0,0, A
1,11.538461538461538,['Get sewing kit'],"['Move needle in and out of button holes to secure to shirt.', 'Get needle']",Get needle,1,0, A
2,34.61538461538461,"['Get sewing kit', 'Get needle']","['Cut excess thread', 'Put thread end through eye of needle']",Put thread end through eye of needle,1,0, A
3,42.30769230769231,"['Get sewing kit', 'Get needle', 'Put thread end through eye of needle']","['Repeat 4 or 5 times', 'Cut length of thread']",Cut length of thread,1,0, A
4,46.15384615384615,"['Get sewing kit', 'Get needle', 'Put thread end through eye of needle', 'Cut length of thread']","['Select a button', 'Sew button into place']",Sew button into place,1,0, A
5,76.92307692307693,"['Get sewing kit', 'Get needle', 'Put thread end through eye of needle', 'Cut length of thread', 'Sew button into place']","['Repeat step 8 until button is sewn on', 'Position button on shirt']",Repeat step 8 until button is sewn on,0,0, A
6,80.76923076923077,"['Get sewing kit', 'Get needle', 'Put thread end through eye of needle', 'Cut length of thread', 'Sew button into place', 'Repeat step 8 until button is sewn on']","['when done tie the end properly', 'Tie a knot in the end of thread']",when done tie the end properly,0,0, A
7,88.46153846153845,"['Get sewing kit', 'Get needle', 'Put thread end through eye of needle', 'Cut length of thread', 'Sew button into place', 'Repeat step 8 until button is sewn on', 'when done tie the end properly']","['Put needle away', 'Remove the old button']",Put needle away,0,0, A
0,0.0,[],"['insert needle through cloth', 'Drive to fabric store']",Drive to fabric store,1,0, A
1,19.230769230769237,['Drive to fabric store'],"['measure and cut length of thread', 'Get the thread']",Get the thread,1,0, A
2,26.923076923076923,"['Drive to fabric store', 'Get the thread']","['Find a piece of clothing.', 'Cut off excess thread']",Find a piece of clothing.,0,0, A
3,34.61538461538461,"['Drive to fabric store', 'Get the thread', 'Find a piece of clothing.']","['Wrap the thread', 'Thread needle.']",Thread needle.,1,0, A
4,88.46153846153845,"['Drive to fabric store', 'Get the thread', 'Find a piece of clothing.', 'Thread needle.']","['put needle and thread away', 'With other hand, push needle through button hole']",put needle and thread away,0,0, A
5,92.3076923076923,"['Drive to fabric store', 'Get the thread', 'Find a piece of clothing.', 'Thread needle.', 'put needle and thread away']","['Check new button', 'push the needle through the fabric']",Check new button,0,0, A
0,0.0,[],"['Take out sewing kit', 'Tie a knot in the thread']",Take out sewing kit,0,0, A
1,23.07692307692308,['Take out sewing kit'],"['Find button replacement', 'Place needle through clothing.']",Find button replacement,0,0, A
2,38.46153846153847,"['Take out sewing kit', 'Find button replacement']","['Then push needle through material', 'Knot the end to make it stay']",Knot the end to make it stay,1,0, A
3,46.15384615384615,"['Take out sewing kit', 'Find button replacement', 'Knot the end to make it stay']","['Pass needle through shirt and button holes', 'Find sewing kit.']",Pass needle through shirt and button holes,0,0, A
4,88.46153846153845,"['Take out sewing kit', 'Find button replacement', 'Knot the end to make it stay', 'Pass needle through shirt and button holes']","['Clean up.', 'Knot the end to make it stay']",Clean up.,0,0, A
0,0.0,[],"['Cut thread.', 'Get scissors, needle, button and thread']","Get scissors, needle, button and thread",1,0, A
1,7.6923076923076925,"['Get scissors, needle, button and thread']","['Repeat steps 4 through 6 about 30 times', 'Remove thread and needle from kit']",Remove thread and needle from kit,1,0, A
2,26.923076923076923,"['Get scissors, needle, button and thread', 'Remove thread and needle from kit']","['Put needle through button and shirt', 'Lay down garment']",Lay down garment,1,0, A
3,30.76923076923077,"['Get scissors, needle, button and thread', 'Remove thread and needle from kit', 'Lay down garment']","['Place button where you want it to go', 'tying a knot with thread']",Place button where you want it to go,0,0, A
4,34.61538461538461,"['Get scissors, needle, button and thread', 'Remove thread and needle from kit', 'Lay down garment', 'Place button where you want it to go']","['Repeat steps 4 through 6 about 30 times', ""Insert the thread into the eye of the needle and tie a knot so it's attached.""]",Insert the thread into the eye of the needle and tie a knot so it's attached.,1,0, A
5,38.46153846153847,"['Get scissors, needle, button and thread', 'Remove thread and needle from kit', 'Lay down garment', 'Place button where you want it to go', ""Insert the thread into the eye of the needle and tie a knot so it's attached.""]","['put needle into adjoining hole', 'tie knot at end of thread']",tie knot at end of thread,1,0, A
6,61.53846153846154,"['Get scissors, needle, button and thread', 'Remove thread and needle from kit', 'Lay down garment', 'Place button where you want it to go', ""Insert the thread into the eye of the needle and tie a knot so it's attached."", 'tie knot at end of thread']","['Cut off remaining thread', 'Start sewing going into the back of the garment.']",Start sewing going into the back of the garment.,1,0, A
7,65.38461538461539,"['Get scissors, needle, button and thread', 'Remove thread and needle from kit', 'Lay down garment', 'Place button where you want it to go', ""Insert the thread into the eye of the needle and tie a knot so it's attached."", 'tie knot at end of thread', 'Start sewing going into the back of the garment.']","['Find thread and needle.', 'Pull needle and thread']",Pull needle and thread,1,0, A
8,76.92307692307693,"['Get scissors, needle, button and thread', 'Remove thread and needle from kit', 'Lay down garment', 'Place button where you want it to go', ""Insert the thread into the eye of the needle and tie a knot so it's attached."", 'tie knot at end of thread', 'Start sewing going into the back of the garment.', 'Pull needle and thread']","['Do this through all holes of button', 'Thread the needle']",Do this through all holes of button,0,0, A
0,0.0,[],"['Drive to fabric store', 'Stick the needle through']",Drive to fabric store,0,0, A
1,19.230769230769237,['Drive to fabric store'],"['Take out right colored thread.', 'Put all the items away']",Take out right colored thread.,0,0, A
2,34.61538461538461,"['Drive to fabric store', 'Take out right colored thread.']","['Thread needle', 'Pull needle out other side.']",Thread needle,0,0, A
3,42.30769230769231,"['Drive to fabric store', 'Take out right colored thread.', 'Thread needle']","['Find a thread', 'Cut away old strings']",Cut away old strings,1,0, A
4,46.15384615384615,"['Drive to fabric store', 'Take out right colored thread.', 'Thread needle', 'Cut away old strings']","['Take out sewing kit.', 'sew onto fabric securely']",sew onto fabric securely,1,0, A
5,53.84615384615385,"['Drive to fabric store', 'Take out right colored thread.', 'Thread needle', 'Cut away old strings', 'sew onto fabric securely']","['Get some thread.', 'Pull through other end']",Pull through other end,1,0, A
6,76.92307692307693,"['Drive to fabric store', 'Take out right colored thread.', 'Thread needle', 'Cut away old strings', 'sew onto fabric securely', 'Pull through other end']","['Repeat procedure until button is secure', 'Get shirt']",Repeat procedure until button is secure,0,0, A
7,84.61538461538461,"['Drive to fabric store', 'Take out right colored thread.', 'Thread needle', 'Cut away old strings', 'sew onto fabric securely', 'Pull through other end', 'Repeat procedure until button is secure']","['Purchase buttons', 'Cut the thread']",Cut the thread,1,0, A
8,88.46153846153845,"['Drive to fabric store', 'Take out right colored thread.', 'Thread needle', 'Cut away old strings', 'sew onto fabric securely', 'Pull through other end', 'Repeat procedure until button is secure', 'Cut the thread']","['Put supplies away', 'Get item that needs button sewing on']",Put supplies away,0,0, A
0,0.0,[],"['Drive to fabric store', 'Sew button onto garment']",Drive to fabric store,0,0, A
1,19.230769230769237,['Drive to fabric store'],"['Sew the button through the button holes onto the shirt', ""Pull a thread of a matching color through the needle's eye""]",Pull a thread of a matching color through the needle's eye,1,0, A
2,34.61538461538461,"['Drive to fabric store', ""Pull a thread of a matching color through the needle's eye""]","['Bring the needle up through another hole on button.', 'Thread needle']",Thread needle,1,0, A
3,88.46153846153845,"['Drive to fabric store', ""Pull a thread of a matching color through the needle's eye"", 'Thread needle']","['Put the thread through the button and start threading', 'Put everything away.']",Put everything away.,1,0, A
0,0.0,[],"['Continue to loop the needle and thread through the button holes.', 'Get a thimble']",Get a thimble,1,0, A
1,30.76923076923077,['Get a thimble'],"['Put the button up to the garment', 'Cut off the extra thread']",Put the button up to the garment,0,0, A
2,42.30769230769231,"['Get a thimble', 'Put the button up to the garment']","['tying a knot with thread', 'Cut away old strings']",Cut away old strings,1,0, A
3,46.15384615384615,"['Get a thimble', 'Put the button up to the garment', 'Cut away old strings']","['Purchase buttons', 'put the needle in and out through the holes']",put the needle in and out through the holes,1,0, A
4,53.84615384615385,"['Get a thimble', 'Put the button up to the garment', 'Cut away old strings', 'put the needle in and out through the holes']","['FIND THE REPLACEMENT BUTTON', 'pull thread forward']",pull thread forward,1,0, A
5,57.692307692307686,"['Get a thimble', 'Put the button up to the garment', 'Cut away old strings', 'put the needle in and out through the holes', 'pull thread forward']","['Prepare needle and thread.', 'Insert the needle back into the garment from the top of the button']",Insert the needle back into the garment from the top of the button,1,0, A
6,76.92307692307693,"['Get a thimble', 'Put the button up to the garment', 'Cut away old strings', 'put the needle in and out through the holes', 'pull thread forward', 'Insert the needle back into the garment from the top of the button']","['Thread the needle', 'Continue to loop the needle and thread through the button holes.']",Continue to loop the needle and thread through the button holes.,1,0, A
7,84.61538461538461,"['Get a thimble', 'Put the button up to the garment', 'Cut away old strings', 'put the needle in and out through the holes', 'pull thread forward', 'Insert the needle back into the garment from the top of the button', 'Continue to loop the needle and thread through the button holes.']","['Thread needle with some thread.', 'Tie knot to secure thread and button to clothes']",Tie knot to secure thread and button to clothes,1,0, A
0,0.0,[],"['Thread button onto clothing', 'Drive to fabric store']",Drive to fabric store,1,0, A
1,19.230769230769237,['Drive to fabric store'],"['cut loose thread', 'Find thread that matches button color.']",Find thread that matches button color.,1,0, A
2,26.923076923076923,"['Drive to fabric store', 'Find thread that matches button color.']","['Put away needle and thread', 'Take shirt']",Take shirt,1,0, A
3,50.0,"['Drive to fabric store', 'Find thread that matches button color.', 'Take shirt']","['Hold shirt with non-dominant hand', 'Poke hole with needle through button hole and fabric']",Poke hole with needle through button hole and fabric,1,0, A
4,76.92307692307693,"['Drive to fabric store', 'Find thread that matches button color.', 'Take shirt', 'Poke hole with needle through button hole and fabric']","['Keep sewing until the button is secure.', 'Thread needle']",Keep sewing until the button is secure.,0,0, A
0,0.0,[],"['Get out sewing kit', 'put back all the materials']",Get out sewing kit,0,0, A
1,19.230769230769237,['Get out sewing kit'],"['gathering thread', 'Sew on button']",gathering thread,0,0, A
2,30.76923076923077,"['Get out sewing kit', 'gathering thread']","['Repeat several times, going through a different hole each time.', 'attach button']",attach button,1,0, A
3,50.0,"['Get out sewing kit', 'gathering thread', 'attach button']","['Cut the thread.', 'Poke hole with needle through button hole and fabric']",Poke hole with needle through button hole and fabric,1,0, A
4,65.38461538461539,"['Get out sewing kit', 'gathering thread', 'attach button', 'Poke hole with needle through button hole and fabric']","['Put button on shirt.', 'Pull needle out other side.']",Pull needle out other side.,1,0, A
5,76.92307692307693,"['Get out sewing kit', 'gathering thread', 'attach button', 'Poke hole with needle through button hole and fabric', 'Pull needle out other side.']","['Keep sewing until the button is secure.', 'Put thread end through eye of needle']",Keep sewing until the button is secure.,0,0, A
6,84.61538461538461,"['Get out sewing kit', 'gathering thread', 'attach button', 'Poke hole with needle through button hole and fabric', 'Pull needle out other side.', 'Keep sewing until the button is secure.']","['gather needle and thread', 'Cut off any loose threads with a scissors.']",Cut off any loose threads with a scissors.,1,0, A
0,0.0,[],"['put thread through needle', 'Drive to fabric store']",Drive to fabric store,1,0, A
1,19.230769230769237,['Drive to fabric store'],"['Sew button onto fabric through the first hole', 'Get thread']",Get thread,1,0, A
2,23.07692307692308,"['Drive to fabric store', 'Get thread']","['repeat steps 4-5 until button is secured to shirt', 'Get button']",Get button,1,0, A
3,26.923076923076923,"['Drive to fabric store', 'Get thread', 'Get button']","['Repeat procedure until button is secure', 'Place item on flat surface']",Place item on flat surface,1,0, A
4,34.61538461538461,"['Drive to fabric store', 'Get thread', 'Get button', 'Place item on flat surface']","['Put thread in it', 'knot thread']",Put thread in it,0,0, A
5,53.84615384615385,"['Drive to fabric store', 'Get thread', 'Get button', 'Place item on flat surface', 'Put thread in it']","['Find similar button', 'Place button close to clothing.']",Place button close to clothing.,1,0, A
6,84.61538461538461,"['Drive to fabric store', 'Get thread', 'Get button', 'Place item on flat surface', 'Put thread in it', 'Place button close to clothing.']","['Position needle with thread', 'cut thread']",cut thread,1,0, A
0,0.0,[],"['Get sewing basket', 'Tie off the thread on the underside of the garment']",Get sewing basket,0,0, A
1,19.230769230769237,['Get sewing basket'],"['sew the button with criss-cross movement of needle', 'Take out right colored thread.']",Take out right colored thread.,1,0, A
2,34.61538461538461,"['Get sewing basket', 'Take out right colored thread.']","['Place the thread through the needle', 'Tie knot.']",Place the thread through the needle,0,0, A
3,38.46153846153847,"['Get sewing basket', 'Take out right colored thread.', 'Place the thread through the needle']","['Find a needle and thread', 'Tie knot at end of thread.']",Tie knot at end of thread.,1,0, A
4,42.30769230769231,"['Get sewing basket', 'Take out right colored thread.', 'Place the thread through the needle', 'Tie knot at end of thread.']","['Cut away old strings', 'Drive to fabric store']",Cut away old strings,0,0, A
5,61.53846153846154,"['Get sewing basket', 'Take out right colored thread.', 'Place the thread through the needle', 'Tie knot at end of thread.', 'Cut away old strings']","['Start sewing going into the back of the garment.', 'Get your sewing kit']",Start sewing going into the back of the garment.,0,0, A
6,80.76923076923077,"['Get sewing basket', 'Take out right colored thread.', 'Place the thread through the needle', 'Tie knot at end of thread.', 'Cut away old strings', 'Start sewing going into the back of the garment.']","['Tie knot in thread', 'Align the button on the correct place on the cloth']",Tie knot in thread,0,0, A
0,0.0,[],"['Pull needle and thread', 'Get scissors, needle, button and thread']","Get scissors, needle, button and thread",1,0, A
1,26.923076923076923,"['Get scissors, needle, button and thread']","['Lay down garment', 'Hold button in place']",Lay down garment,0,0, A
2,30.76923076923077,"['Get scissors, needle, button and thread', 'Lay down garment']","['Take button and put it on shirt where you want it', 'Put needle in other button hole.']",Take button and put it on shirt where you want it,0,0, A
3,42.30769230769231,"['Get scissors, needle, button and thread', 'Lay down garment', 'Take button and put it on shirt where you want it']","['Get the thread', 'Cut away any loose threads.']",Cut away any loose threads.,1,0, A
4,46.15384615384615,"['Get scissors, needle, button and thread', 'Lay down garment', 'Take button and put it on shirt where you want it', 'Cut away any loose threads.']","['Find a spare button that matches the other buttons', 'Sew button onto item']",Sew button onto item,1,0, A
5,61.53846153846154,"['Get scissors, needle, button and thread', 'Lay down garment', 'Take button and put it on shirt where you want it', 'Cut away any loose threads.', 'Sew button onto item']","['Put needle into one button hole through shirt.', 'Get needle and thread']",Put needle into one button hole through shirt.,0,0, A
6,76.92307692307693,"['Get scissors, needle, button and thread', 'Lay down garment', 'Take button and put it on shirt where you want it', 'Cut away any loose threads.', 'Sew button onto item', 'Put needle into one button hole through shirt.']","['Thread needle', ""Make 4 x's in button.""]",Make 4 x's in button.,1,0, A
7,84.61538461538461,"['Get scissors, needle, button and thread', 'Lay down garment', 'Take button and put it on shirt where you want it', 'Cut away any loose threads.', 'Sew button onto item', 'Put needle into one button hole through shirt.', ""Make 4 x's in button.""]","['Find an extra button', 'Cut off remaining thread']",Cut off remaining thread,1,0, A
0,0.0,[],"['Drive to fabric store', 'Push thread through needle and tie in a knot']",Drive to fabric store,0,0, A
1,19.230769230769237,['Drive to fabric store'],"['Push needle through first hole', 'Find thread that matches']",Find thread that matches,1,0, A
2,26.923076923076923,"['Drive to fabric store', 'Find thread that matches']","['Get shirt', 'put sewing kit away']",Get shirt,0,0, A
3,50.0,"['Drive to fabric store', 'Find thread that matches', 'Get shirt']","['Purchase thread', 'insert needle through cloth']",insert needle through cloth,1,0, A
4,80.76923076923077,"['Drive to fabric store', 'Find thread that matches', 'Get shirt', 'insert needle through cloth']","['Tie end in a knot', 'Prepare needle and thread.']",Tie end in a knot,0,0, A
5,88.46153846153845,"['Drive to fabric store', 'Find thread that matches', 'Get shirt', 'insert needle through cloth', 'Tie end in a knot']","['Put the needle and thread away', 'Pick a needle']",Put the needle and thread away,0,0, A
6,92.3076923076923,"['Drive to fabric store', 'Find thread that matches', 'Get shirt', 'insert needle through cloth', 'Tie end in a knot', 'Put the needle and thread away']","['Thread a needle.', 'Check the button']",Check the button,1,0, A
0,0.0,[],"['Get sewing basket', 'Pull til it stops at the knot, push through fabric and another button hole']",Get sewing basket,0,0, A
1,11.538461538461538,['Get sewing basket'],"['Push the needle through the garment into the button', 'Get the needle']",Get the needle,1,0, A
2,23.07692307692308,"['Get sewing basket', 'Get the needle']","['get a new button', 'Cut the excess thread']",get a new button,0,0, A
3,38.46153846153847,"['Get sewing basket', 'Get the needle', 'get a new button']","['Pull through other side.', 'Tie knot on needle.']",Tie knot on needle.,1,0, A
4,46.15384615384615,"['Get sewing basket', 'Get the needle', 'get a new button', 'Tie knot on needle.']","['Get some thread.', 'make few passes']",make few passes,1,0, A
5,50.0,"['Get sewing basket', 'Get the needle', 'get a new button', 'Tie knot on needle.', 'make few passes']","['Push needle through the button hole into the fabric', 'Get thread.']",Push needle through the button hole into the fabric,0,0, A
6,65.38461538461539,"['Get sewing basket', 'Get the needle', 'get a new button', 'Tie knot on needle.', 'make few passes', 'Push needle through the button hole into the fabric']","['thread the needle', 'pull needle through to knot']",pull needle through to knot,1,0, A
7,76.92307692307693,"['Get sewing basket', 'Get the needle', 'get a new button', 'Tie knot on needle.', 'make few passes', 'Push needle through the button hole into the fabric', 'pull needle through to knot']","['Repeat until button is tight', 'gather garment for buttoning']",Repeat until button is tight,0,0, A
0,0.0,[],"['Sew the button on the cloth using the needle', 'Take out sewing kit.']",Take out sewing kit.,1,0, A
1,7.6923076923076925,['Take out sewing kit.'],"['get thread and needle', 'Tie a knot a the end of the thread']",get thread and needle,0,0, A
2,26.923076923076923,"['Take out sewing kit.', 'get thread and needle']","['grab object the button is being sewed', 'tie knot on thread']",grab object the button is being sewed,0,0, A
3,30.76923076923077,"['Take out sewing kit.', 'get thread and needle', 'grab object the button is being sewed']","['Tie the thread in a knot to secure it', 'Align the button on the correct place on the cloth']",Align the button on the correct place on the cloth,1,0, A
4,42.30769230769231,"['Take out sewing kit.', 'get thread and needle', 'grab object the button is being sewed', 'Align the button on the correct place on the cloth']","['Cut off any loose threads with a scissors.', 'Cut excess thread']",Cut excess thread,1,0, A
5,46.15384615384615,"['Take out sewing kit.', 'get thread and needle', 'grab object the button is being sewed', 'Align the button on the correct place on the cloth', 'Cut excess thread']","['Get needle and thread', 'make few passes']",make few passes,1,0, A
6,84.61538461538461,"['Take out sewing kit.', 'get thread and needle', 'grab object the button is being sewed', 'Align the button on the correct place on the cloth', 'Cut excess thread', 'make few passes']","['Get the button.', 'Cut thread']",Cut thread,1,0, A
7,88.46153846153845,"['Take out sewing kit.', 'get thread and needle', 'grab object the button is being sewed', 'Align the button on the correct place on the cloth', 'Cut excess thread', 'make few passes', 'Cut thread']","['put back all the materials', 'Pull til it stops at the knot, push through fabric and another button hole']",put back all the materials,0,0, A
0,0.0,[],"['Tie the end of the string so it will not unravel', 'Get out sewing kit.']",Get out sewing kit.,1,0, A
1,19.230769230769237,['Get out sewing kit.'],"['Pick thread to use', 'Pull the needle through a hole in the button, then back into the fabric']",Pick thread to use,0,0, A
2,23.07692307692308,"['Get out sewing kit.', 'Pick thread to use']","['Get a replacement button.', 'Sew needle through other holes in an X formation']",Get a replacement button.,0,0, A
3,50.0,"['Get out sewing kit.', 'Pick thread to use', 'Get a replacement button.']","['put needle and thread away', 'pull through on the other side']",pull through on the other side,1,0, A
4,53.84615384615385,"['Get out sewing kit.', 'Pick thread to use', 'Get a replacement button.', 'pull through on the other side']","['Continue to push and pull needle through button holes until button is secure', 'Find replacement button.']",Continue to push and pull needle through button holes until button is secure,0,0, A
5,76.92307692307693,"['Get out sewing kit.', 'Pick thread to use', 'Get a replacement button.', 'pull through on the other side', 'Continue to push and pull needle through button holes until button is secure']","['Put button on shirt', 'Repeat procedure until button is secure']",Repeat procedure until button is secure,1,0, A
6,80.76923076923077,"['Get out sewing kit.', 'Pick thread to use', 'Get a replacement button.', 'pull through on the other side', 'Continue to push and pull needle through button holes until button is secure', 'Repeat procedure until button is secure']","[""Make sure it's secure"", 'Purchase buttons']",Make sure it's secure,0,0, A
7,88.46153846153845,"['Get out sewing kit.', 'Pick thread to use', 'Get a replacement button.', 'pull through on the other side', 'Continue to push and pull needle through button holes until button is secure', 'Repeat procedure until button is secure', ""Make sure it's secure""]","['Pull out a length of thread.', 'PUT NEEDLE AND THREAD AWAY']",PUT NEEDLE AND THREAD AWAY,1,0, A
0,0.0,[],"['Continue crisscrossing thread between holes of button until button is tight.', 'Get supplies - shirt, new button, thread, needle']","Get supplies - shirt, new button, thread, needle",1,0, A
1,26.923076923076923,"['Get supplies - shirt, new button, thread, needle']","['tying a knot with thread', 'find shirt with missing button']",find shirt with missing button,1,0, A
2,50.0,"['Get supplies - shirt, new button, thread, needle', 'find shirt with missing button']","['Push needle through back of clothes and through hole of button', 'getting out needle']",Push needle through back of clothes and through hole of button,0,0, A
3,53.84615384615385,"['Get supplies - shirt, new button, thread, needle', 'find shirt with missing button', 'Push needle through back of clothes and through hole of button']","['Use the needle to guide the thread', 'put needle and thread away']",Use the needle to guide the thread,0,0, A
0,0.0,[],"['measure and cut length of thread', 'get sewing kit']",get sewing kit,1,0, A
1,11.538461538461538,['get sewing kit'],"['Pick a needle', 'Use the needle to go through the button holes and the fabric']",Pick a needle,0,0, A
2,19.230769230769237,"['get sewing kit', 'Pick a needle']","['Repeat until sewed on.', 'Pull out a length of thread.']",Pull out a length of thread.,1,0, A
3,30.76923076923077,"['get sewing kit', 'Pick a needle', 'Pull out a length of thread.']","['Continue until the button is securely on the clothing', 'Place button on desired spot on shirt.']",Place button on desired spot on shirt.,1,0, A
4,46.15384615384615,"['get sewing kit', 'Pick a needle', 'Pull out a length of thread.', 'Place button on desired spot on shirt.']","['take the button', 'Start to sew.']",Start to sew.,1,0, A
5,61.53846153846154,"['get sewing kit', 'Pick a needle', 'Pull out a length of thread.', 'Place button on desired spot on shirt.', 'Start to sew.']","['Put needle into one button hole through shirt.', 'Place item on flat surface']",Put needle into one button hole through shirt.,0,0, A
6,76.92307692307693,"['get sewing kit', 'Pick a needle', 'Pull out a length of thread.', 'Place button on desired spot on shirt.', 'Start to sew.', 'Put needle into one button hole through shirt.']","['Choose thread to sew button on with.', 'Repeat the inserting as above for about 10 times']",Repeat the inserting as above for about 10 times,1,0, A
7,84.61538461538461,"['get sewing kit', 'Pick a needle', 'Pull out a length of thread.', 'Place button on desired spot on shirt.', 'Start to sew.', 'Put needle into one button hole through shirt.', 'Repeat the inserting as above for about 10 times']","['Place button where you want it to go', 'Cut off any loose threads with a scissors.']",Cut off any loose threads with a scissors.,1,0, A
0,0.0,[],"['Get sewing kit', 'Keep threading until the button is firmly attached']",Get sewing kit,0,0, A
1,11.538461538461538,['Get sewing kit'],"['Get needle', 'tie thread at the end']",Get needle,0,0, A
2,19.230769230769237,"['Get sewing kit', 'Get needle']","['Purchase thread', 'pull needle through to knot']",Purchase thread,0,0, A
3,30.76923076923077,"['Get sewing kit', 'Get needle', 'Purchase thread']","['Cut excess thread', 'attach button to shirt']",attach button to shirt,1,0, A
4,61.53846153846154,"['Get sewing kit', 'Get needle', 'Purchase thread', 'attach button to shirt']","['Pass the needle through one of the button holes', 'Get out sewing kit.']",Pass the needle through one of the button holes,0,0, A
5,76.92307692307693,"['Get sewing kit', 'Get needle', 'Purchase thread', 'attach button to shirt', 'Pass the needle through one of the button holes']","['Repeat the inserting as above for about 10 times', 'Find a spare button that matches the other buttons']",Repeat the inserting as above for about 10 times,0,0, A
6,84.61538461538461,"['Get sewing kit', 'Get needle', 'Purchase thread', 'attach button to shirt', 'Pass the needle through one of the button holes', 'Repeat the inserting as above for about 10 times']","['Push needle through back of clothes and through hole of button', 'Cut.']",Cut.,1,0, A
7,88.46153846153845,"['Get sewing kit', 'Get needle', 'Purchase thread', 'attach button to shirt', 'Pass the needle through one of the button holes', 'Repeat the inserting as above for about 10 times', 'Cut.']","['put items away when done', 'Find some thread']",put items away when done,0,0, A
8,92.3076923076923,"['Get sewing kit', 'Get needle', 'Purchase thread', 'attach button to shirt', 'Pass the needle through one of the button holes', 'Repeat the inserting as above for about 10 times', 'Cut.', 'put items away when done']","['MAKE SURE BUTTON IS SECURE', 'Get button']",MAKE SURE BUTTON IS SECURE,0,0, A
0,0.0,[],"['Push needle down through other button on hole', 'get sewing kit']",get sewing kit,1,0, A
1,11.538461538461538,['get sewing kit'],"['Run needle and thread through button hole and fabric hole', 'Get a needle']",Get a needle,1,0, A
2,15.384615384615383,"['get sewing kit', 'Get a needle']","['Choose thread color', 'Continue repeating pushing up and pushing thread back down']",Choose thread color,0,0, A
3,30.76923076923077,"['get sewing kit', 'Get a needle', 'Choose thread color']","['Ending again in the back of the garment cut off the thread.', 'Place button on fabric']",Place button on fabric,1,0, A
4,53.84615384615385,"['get sewing kit', 'Get a needle', 'Choose thread color', 'Place button on fabric']","['take the cloth to be sewed', 'pass needle through needle hole in button']",pass needle through needle hole in button,1,0, A
5,61.53846153846154,"['get sewing kit', 'Get a needle', 'Choose thread color', 'Place button on fabric', 'pass needle through needle hole in button']","['get sewing kit', 'Thread one hole with the needle']",Thread one hole with the needle,1,0, A
6,80.76923076923077,"['get sewing kit', 'Get a needle', 'Choose thread color', 'Place button on fabric', 'pass needle through needle hole in button', 'Thread one hole with the needle']","['Tie end in a knot', 'Acquire new button']",Tie end in a knot,0,0, A
7,88.46153846153845,"['get sewing kit', 'Get a needle', 'Choose thread color', 'Place button on fabric', 'pass needle through needle hole in button', 'Thread one hole with the needle', 'Tie end in a knot']","['put needle and thread away', 'Get thread.']",put needle and thread away,0,0, A
8,92.3076923076923,"['get sewing kit', 'Get a needle', 'Choose thread color', 'Place button on fabric', 'pass needle through needle hole in button', 'Thread one hole with the needle', 'Tie end in a knot', 'put needle and thread away']","['Prepare garment for sewing', 'Check new button']",Check new button,1,0, A
0,0.0,[],"['Cut off excess thread', 'Drive to fabric store']",Drive to fabric store,1,0, A
1,19.230769230769237,['Drive to fabric store'],"['Get thread', 'Tie knot on thread.']",Get thread,0,0, A
2,30.76923076923077,"['Drive to fabric store', 'Get thread']","['line new button up with corresponding button hole', 'Push needle through other hole of button and through clothes']",line new button up with corresponding button hole,0,0, A
3,34.61538461538461,"['Drive to fabric store', 'Get thread', 'line new button up with corresponding button hole']","['Tie off the thread', 'Thread the needle.']",Thread the needle.,1,0, A
4,50.0,"['Drive to fabric store', 'Get thread', 'line new button up with corresponding button hole', 'Thread the needle.']","['Find matching thread', 'Put needle through button and shirt']",Put needle through button and shirt,1,0, A
5,76.92307692307693,"['Drive to fabric store', 'Get thread', 'line new button up with corresponding button hole', 'Thread the needle.', 'Put needle through button and shirt']","['Get a thimble', 'Push through other holes']",Push through other holes,1,0, A
6,84.61538461538461,"['Drive to fabric store', 'Get thread', 'line new button up with corresponding button hole', 'Thread the needle.', 'Put needle through button and shirt', 'Push through other holes']","['Cut thread', 'Get sewing kit']",Cut thread,0,0, A
7,88.46153846153845,"['Drive to fabric store', 'Get thread', 'line new button up with corresponding button hole', 'Thread the needle.', 'Put needle through button and shirt', 'Push through other holes', 'Cut thread']","['Put supplies away', 'Get a button.']",Put supplies away,0,0, A
8,92.3076923076923,"['Drive to fabric store', 'Get thread', 'line new button up with corresponding button hole', 'Thread the needle.', 'Put needle through button and shirt', 'Push through other holes', 'Cut thread', 'Put supplies away']","['Get out sewing kit.', 'Check the button']",Check the button,1,0, A
0,0.0,[],"['Cut thread close to knot.', 'Get out sewing kit']",Get out sewing kit,1,0, A
1,34.61538461538461,['Get out sewing kit'],"['put thread through needle', 'repeat steps 4-5 until button is secured to shirt']",put thread through needle,0,0, A
2,88.46153846153845,"['Get out sewing kit', 'put thread through needle']","['Find thread that matches', 'put items away when done']",put items away when done,1,0, A
0,0.0,[],"['Poke a hole in the fabric', 'Drive to fabric store']",Drive to fabric store,1,0, A
1,19.230769230769237,['Drive to fabric store'],"['Repeat steps 4 through 6 about 30 times', 'get some thread']",get some thread,1,0, A
2,30.76923076923077,"['Drive to fabric store', 'get some thread']","['Put button in the right area', 'Cut excess thread']",Put button in the right area,0,0, A
3,61.53846153846154,"['Drive to fabric store', 'get some thread', 'Put button in the right area']","['Get button, thread, needle and scissors', 'Pull thread through']",Pull thread through,1,0, A
4,76.92307692307693,"['Drive to fabric store', 'get some thread', 'Put button in the right area', 'Pull thread through']","['repeat 5-8 several times until button is secure', 'Make a knot at end']",repeat 5-8 several times until button is secure,0,0, A
5,80.76923076923077,"['Drive to fabric store', 'get some thread', 'Put button in the right area', 'Pull thread through', 'repeat 5-8 several times until button is secure']","['tie off thread', 'tie a knot in thread']",tie off thread,0,0, A
6,84.61538461538461,"['Drive to fabric store', 'get some thread', 'Put button in the right area', 'Pull thread through', 'repeat 5-8 several times until button is secure', 'tie off thread']","['Take the cloth to be sewed', 'Cut off end from needle']",Cut off end from needle,1,0, A
7,88.46153846153845,"['Drive to fabric store', 'get some thread', 'Put button in the right area', 'Pull thread through', 'repeat 5-8 several times until button is secure', 'tie off thread', 'Cut off end from needle']","['Put everything away.', 'Find similar color thread to use.']",Put everything away.,0,0, A
8,92.3076923076923,"['Drive to fabric store', 'get some thread', 'Put button in the right area', 'Pull thread through', 'repeat 5-8 several times until button is secure', 'tie off thread', 'Cut off end from needle', 'Put everything away.']","['Check new button', 'Get clothes']",Check new button,0,0, A
0,0.0,[],"['Use the needle to guide the thread', 'Gather supplies']",Gather supplies,1,0, A
1,30.76923076923077,['Gather supplies'],"[""pass needle and thread back through another of the button's needle holes"", 'Hold button to material.']",Hold button to material.,1,0, A
2,50.0,"['Gather supplies', 'Hold button to material.']","['Put needle through button and shirt', 'grab object the button is being sewed']",Put needle through button and shirt,0,0, A
3,76.92307692307693,"['Gather supplies', 'Hold button to material.', 'Put needle through button and shirt']","['Repeat this until the button is secure', 'Find a button']",Repeat this until the button is secure,0,0, A
4,80.76923076923077,"['Gather supplies', 'Hold button to material.', 'Put needle through button and shirt', 'Repeat this until the button is secure']","['Tie off the thread', 'Select thread of correct color']",Tie off the thread,0,0, A
5,88.46153846153845,"['Gather supplies', 'Hold button to material.', 'Put needle through button and shirt', 'Repeat this until the button is secure', 'Tie off the thread']","['Line the button back into place', 'Put away needle and thread']",Put away needle and thread,1,0, A
6,92.3076923076923,"['Gather supplies', 'Hold button to material.', 'Put needle through button and shirt', 'Repeat this until the button is secure', 'Tie off the thread', 'Put away needle and thread']","['Get needle and thread', 'MAKE SURE BUTTON IS SECURE']",MAKE SURE BUTTON IS SECURE,1,0, A
0,0.0,[],"['cut the thread', 'Drive to fabric store']",Drive to fabric store,1,0, A
1,19.230769230769237,['Drive to fabric store'],"['Cut excess thread', 'Get thread']",Get thread,1,0, A
2,34.61538461538461,"['Drive to fabric store', 'Get thread']","['Put thread through needle', 'Repeat the inserting as above for about 10 times']",Put thread through needle,0,0, A
3,50.0,"['Drive to fabric store', 'Get thread', 'Put thread through needle']","['Push needle through button and fabric.', 'Check the button']",Push needle through button and fabric.,0,0, A
4,76.92307692307693,"['Drive to fabric store', 'Get thread', 'Put thread through needle', 'Push needle through button and fabric.']","['repeat', 'Get sewing basket']",repeat,0,0, A
0,0.0,[],"['put sewing kit away', 'Get button, thread, needle and scissors']","Get button, thread, needle and scissors",1,0, A
1,15.384615384615383,"['Get button, thread, needle and scissors']","['Sew button onto garment.', 'Find right color string']",Find right color string,1,0, A
2,23.07692307692308,"['Get button, thread, needle and scissors', 'Find right color string']","['Pull needle out other side.', 'Find a button to sew.']",Find a button to sew.,1,0, A
3,38.46153846153847,"['Get button, thread, needle and scissors', 'Find right color string', 'Find a button to sew.']","['tie knot at end of thread', 'Tie knot on thread.']",tie knot at end of thread,0,0, A
4,50.0,"['Get button, thread, needle and scissors', 'Find right color string', 'Find a button to sew.', 'tie knot at end of thread']","['Push needle through the button holes', 'getting out needle']",Push needle through the button holes,0,0, A
5,76.92307692307693,"['Get button, thread, needle and scissors', 'Find right color string', 'Find a button to sew.', 'tie knot at end of thread', 'Push needle through the button holes']","['Place the button in the right spot', 'Repeat until button is tight']",Repeat until button is tight,1,0, A
6,84.61538461538461,"['Get button, thread, needle and scissors', 'Find right color string', 'Find a button to sew.', 'tie knot at end of thread', 'Push needle through the button holes', 'Repeat until button is tight']","['Cut off excess thread', 'Thread the needle.']",Cut off excess thread,0,0, A
7,88.46153846153845,"['Get button, thread, needle and scissors', 'Find right color string', 'Find a button to sew.', 'tie knot at end of thread', 'Push needle through the button holes', 'Repeat until button is tight', 'Cut off excess thread']","['Find the location where button needs to be sewn.', 'Clean up.']",Clean up.,1,0, A
8,92.3076923076923,"['Get button, thread, needle and scissors', 'Find right color string', 'Find a button to sew.', 'tie knot at end of thread', 'Push needle through the button holes', 'Repeat until button is tight', 'Cut off excess thread', 'Clean up.']","['Place needle through clothing.', 'Check the button']",Check the button,1,0, A
0,0.0,[],"['Tie off the end of the thread', 'Find sewing kit']",Find sewing kit,1,0, A
1,19.230769230769237,['Find sewing kit'],"['Get thread.', 'Insert needle through one side of button']",Get thread.,0,0, A
2,34.61538461538461,"['Find sewing kit', 'Get thread.']","['thread needle', 'Tie off thread']",thread needle,0,0, A
3,53.84615384615385,"['Find sewing kit', 'Get thread.', 'thread needle']","['Crisscross on the button', 'Get the proper colored thread']",Crisscross on the button,0,0, A
4,57.692307692307686,"['Find sewing kit', 'Get thread.', 'thread needle', 'Crisscross on the button']","['Get supplies - shirt, new button, thread, needle', 'Place needle through clothing.']",Place needle through clothing.,1,0, A
0,0.0,[],"['Place the thread through the needle', 'Get a thimble']",Get a thimble,1,0, A
1,15.384615384615383,['Get a thimble'],"['Cut excess thread', 'Find right color string']",Find right color string,1,0, A
2,23.07692307692308,"['Get a thimble', 'Find right color string']","['Get a button.', 'Put needle and thread through holes']",Get a button.,0,0, A
3,34.61538461538461,"['Get a thimble', 'Find right color string', 'Get a button.']","['Cut off remaining thread', 'Thread needle.']",Thread needle.,1,0, A
4,88.46153846153845,"['Get a thimble', 'Find right color string', 'Get a button.', 'Thread needle.']","['Put away thread and needle', 'Hold button to material.']",Put away thread and needle,0,0, A
0,0.0,[],"['Pull needle and thread', 'Get out sewing kit.']",Get out sewing kit.,1,0, A
1,23.07692307692308,['Get out sewing kit.'],"['Find a button', 'repeat 5-8 several times until button is secure']",Find a button,0,0, A
2,26.923076923076923,"['Get out sewing kit.', 'Find a button']","['carefully cut off old button if exists', 'Poke a hole in the fabric']",carefully cut off old button if exists,0,0, A
3,30.76923076923077,"['Get out sewing kit.', 'Find a button', 'carefully cut off old button if exists']","['Push needle under material to next hole', 'Put button on shirt.']",Put button on shirt.,1,0, A
4,46.15384615384615,"['Get out sewing kit.', 'Find a button', 'carefully cut off old button if exists', 'Put button on shirt.']","['Insert the needle with thread in button hole and shirt', 'Pick thread to use']",Insert the needle with thread in button hole and shirt,0,0, A
0,0.0,[],"['Push the needle through the garment into the button', 'Drive to fabric store']",Drive to fabric store,1,0, A
1,19.230769230769237,['Drive to fabric store'],"['Insert the thread through the button', 'Find thread that matches button color.']",Find thread that matches button color.,1,0, A
2,34.61538461538461,"['Drive to fabric store', 'Find thread that matches button color.']","['Tie the thread at the bottom of the button', 'Put an end of the thread through the eye of the needle']",Put an end of the thread through the eye of the needle,1,0, A
3,38.46153846153847,"['Drive to fabric store', 'Find thread that matches button color.', 'Put an end of the thread through the eye of the needle']","['Check if the button is tight', 'Tie knot in end of thread']",Tie knot in end of thread,1,0, A
4,42.30769230769231,"['Drive to fabric store', 'Find thread that matches button color.', 'Put an end of the thread through the eye of the needle', 'Tie knot in end of thread']","['Get needle', 'Cut thread string to how much is needed']",Cut thread string to how much is needed,1,0, A
5,46.15384615384615,"['Drive to fabric store', 'Find thread that matches button color.', 'Put an end of the thread through the eye of the needle', 'Tie knot in end of thread', 'Cut thread string to how much is needed']","['Sew button onto garment', 'Get a button to match']",Sew button onto garment,0,0, A
6,50.0,"['Drive to fabric store', 'Find thread that matches button color.', 'Put an end of the thread through the eye of the needle', 'Tie knot in end of thread', 'Cut thread string to how much is needed', 'Sew button onto garment']","['getting out needle', 'insert needle through cloth']",insert needle through cloth,1,0, A
7,61.53846153846154,"['Drive to fabric store', 'Find thread that matches button color.', 'Put an end of the thread through the eye of the needle', 'Tie knot in end of thread', 'Cut thread string to how much is needed', 'Sew button onto garment', 'insert needle through cloth']","['Get out sewing kit', 'push the needle through the button']",push the needle through the button,1,0, A
8,76.92307692307693,"['Drive to fabric store', 'Find thread that matches button color.', 'Put an end of the thread through the eye of the needle', 'Tie knot in end of thread', 'Cut thread string to how much is needed', 'Sew button onto garment', 'insert needle through cloth', 'push the needle through the button']","['Do this several times until the button is secure', 'find button']",Do this several times until the button is secure,0,0, A
0,0.0,[],"['put the needle in and out through the holes', 'Get a thimble']",Get a thimble,1,0, A
1,15.384615384615383,['Get a thimble'],"['Find right color string', 'Then push needle through material']",Find right color string,0,0, A
2,34.61538461538461,"['Get a thimble', 'Find right color string']","['Thread needle', 'Repeat 5 times with other two button holes']",Thread needle,0,0, A
3,88.46153846153845,"['Get a thimble', 'Find right color string', 'Thread needle']","['Get clothes', 'put back all the materials']",put back all the materials,1,0, A
0,0.0,[],"['Find sewing kit.', 'Place the button at right place']",Find sewing kit.,0,0, A
1,7.6923076923076925,['Find sewing kit.'],"['Grab a needle and thread', 'Make a knot on last pass']",Grab a needle and thread,0,0, A
2,34.61538461538461,"['Find sewing kit.', 'Grab a needle and thread']","['Get a thimble', 'thread needle with thread']",thread needle with thread,1,0, A
3,88.46153846153845,"['Find sewing kit.', 'Grab a needle and thread', 'thread needle with thread']","['Put supplies away', 'Pull thread through']",Put supplies away,0,0, A
0,0.0,[],"['Get a thimble', 'take needle bring up through the back of the item']",Get a thimble,0,0, A
1,15.384615384615383,['Get a thimble'],"['Keep threading until the button is firmly attached', 'Find right color string']",Find right color string,1,0, A
2,30.76923076923077,"['Get a thimble', 'Find right color string']","['place botton where you want it', 'Cut the needle off of the thread.']",place botton where you want it,0,0, A
3,53.84615384615385,"['Get a thimble', 'Find right color string', 'place botton where you want it']","['Get button', 'Place needle through button eyelets.']",Place needle through button eyelets.,1,0, A
4,61.53846153846154,"['Get a thimble', 'Find right color string', 'place botton where you want it', 'Place needle through button eyelets.']","['gather needle and thread', 'Push needle through hole']",Push needle through hole,1,0, A
5,76.92307692307693,"['Get a thimble', 'Find right color string', 'place botton where you want it', 'Place needle through button eyelets.', 'Push needle through hole']","['repeat', 'Find sewing kit.']",repeat,0,0, A
6,80.76923076923077,"['Get a thimble', 'Find right color string', 'place botton where you want it', 'Place needle through button eyelets.', 'Push needle through hole', 'repeat']","['Tie off thread', 'Choose thread color']",Tie off thread,0,0, A
7,88.46153846153845,"['Get a thimble', 'Find right color string', 'place botton where you want it', 'Place needle through button eyelets.', 'Push needle through hole', 'repeat', 'Tie off thread']","['Put needle away', 'Knot the end to make it stay']",Put needle away,0,0, A
8,92.3076923076923,"['Get a thimble', 'Find right color string', 'place botton where you want it', 'Place needle through button eyelets.', 'Push needle through hole', 'repeat', 'Tie off thread', 'Put needle away']","['Check if the button is tight', 'Get sewing basket']",Check if the button is tight,0,0, A
0,0.0,[],"['knot thread', 'Drive to fabric store']",Drive to fabric store,1,0, A
1,19.230769230769237,['Drive to fabric store'],"[""Pull a thread of a matching color through the needle's eye"", 'Sew through the diagonal hole of the button and the garment.']",Pull a thread of a matching color through the needle's eye,0,0, A
2,34.61538461538461,"['Drive to fabric store', ""Pull a thread of a matching color through the needle's eye""]","['Put thread in needle', 'Continue crisscrossing thread between holes of button until button is tight.']",Put thread in needle,0,0, A
3,42.30769230769231,"['Drive to fabric store', ""Pull a thread of a matching color through the needle's eye"", 'Put thread in needle']","['Get a needle', 'Cut about 16 inches worth of thread.']",Cut about 16 inches worth of thread.,1,0, A
4,46.15384615384615,"['Drive to fabric store', ""Pull a thread of a matching color through the needle's eye"", 'Put thread in needle', 'Cut about 16 inches worth of thread.']","['get thread and needle', 'Sow the thread through the button holes quite a few times']",Sow the thread through the button holes quite a few times,1,0, A
5,84.61538461538461,"['Drive to fabric store', ""Pull a thread of a matching color through the needle's eye"", 'Put thread in needle', 'Cut about 16 inches worth of thread.', 'Sow the thread through the button holes quite a few times']","['Find thread and needle.', 'cut remaining thread away']",cut remaining thread away,1,0, A
6,88.46153846153845,"['Drive to fabric store', ""Pull a thread of a matching color through the needle's eye"", 'Put thread in needle', 'Cut about 16 inches worth of thread.', 'Sow the thread through the button holes quite a few times', 'cut remaining thread away']","['get thread and needle', 'Put away needle and thread']",Put away needle and thread,1,0, A
0,0.0,[],"['Cut thread', 'Get sewing kit']",Get sewing kit,1,0, A
1,19.230769230769237,['Get sewing kit'],"['insert needle through cloth', 'Choose thread to sew button on with.']",Choose thread to sew button on with.,1,0, A
2,23.07692307692308,"['Get sewing kit', 'Choose thread to sew button on with.']","['find button', 'repeat until button is secure']",find button,0,0, A
3,34.61538461538461,"['Get sewing kit', 'Choose thread to sew button on with.', 'find button']","['Wrap the thread', 'Thread needle.']",Thread needle.,1,0, A
4,38.46153846153847,"['Get sewing kit', 'Choose thread to sew button on with.', 'find button', 'Thread needle.']","['Tie another knot at the end of the thread.', 'Tie a knot in the end of thread']",Tie a knot in the end of thread,1,0, A
5,42.30769230769231,"['Get sewing kit', 'Choose thread to sew button on with.', 'find button', 'Thread needle.', 'Tie a knot in the end of thread']","['Cut length of thread', 'Ending again in the back of the garment cut off the thread.']",Cut length of thread,0,0, A
6,61.53846153846154,"['Get sewing kit', 'Choose thread to sew button on with.', 'find button', 'Thread needle.', 'Tie a knot in the end of thread', 'Cut length of thread']","['Put needle into one button hole through shirt.', 'Take out right colored thread.']",Put needle into one button hole through shirt.,0,0, A
7,76.92307692307693,"['Get sewing kit', 'Choose thread to sew button on with.', 'find button', 'Thread needle.', 'Tie a knot in the end of thread', 'Cut length of thread', 'Put needle into one button hole through shirt.']","['Put thread through needle hole', 'Continue until the button is securely on the clothing']",Continue until the button is securely on the clothing,1,0, A
0,0.0,[],"['Grab the fabric and button', 'Tie thread to needle']",Grab the fabric and button,0,0, A
1,26.923076923076923,['Grab the fabric and button'],"['Push needle through hole', 'Lay down garment']",Lay down garment,1,0, A
2,34.61538461538461,"['Grab the fabric and button', 'Lay down garment']","['Tie off thread', 'Place the thread through the needle']",Place the thread through the needle,1,0, A
3,46.15384615384615,"['Grab the fabric and button', 'Lay down garment', 'Place the thread through the needle']","['Get thread.', 'use needle and thread to sew button onto shirt']",use needle and thread to sew button onto shirt,1,0, A
4,80.76923076923077,"['Grab the fabric and button', 'Lay down garment', 'Place the thread through the needle', 'use needle and thread to sew button onto shirt']","['Tie a knot.', 'take the button']",Tie a knot.,0,0, A
0,0.0,[],"['Push the needle through the garment into the button', 'Drive to fabric store']",Drive to fabric store,1,0, A
1,19.230769230769237,['Drive to fabric store'],"['Tie the end with a knot.', 'Get thread.']",Get thread.,1,0, A
2,23.07692307692308,"['Drive to fabric store', 'Get thread.']","['Put needle away', 'Purchase buttons']",Purchase buttons,1,0, A
3,34.61538461538461,"['Drive to fabric store', 'Get thread.', 'Purchase buttons']","['pull the thread through the eye of needle', 'Tie of thread on inside']",pull the thread through the eye of needle,0,0, A
4,46.15384615384615,"['Drive to fabric store', 'Get thread.', 'Purchase buttons', 'pull the thread through the eye of needle']","['Find thread', 'make few passes']",make few passes,1,0, A
5,61.53846153846154,"['Drive to fabric store', 'Get thread.', 'Purchase buttons', 'pull the thread through the eye of needle', 'make few passes']","['Cut the needle off of the thread.', 'Insert needle through one side of button']",Insert needle through one side of button,1,0, A
6,80.76923076923077,"['Drive to fabric store', 'Get thread.', 'Purchase buttons', 'pull the thread through the eye of needle', 'make few passes', 'Insert needle through one side of button']","['Hold button to material.', 'Make a knot on last pass']",Make a knot on last pass,1,0, A
7,84.61538461538461,"['Drive to fabric store', 'Get thread.', 'Purchase buttons', 'pull the thread through the eye of needle', 'make few passes', 'Insert needle through one side of button', 'Make a knot on last pass']","['Cut thread close to knot.', 'Get supplies - shirt, new button, thread, needle']",Cut thread close to knot.,0,0, A
8,88.46153846153845,"['Drive to fabric store', 'Get thread.', 'Purchase buttons', 'pull the thread through the eye of needle', 'make few passes', 'Insert needle through one side of button', 'Make a knot on last pass', 'Cut thread close to knot.']","['Find some thread and needle', 'Put the needle and thread away']",Put the needle and thread away,1,0, A
0,0.0,[],"['Take out sewing kit', 'Place item on flat surface']",Take out sewing kit,0,0, A
1,34.61538461538461,['Take out sewing kit'],"['stitching the button on', 'Hook thread through needle']",Hook thread through needle,1,0, A
2,42.30769230769231,"['Take out sewing kit', 'Hook thread through needle']","['measure and cut length of thread', 'put sewing kit away']",measure and cut length of thread,0,0, A
3,46.15384615384615,"['Take out sewing kit', 'Hook thread through needle', 'measure and cut length of thread']","['Put thread through button', 'Get the thread']",Put thread through button,0,0, A
4,80.76923076923077,"['Take out sewing kit', 'Hook thread through needle', 'measure and cut length of thread', 'Put thread through button']","['Get button', 'knot thread']",knot thread,1,0, A
5,88.46153846153845,"['Take out sewing kit', 'Hook thread through needle', 'measure and cut length of thread', 'Put thread through button', 'knot thread']","['Put the needle and thread away', 'tie a knot in thread']",Put the needle and thread away,0,0, A
0,0.0,[],"['MAKE SURE BUTTON IS SECURE', 'Drive to fabric store']",Drive to fabric store,1,0, A
1,19.230769230769237,['Drive to fabric store'],"['Push needle through other hole of button and through clothes', 'gathering thread']",gathering thread,1,0, A
2,34.61538461538461,"['Drive to fabric store', 'gathering thread']","['attach string to needle', 'tie thread at the end']",attach string to needle,0,0, A
3,50.0,"['Drive to fabric store', 'gathering thread', 'attach string to needle']","['Put the thread through the button and start threading', 'put the supplies away']",Put the thread through the button and start threading,0,0, A
4,61.53846153846154,"['Drive to fabric store', 'gathering thread', 'attach string to needle', 'Put the thread through the button and start threading']","['take needle bring up through the back of the item', 'Get needle and thread']",take needle bring up through the back of the item,0,0, A
5,65.38461538461539,"['Drive to fabric store', 'gathering thread', 'attach string to needle', 'Put the thread through the button and start threading', 'take needle bring up through the back of the item']","['Bring the needle up through another hole on button.', 'get thread']",Bring the needle up through another hole on button.,0,0, A
6,76.92307692307693,"['Drive to fabric store', 'gathering thread', 'attach string to needle', 'Put the thread through the button and start threading', 'take needle bring up through the back of the item', 'Bring the needle up through another hole on button.']","['Repeat', 'Put thread through needle hole']",Repeat,0,0, A
7,84.61538461538461,"['Drive to fabric store', 'gathering thread', 'attach string to needle', 'Put the thread through the button and start threading', 'take needle bring up through the back of the item', 'Bring the needle up through another hole on button.', 'Repeat']","['Obtain needle and thread', 'Cut away any extra string']",Cut away any extra string,1,0, A
8,88.46153846153845,"['Drive to fabric store', 'gathering thread', 'attach string to needle', 'Put the thread through the button and start threading', 'take needle bring up through the back of the item', 'Bring the needle up through another hole on button.', 'Repeat', 'Cut away any extra string']","['Find sewing kit.', 'Put all the items away']",Put all the items away,1,0, A
9,92.3076923076923,"['Drive to fabric store', 'gathering thread', 'attach string to needle', 'Put the thread through the button and start threading', 'take needle bring up through the back of the item', 'Bring the needle up through another hole on button.', 'Repeat', 'Cut away any extra string', 'Put all the items away']","['Sew button.', 'Check new button']",Check new button,1,0, A
0,0.0,[],"['Put everything away.', 'Get sewing kit']",Get sewing kit,1,0, A
1,34.61538461538461,['Get sewing kit'],"['Tie off thread', 'Thread needle.']",Thread needle.,1,0, A
2,46.15384615384615,"['Get sewing kit', 'Thread needle.']","['sew the button with criss-cross movement of needle', 'Get button, thread, needle and scissors']",sew the button with criss-cross movement of needle,0,0, A
3,80.76923076923077,"['Get sewing kit', 'Thread needle.', 'sew the button with criss-cross movement of needle']","['Tie ends.', 'Get thread.']",Tie ends.,0,0, A
4,88.46153846153845,"['Get sewing kit', 'Thread needle.', 'sew the button with criss-cross movement of needle', 'Tie ends.']","['Put away needle and thread', 'Align button']",Put away needle and thread,0,0, A
5,92.3076923076923,"['Get sewing kit', 'Thread needle.', 'sew the button with criss-cross movement of needle', 'Tie ends.', 'Put away needle and thread']","['Place button onto item of clothing', 'MAKE SURE BUTTON IS SECURE']",MAKE SURE BUTTON IS SECURE,1,0, A
0,0.0,[],"['Take out sewing kit.', 'Pass the needle through the second button hole']",Take out sewing kit.,0,0, A
1,19.230769230769237,['Take out sewing kit.'],"['repeat until button is secure', 'Get out thread']",Get out thread,1,0, A
2,34.61538461538461,"['Take out sewing kit.', 'Get out thread']","['Insert the thread into the needle hole', 'Check if the button is tight']",Insert the thread into the needle hole,0,0, A
3,88.46153846153845,"['Take out sewing kit.', 'Get out thread', 'Insert the thread into the needle hole']","['Take out the needle', 'Find a matching button']",Take out the needle,0,0, A
4,92.3076923076923,"['Take out sewing kit.', 'Get out thread', 'Insert the thread into the needle hole', 'Take out the needle']","['Check new button', 'thread needle']",Check new button,0,0, A
0,0.0,[],"['Grab the fabric and button', 'Slide button onto needle and thread.']",Grab the fabric and button,0,0, A
1,7.6923076923076925,['Grab the fabric and button'],"['Run needle and thread through button hole and fabric hole', 'find needle and thread']",find needle and thread,1,0, A
2,26.923076923076923,"['Grab the fabric and button', 'find needle and thread']","['find shirt with missing button', 'Tie the thread in a knot to secure it']",find shirt with missing button,0,0, A
3,46.15384615384615,"['Grab the fabric and button', 'find needle and thread', 'find shirt with missing button']","['FIND THE REPLACEMENT BUTTON', 'Put thread through button']",Put thread through button,1,0, A
4,50.0,"['Grab the fabric and button', 'find needle and thread', 'find shirt with missing button', 'Put thread through button']","['put the needle into the fabric', 'Get a needle and thread.']",put the needle into the fabric,0,0, A
5,61.53846153846154,"['Grab the fabric and button', 'find needle and thread', 'find shirt with missing button', 'Put thread through button', 'put the needle into the fabric']","['Starting from the bottom, poke needle through hole in button', 'Get needle']","Starting from the bottom, poke needle through hole in button",0,0, A
6,76.92307692307693,"['Grab the fabric and button', 'find needle and thread', 'find shirt with missing button', 'Put thread through button', 'put the needle into the fabric', 'Starting from the bottom, poke needle through hole in button']","[""Make 4 x's in button."", 'get item to be sewn']",Make 4 x's in button.,0,0, A
7,84.61538461538461,"['Grab the fabric and button', 'find needle and thread', 'find shirt with missing button', 'Put thread through button', 'put the needle into the fabric', 'Starting from the bottom, poke needle through hole in button', ""Make 4 x's in button.""]","['Get shirt', 'Cut off the extra thread']",Cut off the extra thread,1,0, A
8,88.46153846153845,"['Grab the fabric and button', 'find needle and thread', 'find shirt with missing button', 'Put thread through button', 'put the needle into the fabric', 'Starting from the bottom, poke needle through hole in button', ""Make 4 x's in button."", 'Cut off the extra thread']","['Take out the needle', 'Get thread']",Take out the needle,0,0, A
0,0.0,[],"['Take out sewing kit.', 'putting the button on the fabric']",Take out sewing kit.,0,0, A
1,7.6923076923076925,['Take out sewing kit.'],"['Sow the thread through the button holes quite a few times', 'Get a needle and thread.']",Get a needle and thread.,1,0, A
2,34.61538461538461,"['Take out sewing kit.', 'Get a needle and thread.']","['Tie of thread on inside', 'tie the thread to the sewing needle']",tie the thread to the sewing needle,1,0, A
3,38.46153846153847,"['Take out sewing kit.', 'Get a needle and thread.', 'tie the thread to the sewing needle']","['Tie knot on needle.', 'Continue sewing.']",Tie knot on needle.,0,0, A
4,50.0,"['Take out sewing kit.', 'Get a needle and thread.', 'tie the thread to the sewing needle', 'Tie knot on needle.']","['cut thread from button', 'Push needle through back of clothes and through hole of button']",Push needle through back of clothes and through hole of button,1,0, A
5,76.92307692307693,"['Take out sewing kit.', 'Get a needle and thread.', 'tie the thread to the sewing needle', 'Tie knot on needle.', 'Push needle through back of clothes and through hole of button']","['Continue to loop the needle and thread through the button holes.', 'Remove thread and needle from kit']",Continue to loop the needle and thread through the button holes.,0,0, A
6,80.76923076923077,"['Take out sewing kit.', 'Get a needle and thread.', 'tie the thread to the sewing needle', 'Tie knot on needle.', 'Push needle through back of clothes and through hole of button', 'Continue to loop the needle and thread through the button holes.']","['Tie knot in thread', 'GET SOME NEEDLE AND THREAD']",Tie knot in thread,0,0, A
0,0.0,[],"['Drive to fabric store', 'push needle to back of the item']",Drive to fabric store,0,0, A
1,19.230769230769237,['Drive to fabric store'],"['Take out right colored thread.', 'Using threaded needle, sew button on to garment.']",Take out right colored thread.,0,0, A
2,26.923076923076923,"['Drive to fabric store', 'Take out right colored thread.']","['Sew through the diagonal hole of the button and the garment.', 'Get the item of clothing the button is to go on']",Get the item of clothing the button is to go on,1,0, A
3,30.76923076923077,"['Drive to fabric store', 'Take out right colored thread.', 'Get the item of clothing the button is to go on']","['Place the button on the cloth', 'Tie the thread in a knot to secure it']",Place the button on the cloth,0,0, A
4,53.84615384615385,"['Drive to fabric store', 'Take out right colored thread.', 'Get the item of clothing the button is to go on', 'Place the button on the cloth']","['Grab button', 'Pull through other end']",Pull through other end,1,0, A
0,0.0,[],"['Grab the fabric and button', 'Place the thread inside the needle']",Grab the fabric and button,0,0, A
1,26.923076923076923,['Grab the fabric and button'],"['Sew button through third hole', 'grab object the button is being sewed']",grab object the button is being sewed,1,0, A
2,34.61538461538461,"['Grab the fabric and button', 'grab object the button is being sewed']","['Thread needle with some thread.', 'Check if the button is tight']",Thread needle with some thread.,0,0, A
3,42.30769230769231,"['Grab the fabric and button', 'grab object the button is being sewed', 'Thread needle with some thread.']","['Cut thread string to how much is needed', 'Get needle']",Cut thread string to how much is needed,0,0, A
4,46.15384615384615,"['Grab the fabric and button', 'grab object the button is being sewed', 'Thread needle with some thread.', 'Cut thread string to how much is needed']","['Sow the thread through the button holes quite a few times', 'get thread and needle']",Sow the thread through the button holes quite a few times,0,0, A
5,88.46153846153845,"['Grab the fabric and button', 'grab object the button is being sewed', 'Thread needle with some thread.', 'Cut thread string to how much is needed', 'Sow the thread through the button holes quite a few times']","['Find similar color thread to use.', 'put back all the materials']",put back all the materials,1,0, A
6,92.3076923076923,"['Grab the fabric and button', 'grab object the button is being sewed', 'Thread needle with some thread.', 'Cut thread string to how much is needed', 'Sow the thread through the button holes quite a few times', 'put back all the materials']","['Thread the needle', 'Check new button']",Check new button,1,0, A
0,0.0,[],"['Cut off excess thread', 'Get sewing kit']",Get sewing kit,1,0, A
1,7.6923076923076925,['Get sewing kit'],"['Get thread and needle', 'cut the thread']",Get thread and needle,0,0, A
2,23.07692307692308,"['Get sewing kit', 'Get thread and needle']","['Repeat to make loop and knot it.', 'Find button']",Find button,1,0, A
3,34.61538461538461,"['Get sewing kit', 'Get thread and needle', 'Find button']","['Put thread in needle', 'Get scissors, needle, button and thread']",Put thread in needle,0,0, A
4,46.15384615384615,"['Get sewing kit', 'Get thread and needle', 'Find button', 'Put thread in needle']","['Use needle to go through button holes', 'get thread and needle']",Use needle to go through button holes,0,0, A
0,0.0,[],"['Get supplies - shirt, new button, thread, needle', ""Make 4 x's in button.""]","Get supplies - shirt, new button, thread, needle",0,0, A
1,26.923076923076923,"['Get supplies - shirt, new button, thread, needle']","['Place item on flat surface', 'Cut off excess thread']",Place item on flat surface,0,0, A
2,34.61538461538461,"['Get supplies - shirt, new button, thread, needle', 'Place item on flat surface']","['Thread needle.', 'Keep sewing until the button is secure.']",Thread needle.,0,0, A
3,88.46153846153845,"['Get supplies - shirt, new button, thread, needle', 'Place item on flat surface', 'Thread needle.']","['gathering thread', 'Put all the items away']",Put all the items away,1,0, A
4,92.3076923076923,"['Get supplies - shirt, new button, thread, needle', 'Place item on flat surface', 'Thread needle.', 'Put all the items away']","['Check new button', 'Put button on shirt.']",Check new button,0,0, A
0,0.0,[],"['stitching the button on', 'Drive to fabric store']",Drive to fabric store,1,0, A
1,19.230769230769237,['Drive to fabric store'],"['Cut thread close to knot.', 'Find thread that matches button color.']",Find thread that matches button color.,1,0, A
2,34.61538461538461,"['Drive to fabric store', 'Find thread that matches button color.']","['Thread a needle', 'Cross over to perpendicular hole, push needle back through']",Thread a needle,0,0, A
3,42.30769230769231,"['Drive to fabric store', 'Find thread that matches button color.', 'Thread a needle']","['knot thread', 'Cut thread string to how much is needed']",Cut thread string to how much is needed,1,0, A
4,61.53846153846154,"['Drive to fabric store', 'Find thread that matches button color.', 'Thread a needle', 'Cut thread string to how much is needed']","['gather needle', 'Push needle through first hole']",Push needle through first hole,1,0, A
5,65.38461538461539,"['Drive to fabric store', 'Find thread that matches button color.', 'Thread a needle', 'Cut thread string to how much is needed', 'Push needle through first hole']","['Get the item of clothing the button is to go on', 'Put the needle thorough the back of the button hole.']",Put the needle thorough the back of the button hole.,1,0, A
6,69.23076923076923,"['Drive to fabric store', 'Find thread that matches button color.', 'Thread a needle', 'Cut thread string to how much is needed', 'Push needle through first hole', 'Put the needle thorough the back of the button hole.']","['Get back the needle through the third button hole', 'Use needle to go through button holes']",Get back the needle through the third button hole,0,0, A
0,0.0,[],"['Thread needle.', 'get thread, needle, button to be sewn']","get thread, needle, button to be sewn",1,0, A
1,30.76923076923077,"['get thread, needle, button to be sewn']","['Place button onto item of clothing', 'Clean up.']",Place button onto item of clothing,0,0, A
2,53.84615384615385,"['get thread, needle, button to be sewn', 'Place button onto item of clothing']","['Look through sewing kit for a button that matches clothing.', 'pull thread forward']",pull thread forward,1,0, A
0,0.0,[],"['Get a thimble', 'Start to sew on button']",Get a thimble,0,0, A
1,26.923076923076923,['Get a thimble'],"['cut the thread when finished', 'Get garment which you would like to sew button on to.']",Get garment which you would like to sew button on to.,1,0, A
2,50.0,"['Get a thimble', 'Get garment which you would like to sew button on to.']","['Find a needle', 'Push the needle through the fabric']",Push the needle through the fabric,1,0, A
3,53.84615384615385,"['Get a thimble', 'Get garment which you would like to sew button on to.', 'Push the needle through the fabric']","['Sew needle through other holes in an X formation', 'Get out sewing kit.']",Sew needle through other holes in an X formation,0,0, A
4,76.92307692307693,"['Get a thimble', 'Get garment which you would like to sew button on to.', 'Push the needle through the fabric', 'Sew needle through other holes in an X formation']","['Do this several times until the button is secure', 'get button']",Do this several times until the button is secure,0,0, A
5,80.76923076923077,"['Get a thimble', 'Get garment which you would like to sew button on to.', 'Push the needle through the fabric', 'Sew needle through other holes in an X formation', 'Do this several times until the button is secure']","['Secure the button with a knot', 'put button where other button was located']",Secure the button with a knot,0,0, A
0,0.0,[],"['Get button, thread, needle and scissors', 'Position needle with thread']","Get button, thread, needle and scissors",0,0, A
1,7.6923076923076925,"['Get button, thread, needle and scissors']","['Get needle and thread', 'make sure button is secure']",Get needle and thread,0,0, A
2,30.76923076923077,"['Get button, thread, needle and scissors', 'Get needle and thread']","['Line the button back into place', 'Cut the needle off of the thread.']",Line the button back into place,0,0, A
3,34.61538461538461,"['Get button, thread, needle and scissors', 'Get needle and thread', 'Line the button back into place']","['repeat 5-8 several times until button is secure', 'Put thread through a needle.']",Put thread through a needle.,1,0, A
4,38.46153846153847,"['Get button, thread, needle and scissors', 'Get needle and thread', 'Line the button back into place', 'Put thread through a needle.']","['Repeat 4 or 5 times', 'Tie knot']",Tie knot,1,0, A
5,50.0,"['Get button, thread, needle and scissors', 'Get needle and thread', 'Line the button back into place', 'Put thread through a needle.', 'Tie knot']","['Cut the needle off of the thread.', 'Push the needle through the fabric']",Push the needle through the fabric,1,0, A
6,61.53846153846154,"['Get button, thread, needle and scissors', 'Get needle and thread', 'Line the button back into place', 'Put thread through a needle.', 'Tie knot', 'Push the needle through the fabric']","['Push needle through first hole', 'gather garment for buttoning']",Push needle through first hole,0,0, A
7,80.76923076923077,"['Get button, thread, needle and scissors', 'Get needle and thread', 'Line the button back into place', 'Put thread through a needle.', 'Tie knot', 'Push the needle through the fabric', 'Push needle through first hole']","['Get a needle', 'Tie the thread in a knot to secure it']",Tie the thread in a knot to secure it,1,0, A
8,88.46153846153845,"['Get button, thread, needle and scissors', 'Get needle and thread', 'Line the button back into place', 'Put thread through a needle.', 'Tie knot', 'Push the needle through the fabric', 'Push needle through first hole', 'Tie the thread in a knot to secure it']","['Find a button to sew.', 'put sewing kit away']",put sewing kit away,1,0, A
0,0.0,[],"['Drive to fabric store', 'stitching the button on']",Drive to fabric store,0,0, A
1,19.230769230769237,['Drive to fabric store'],"[""Pull a thread of a matching color through the needle's eye"", 'Do this through all holes of button']",Pull a thread of a matching color through the needle's eye,0,0, A
2,23.07692307692308,"['Drive to fabric store', ""Pull a thread of a matching color through the needle's eye""]","['Insert the needle back into the garment from the top of the button', 'Take button.']",Take button.,1,0, A
3,26.923076923076923,"['Drive to fabric store', ""Pull a thread of a matching color through the needle's eye"", 'Take button.']","['Holding button at appropriate location, press needle through first hole on button.', 'Lay down garment']",Lay down garment,1,0, A
4,30.76923076923077,"['Drive to fabric store', ""Pull a thread of a matching color through the needle's eye"", 'Take button.', 'Lay down garment']","['place button on cloth where it needs to go', 'Tie off thread']",place button on cloth where it needs to go,0,0, A
5,42.30769230769231,"['Drive to fabric store', ""Pull a thread of a matching color through the needle's eye"", 'Take button.', 'Lay down garment', 'place button on cloth where it needs to go']","['Cut thread string to how much is needed', 'Get thread and needle']",Cut thread string to how much is needed,0,0, A
6,46.15384615384615,"['Drive to fabric store', ""Pull a thread of a matching color through the needle's eye"", 'Take button.', 'Lay down garment', 'place button on cloth where it needs to go', 'Cut thread string to how much is needed']","['Grab button', 'Sew the button in place with the needle and thread']",Sew the button in place with the needle and thread,1,0, A
7,50.0,"['Drive to fabric store', ""Pull a thread of a matching color through the needle's eye"", 'Take button.', 'Lay down garment', 'place button on cloth where it needs to go', 'Cut thread string to how much is needed', 'Sew the button in place with the needle and thread']","['Continue sewing in an X pattern until the button is secure.', 'insert needle through cloth']",insert needle through cloth,1,0, A
8,53.84615384615385,"['Drive to fabric store', ""Pull a thread of a matching color through the needle's eye"", 'Take button.', 'Lay down garment', 'place button on cloth where it needs to go', 'Cut thread string to how much is needed', 'Sew the button in place with the needle and thread', 'insert needle through cloth']","['Find a needle and thread', 'Insert the needle into the button hole']",Insert the needle into the button hole,1,0, A
0,0.0,[],"['Tie knot in thread', 'Get the sewing kit.']",Get the sewing kit.,1,0, A
1,34.61538461538461,['Get the sewing kit.'],"['Cut excess thread', 'Thread the needle.']",Thread the needle.,1,0, A
2,53.84615384615385,"['Get the sewing kit.', 'Thread the needle.']","['Get button', 'Return the needle through the fabric and through a different button hole']",Return the needle through the fabric and through a different button hole,1,0, A
3,57.692307692307686,"['Get the sewing kit.', 'Thread the needle.', 'Return the needle through the fabric and through a different button hole']","['Place needle through clothing.', 'tug to make sure it is secure']",Place needle through clothing.,0,0, A
4,61.53846153846154,"['Get the sewing kit.', 'Thread the needle.', 'Return the needle through the fabric and through a different button hole', 'Place needle through clothing.']","['Pull the needle until thread is completely on the other side of shirt', 'Find needle']",Pull the needle until thread is completely on the other side of shirt,0,0, A
5,65.38461538461539,"['Get the sewing kit.', 'Thread the needle.', 'Return the needle through the fabric and through a different button hole', 'Place needle through clothing.', 'Pull the needle until thread is completely on the other side of shirt']","['Pull needle out other side.', 'grab a needle and string']",Pull needle out other side.,0,0, A
6,76.92307692307693,"['Get the sewing kit.', 'Thread the needle.', 'Return the needle through the fabric and through a different button hole', 'Place needle through clothing.', 'Pull the needle until thread is completely on the other side of shirt', 'Pull needle out other side.']","['Continue sewing.', 'Take out sewing kit.']",Continue sewing.,0,0, A
7,84.61538461538461,"['Get the sewing kit.', 'Thread the needle.', 'Return the needle through the fabric and through a different button hole', 'Place needle through clothing.', 'Pull the needle until thread is completely on the other side of shirt', 'Pull needle out other side.', 'Continue sewing.']","['attach button', 'cut remaining thread away']",cut remaining thread away,1,0, A
8,88.46153846153845,"['Get the sewing kit.', 'Thread the needle.', 'Return the needle through the fabric and through a different button hole', 'Place needle through clothing.', 'Pull the needle until thread is completely on the other side of shirt', 'Pull needle out other side.', 'Continue sewing.', 'cut remaining thread away']","['put back all the materials', 'place button on cloth where it needs to go']",put back all the materials,0,0, A
9,92.3076923076923,"['Get the sewing kit.', 'Thread the needle.', 'Return the needle through the fabric and through a different button hole', 'Place needle through clothing.', 'Pull the needle until thread is completely on the other side of shirt', 'Pull needle out other side.', 'Continue sewing.', 'cut remaining thread away', 'put back all the materials']","['Get sewing basket', 'MAKE SURE BUTTON IS SECURE']",MAKE SURE BUTTON IS SECURE,1,0, A
0,0.0,[],"['Drive to fabric store', 'use needle and thread to sew button onto shirt']",Drive to fabric store,0,0, A
1,19.230769230769237,['Drive to fabric store'],"['Run needle and thread through button hole and fabric hole', 'Get thread.']",Get thread.,1,0, A
2,26.923076923076923,"['Drive to fabric store', 'Get thread.']","['Prepare garment for sewing', 'take needle bring up through the back of the item']",Prepare garment for sewing,0,0, A
3,46.15384615384615,"['Drive to fabric store', 'Get thread.', 'Prepare garment for sewing']","['Get button', 'Sew the button on the cloth using the needle']",Sew the button on the cloth using the needle,1,0, A
4,76.92307692307693,"['Drive to fabric store', 'Get thread.', 'Prepare garment for sewing', 'Sew the button on the cloth using the needle']","['Find thread that matches button color.', 'stitching the button on']",stitching the button on,1,0, A
5,84.61538461538461,"['Drive to fabric store', 'Get thread.', 'Prepare garment for sewing', 'Sew the button on the cloth using the needle', 'stitching the button on']","['get thread, needle, button to be sewn', 'Cut.']",Cut.,1,0, A
0,0.0,[],"['Thread needle', 'Get button, thread, needle and scissors']","Get button, thread, needle and scissors",1,0, A
1,30.76923076923077,"['Get button, thread, needle and scissors']","['Determine proper placement for button', 'Take out sewing kit']",Determine proper placement for button,0,0, A
2,53.84615384615385,"['Get button, thread, needle and scissors', 'Determine proper placement for button']","['Pull thread through opposite button hole', 'Take the cloth to be sewed']",Pull thread through opposite button hole,0,0, A
3,80.76923076923077,"['Get button, thread, needle and scissors', 'Determine proper placement for button', 'Pull thread through opposite button hole']","['Tie off thread', 'thread the needle']",Tie off thread,0,0, A
4,88.46153846153845,"['Get button, thread, needle and scissors', 'Determine proper placement for button', 'Pull thread through opposite button hole', 'Tie off thread']","['take needle bring up through the back of the item', 'put the supplies away']",put the supplies away,1,0, A
5,92.3076923076923,"['Get button, thread, needle and scissors', 'Determine proper placement for button', 'Pull thread through opposite button hole', 'Tie off thread', 'put the supplies away']","['MAKE SURE BUTTON IS SECURE', 'Sew the button onto the garment by passing the needle through all 4 button holes.']",MAKE SURE BUTTON IS SECURE,0,0, A
0,0.0,[],"['Get out sewing kit.', 'Knot the end to make it stay']",Get out sewing kit.,0,0, A
1,7.6923076923076925,['Get out sewing kit.'],"['Collect thread and needle.', 'Pull needle and thread']",Collect thread and needle.,0,0, A
2,26.923076923076923,"['Get out sewing kit.', 'Collect thread and needle.']","['Push needle through button and fabric.', 'Hold shirt with non-dominant hand']",Hold shirt with non-dominant hand,1,0, A
3,34.61538461538461,"['Get out sewing kit.', 'Collect thread and needle.', 'Hold shirt with non-dominant hand']","['Put thread through needle', 'tie knot on thread']",Put thread through needle,0,0, A
4,53.84615384615385,"['Get out sewing kit.', 'Collect thread and needle.', 'Hold shirt with non-dominant hand', 'Put thread through needle']","['Place needle through button eyelets.', 'Find similar button']",Place needle through button eyelets.,0,0, A
5,84.61538461538461,"['Get out sewing kit.', 'Collect thread and needle.', 'Hold shirt with non-dominant hand', 'Put thread through needle', 'Place needle through button eyelets.']","['Thread the needle, double it up and tie a knot at the end', 'break the thread']",break the thread,1,0, A
6,88.46153846153845,"['Get out sewing kit.', 'Collect thread and needle.', 'Hold shirt with non-dominant hand', 'Put thread through needle', 'Place needle through button eyelets.', 'break the thread']","['Take out the needle', 'Get shirt']",Take out the needle,0,0, A
0,0.0,[],"['tie a knot in thread', 'Get sewing kit']",Get sewing kit,1,0, A
1,23.07692307692308,['Get sewing kit'],"['Find a button that matches', 'Repeat 4 or 5 times']",Find a button that matches,0,0, A
2,26.923076923076923,"['Get sewing kit', 'Find a button that matches']","['Place item on flat surface', 'Put away thread and needle']",Place item on flat surface,0,0, A
3,34.61538461538461,"['Get sewing kit', 'Find a button that matches', 'Place item on flat surface']","[""TIE A KNOT IN THE END OF THE THREAD SO THE BUTTON DOESN'T COME OFF"", 'Thread the needle']",Thread the needle,1,0, A
4,46.15384615384615,"['Get sewing kit', 'Find a button that matches', 'Place item on flat surface', 'Thread the needle']","['put needle with thread into clothes', 'Find a button']",put needle with thread into clothes,0,0, A
5,50.0,"['Get sewing kit', 'Find a button that matches', 'Place item on flat surface', 'Thread the needle', 'put needle with thread into clothes']","['Obtain needle and thread', 'Put needle through one hole']",Put needle through one hole,1,0, A
6,61.53846153846154,"['Get sewing kit', 'Find a button that matches', 'Place item on flat surface', 'Thread the needle', 'put needle with thread into clothes', 'Put needle through one hole']","['Grab the fabric and button', 'Sew button onto fabric through the first hole']",Sew button onto fabric through the first hole,1,0, A
7,80.76923076923077,"['Get sewing kit', 'Find a button that matches', 'Place item on flat surface', 'Thread the needle', 'put needle with thread into clothes', 'Put needle through one hole', 'Sew button onto fabric through the first hole']","['Place button onto item of clothing', 'tie off the thread']",tie off the thread,1,0, A
8,84.61538461538461,"['Get sewing kit', 'Find a button that matches', 'Place item on flat surface', 'Thread the needle', 'put needle with thread into clothes', 'Put needle through one hole', 'Sew button onto fabric through the first hole', 'tie off the thread']","['Cut off excess thread', 'Acquire new button']",Cut off excess thread,0,0, A
0,0.0,[],"['Drive to fabric store', 'Place needle through button eyelets.']",Drive to fabric store,0,0, A
1,19.230769230769237,['Drive to fabric store'],"['Find thread that matches', 'Poke needle through opposite hole']",Find thread that matches,0,0, A
2,26.923076923076923,"['Drive to fabric store', 'Find thread that matches']","['Find a piece of clothing.', 'Ending again in the back of the garment cut off the thread.']",Find a piece of clothing.,0,0, A
3,50.0,"['Drive to fabric store', 'Find thread that matches', 'Find a piece of clothing.']","['Put supplies away', 'Insert the thread through the button']",Insert the thread through the button,1,0, A
4,76.92307692307693,"['Drive to fabric store', 'Find thread that matches', 'Find a piece of clothing.', 'Insert the thread through the button']","['Repeat until button is secure', 'get thread']",Repeat until button is secure,0,0, A
5,80.76923076923077,"['Drive to fabric store', 'Find thread that matches', 'Find a piece of clothing.', 'Insert the thread through the button', 'Repeat until button is secure']","['Tie off knot with thread.', 'Place button where it belongs on garment']",Tie off knot with thread.,0,0, A
6,88.46153846153845,"['Drive to fabric store', 'Find thread that matches', 'Find a piece of clothing.', 'Insert the thread through the button', 'Repeat until button is secure', 'Tie off knot with thread.']","['Take out the needle', 'Crisscross on the button']",Take out the needle,0,0, A
7,92.3076923076923,"['Drive to fabric store', 'Find thread that matches', 'Find a piece of clothing.', 'Insert the thread through the button', 'Repeat until button is secure', 'Tie off knot with thread.', 'Take out the needle']","['Check if the button is tight', 'With needle and thread push needle through cloth and through button hole']",Check if the button is tight,0,0, A
0,0.0,[],"['Get button, thread, needle and scissors', 'Thread the needle and tie a knot at end of thread.']","Get button, thread, needle and scissors",0,0, A
1,30.76923076923077,"['Get button, thread, needle and scissors']","['place button on cloth where it needs to go', 'Continue repeating pushing up and pushing thread back down']",place button on cloth where it needs to go,0,0, A
2,53.84615384615385,"['Get button, thread, needle and scissors', 'place button on cloth where it needs to go']","['gather garment for buttoning', 'Pull through other end']",Pull through other end,1,0, A
3,61.53846153846154,"['Get button, thread, needle and scissors', 'place button on cloth where it needs to go', 'Pull through other end']","['Get the garment', 'Starting from the bottom, poke needle through hole in button']","Starting from the bottom, poke needle through hole in button",1,0, A
4,80.76923076923077,"['Get button, thread, needle and scissors', 'place button on cloth where it needs to go', 'Pull through other end', 'Starting from the bottom, poke needle through hole in button']","['Tie the thread at the bottom of the button', 'attach button to shirt']",Tie the thread at the bottom of the button,0,0, A
5,88.46153846153845,"['Get button, thread, needle and scissors', 'place button on cloth where it needs to go', 'Pull through other end', 'Starting from the bottom, poke needle through hole in button', 'Tie the thread at the bottom of the button']","['PUT NEEDLE AND THREAD AWAY', 'Tie knot in other end of thread']",PUT NEEDLE AND THREAD AWAY,0,0, A
6,92.3076923076923,"['Get button, thread, needle and scissors', 'place button on cloth where it needs to go', 'Pull through other end', 'Starting from the bottom, poke needle through hole in button', 'Tie the thread at the bottom of the button', 'PUT NEEDLE AND THREAD AWAY']","['Check the button', 'find needle and thread']",Check the button,0,0, A
0,0.0,[],"['Push needle through button and fabric.', 'Drive to fabric store']",Drive to fabric store,1,0, A
1,19.230769230769237,['Drive to fabric store'],"['Find thread that matches', 'Sew in a pattern that looks like an X through the holes of the button.']",Find thread that matches,0,0, A
2,23.07692307692308,"['Drive to fabric store', 'Find thread that matches']","['Apply button by driving needle through button', 'Get button']",Get button,1,0, A
3,26.923076923076923,"['Drive to fabric store', 'Find thread that matches', 'Get button']","['carefully cut off old button if exists', 'PUT NEEDLE AND THREAD AWAY']",carefully cut off old button if exists,0,0, A
4,30.76923076923077,"['Drive to fabric store', 'Find thread that matches', 'Get button', 'carefully cut off old button if exists']","['line new button up with corresponding button hole', 'tie off the thread']",line new button up with corresponding button hole,0,0, A
5,34.61538461538461,"['Drive to fabric store', 'Find thread that matches', 'Get button', 'carefully cut off old button if exists', 'line new button up with corresponding button hole']","['thread the needle', 'Pull til it stops at the knot, push through fabric and another button hole']",thread the needle,0,0, A
6,53.84615384615385,"['Drive to fabric store', 'Find thread that matches', 'Get button', 'carefully cut off old button if exists', 'line new button up with corresponding button hole', 'thread the needle']","['repeat the same way', 'Take thread from sewing kit']",repeat the same way,0,0, A
7,57.692307692307686,"['Drive to fabric store', 'Find thread that matches', 'Get button', 'carefully cut off old button if exists', 'line new button up with corresponding button hole', 'thread the needle', 'repeat the same way']","['Pull through', 'Find button that matches others.']",Pull through,0,0, A
8,76.92307692307693,"['Drive to fabric store', 'Find thread that matches', 'Get button', 'carefully cut off old button if exists', 'line new button up with corresponding button hole', 'thread the needle', 'repeat the same way', 'Pull through']","['Hold button to material.', 'Repeat steps 4 through 6 about 30 times']",Repeat steps 4 through 6 about 30 times,1,0, A
0,0.0,[],"['Sew button into place', 'Gather supplies']",Gather supplies,1,0, A
1,7.6923076923076925,['Gather supplies'],"['Get a needle and thread.', 'Put the thread through the button and start threading']",Get a needle and thread.,0,0, A
2,26.923076923076923,"['Gather supplies', 'Get a needle and thread.']","['Cut thread', 'Hold shirt with non-dominant hand']",Hold shirt with non-dominant hand,1,0, A
3,34.61538461538461,"['Gather supplies', 'Get a needle and thread.', 'Hold shirt with non-dominant hand']","['thread needle', 'Cut off any loose threads with a scissors.']",thread needle,0,0, A
4,53.84615384615385,"['Gather supplies', 'Get a needle and thread.', 'Hold shirt with non-dominant hand', 'thread needle']","['Get needle and thread', 'Pull the needle through a hole in the button, then back into the fabric']","Pull the needle through a hole in the button, then back into the fabric",1,0, A
5,57.692307692307686,"['Gather supplies', 'Get a needle and thread.', 'Hold shirt with non-dominant hand', 'thread needle', 'Pull the needle through a hole in the button, then back into the fabric']","[""pass needle and thread back through another of the button's needle holes"", 'Find a needle and thread']",pass needle and thread back through another of the button's needle holes,0,0, A
6,61.53846153846154,"['Gather supplies', 'Get a needle and thread.', 'Hold shirt with non-dominant hand', 'thread needle', 'Pull the needle through a hole in the button, then back into the fabric', ""pass needle and thread back through another of the button's needle holes""]","['Insert needle through one side of button', 'Cut loose ends']",Insert needle through one side of button,0,0, A
7,80.76923076923077,"['Gather supplies', 'Get a needle and thread.', 'Hold shirt with non-dominant hand', 'thread needle', 'Pull the needle through a hole in the button, then back into the fabric', ""pass needle and thread back through another of the button's needle holes"", 'Insert needle through one side of button']","['tie knot at end of thread', 'Break the thread and tie a final knot']",Break the thread and tie a final knot,1,0, A
8,84.61538461538461,"['Gather supplies', 'Get a needle and thread.', 'Hold shirt with non-dominant hand', 'thread needle', 'Pull the needle through a hole in the button, then back into the fabric', ""pass needle and thread back through another of the button's needle holes"", 'Insert needle through one side of button', 'Break the thread and tie a final knot']","['cut the thread when finished', 'Starting from the bottom, poke needle through hole in button']",cut the thread when finished,0,0, A
0,0.0,[],"['Drive to fabric store', 'Make a knot in fabric with thread behind the button']",Drive to fabric store,0,0, A
1,19.230769230769237,['Drive to fabric store'],"['Cut off any excess thread.', 'Get thread']",Get thread,1,0, A
2,30.76923076923077,"['Drive to fabric store', 'Get thread']","['Place button where you want it.', 'Take out sewing kit.']",Place button where you want it.,0,0, A
3,46.15384615384615,"['Drive to fabric store', 'Get thread', 'Place button where you want it.']","['sew the button with criss-cross movement of needle', 'Get scissors, needle, button and thread']",sew the button with criss-cross movement of needle,0,0, A
4,53.84615384615385,"['Drive to fabric store', 'Get thread', 'Place button where you want it.', 'sew the button with criss-cross movement of needle']","['Continue to push and pull needle through button holes until button is secure', 'get some thread']",Continue to push and pull needle through button holes until button is secure,0,0, A
0,0.0,[],"['Start to sew the button onto the fabric.', 'Get scissors, needle, button and thread']","Get scissors, needle, button and thread",1,0, A
1,15.384615384615383,"['Get scissors, needle, button and thread']","['Tie off your thread.', 'Find matching thread']",Find matching thread,1,0, A
2,19.230769230769237,"['Get scissors, needle, button and thread', 'Find matching thread']","['Pull thread through opposite button hole', 'get thread']",get thread,1,0, A
3,23.07692307692308,"['Get scissors, needle, button and thread', 'Find matching thread', 'get thread']","['Cut off end from needle', 'Find a button.']",Find a button.,1,0, A
4,30.76923076923077,"['Get scissors, needle, button and thread', 'Find matching thread', 'get thread', 'Find a button.']","['Position button in correct place.', 'Cut off remaining thread']",Position button in correct place.,0,0, A
5,53.84615384615385,"['Get scissors, needle, button and thread', 'Find matching thread', 'get thread', 'Find a button.', 'Position button in correct place.']","['Sew needle through other holes in an X formation', 'Find button that matches others.']",Sew needle through other holes in an X formation,0,0, A
6,84.61538461538461,"['Get scissors, needle, button and thread', 'Find matching thread', 'get thread', 'Find a button.', 'Position button in correct place.', 'Sew needle through other holes in an X formation']","['Get button', 'cut the thread']",cut the thread,1,0, A
7,88.46153846153845,"['Get scissors, needle, button and thread', 'Find matching thread', 'get thread', 'Find a button.', 'Position button in correct place.', 'Sew needle through other holes in an X formation', 'cut the thread']","['Push needle through button hole', 'Put away needle and thread']",Put away needle and thread,1,0, A
0,0.0,[],"['Get out needle, thread, button, and clothing item.', 'cut thread so that need will detach']","Get out needle, thread, button, and clothing item.",0,0, A
1,30.76923076923077,"['Get out needle, thread, button, and clothing item.']","['Put away needle and thread', 'Line the button back into place']",Line the button back into place,1,0, A
2,61.53846153846154,"['Get out needle, thread, button, and clothing item.', 'Line the button back into place']","['Put the needle and thread away', 'Pull the needle until thread is completely on the other side of shirt']",Pull the needle until thread is completely on the other side of shirt,1,0, A
3,76.92307692307693,"['Get out needle, thread, button, and clothing item.', 'Line the button back into place', 'Pull the needle until thread is completely on the other side of shirt']","['stitching the button on', 'Look through sewing kit for a button that matches clothing.']",stitching the button on,0,0, A
4,80.76923076923077,"['Get out needle, thread, button, and clothing item.', 'Line the button back into place', 'Pull the needle until thread is completely on the other side of shirt', 'stitching the button on']","['Place the button at right place', 'Tie off finishing knot']",Tie off finishing knot,1,0, A
0,0.0,[],"['Pass the needle in and out of holes on button', 'Get sewing kit']",Get sewing kit,1,0, A
1,23.07692307692308,['Get sewing kit'],"['Find a button', 'Poke needle through opposite hole']",Find a button,0,0, A
2,34.61538461538461,"['Get sewing kit', 'Find a button']","['thread the needle', 'Get out needle, thread, button, and clothing item.']",thread the needle,0,0, A
3,88.46153846153845,"['Get sewing kit', 'Find a button', 'thread the needle']","['tie knot at end of thread', 'Clean up.']",Clean up.,1,0, A
0,0.0,[],"['Thread needle', 'Gather supplies']",Gather supplies,1,0, A
1,15.384615384615383,['Gather supplies'],"['Select thread of correct color', 'Make a knot on last pass']",Select thread of correct color,0,0, A
2,19.230769230769237,"['Gather supplies', 'Select thread of correct color']","['Find a thread', 'Insert needle through button and into fabric where the button belongs.']",Find a thread,0,0, A
3,26.923076923076923,"['Gather supplies', 'Select thread of correct color', 'Find a thread']","['make sure button is secure', 'gather garment for buttoning']",gather garment for buttoning,1,0, A
4,46.15384615384615,"['Gather supplies', 'Select thread of correct color', 'Find a thread', 'gather garment for buttoning']","['get thread, needle, button to be sewn', 'sew the button on the garment']",sew the button on the garment,1,0, A
0,0.0,[],"['Clean up.', 'Get sewing kit']",Get sewing kit,1,0, A
1,11.538461538461538,['Get sewing kit'],"['Insert needle through button and into fabric where the button belongs.', 'Take needle from sewing kit']",Take needle from sewing kit,1,0, A
2,34.61538461538461,"['Get sewing kit', 'Take needle from sewing kit']","['Tie thread at end', 'Insert thread in needle']",Insert thread in needle,1,0, A
3,53.84615384615385,"['Get sewing kit', 'Take needle from sewing kit', 'Insert thread in needle']","['Get your button', 'With other hand, push needle through button hole']","With other hand, push needle through button hole",1,0, A
4,76.92307692307693,"['Get sewing kit', 'Take needle from sewing kit', 'Insert thread in needle', 'With other hand, push needle through button hole']","['Get needle.', 'Repeat through each button hole']",Repeat through each button hole,1,0, A
5,84.61538461538461,"['Get sewing kit', 'Take needle from sewing kit', 'Insert thread in needle', 'With other hand, push needle through button hole', 'Repeat through each button hole']","['Cut away any extra string', 'Take out sewing kit.']",Cut away any extra string,0,0, A
6,88.46153846153845,"['Get sewing kit', 'Take needle from sewing kit', 'Insert thread in needle', 'With other hand, push needle through button hole', 'Repeat through each button hole', 'Cut away any extra string']","['get item to be sewn', 'Put away needle and thread']",Put away needle and thread,1,0, A
0,0.0,[],"['Wrap the thread', 'Drive to fabric store']",Drive to fabric store,1,0, A
1,19.230769230769237,['Drive to fabric store'],"['Cut loose ends.', 'Find thread that matches']",Find thread that matches,1,0, A
2,23.07692307692308,"['Drive to fabric store', 'Find thread that matches']","['Get a replacement button.', 'moving the needle in and out of the fabric']",Get a replacement button.,0,0, A
3,38.46153846153847,"['Drive to fabric store', 'Find thread that matches', 'Get a replacement button.']","['Cut off the extra thread', 'tie knot at end of thread']",tie knot at end of thread,1,0, A
4,61.53846153846154,"['Drive to fabric store', 'Find thread that matches', 'Get a replacement button.', 'tie knot at end of thread']","['Thread one hole with the needle', 'Find sewing kit.']",Thread one hole with the needle,0,0, A
5,76.92307692307693,"['Drive to fabric store', 'Find thread that matches', 'Get a replacement button.', 'tie knot at end of thread', 'Thread one hole with the needle']","['Repeat through each button hole', 'Purchase buttons']",Repeat through each button hole,0,0, A
6,80.76923076923077,"['Drive to fabric store', 'Find thread that matches', 'Get a replacement button.', 'tie knot at end of thread', 'Thread one hole with the needle', 'Repeat through each button hole']","['Tie ends.', 'Get a button.']",Tie ends.,0,0, A
7,84.61538461538461,"['Drive to fabric store', 'Find thread that matches', 'Get a replacement button.', 'tie knot at end of thread', 'Thread one hole with the needle', 'Repeat through each button hole', 'Tie ends.']","['cut remaining thread away', 'find the needle']",cut remaining thread away,0,0, A
8,88.46153846153845,"['Drive to fabric store', 'Find thread that matches', 'Get a replacement button.', 'tie knot at end of thread', 'Thread one hole with the needle', 'Repeat through each button hole', 'Tie ends.', 'cut remaining thread away']","['Put away thread and needle', 'Find matching thread']",Put away thread and needle,0,0, A
0,0.0,[],"['Sew the button through the button holes onto the shirt', 'Take out sewing kit']",Take out sewing kit,1,0, A
1,34.61538461538461,['Take out sewing kit'],"['Make a knot on last pass', 'put thread in needle']",put thread in needle,1,0, A
2,50.0,"['Take out sewing kit', 'put thread in needle']","['gather needle', 'Put the thread through the button and start threading']",Put the thread through the button and start threading,1,0, A
3,80.76923076923077,"['Take out sewing kit', 'put thread in needle', 'Put the thread through the button and start threading']","['Make a knot in fabric with thread behind the button', 'thread the needle']",Make a knot in fabric with thread behind the button,0,0, A
0,0.0,[],"['Place button on fabric and hold with thumb and index finger', 'Drive to fabric store']",Drive to fabric store,1,0, A
1,19.230769230769237,['Drive to fabric store'],"['Find thread that matches button color.', 'Sew button onto garment.']",Find thread that matches button color.,0,0, A
2,30.76923076923077,"['Drive to fabric store', 'Find thread that matches button color.']","['putting the button on the fabric', 'Pull til it stops at the knot, push through fabric and another button hole']",putting the button on the fabric,0,0, A
3,42.30769230769231,"['Drive to fabric store', 'Find thread that matches button color.', 'putting the button on the fabric']","['tie off the thread', 'Cut excess thread']",Cut excess thread,1,0, A
4,61.53846153846154,"['Drive to fabric store', 'Find thread that matches button color.', 'putting the button on the fabric', 'Cut excess thread']","['cut loose thread', 'Pull the needle until thread is completely on the other side of shirt']",Pull the needle until thread is completely on the other side of shirt,1,0, A
5,76.92307692307693,"['Drive to fabric store', 'Find thread that matches button color.', 'putting the button on the fabric', 'Cut excess thread', 'Pull the needle until thread is completely on the other side of shirt']","['tie knot at end of thread', 'repeat steps 4-5 until button is secured to shirt']",repeat steps 4-5 until button is secured to shirt,1,0, A
6,80.76923076923077,"['Drive to fabric store', 'Find thread that matches button color.', 'putting the button on the fabric', 'Cut excess thread', 'Pull the needle until thread is completely on the other side of shirt', 'repeat steps 4-5 until button is secured to shirt']","['Tie the thread', 'Put thread through a needle.']",Tie the thread,0,0, A
7,84.61538461538461,"['Drive to fabric store', 'Find thread that matches button color.', 'putting the button on the fabric', 'Cut excess thread', 'Pull the needle until thread is completely on the other side of shirt', 'repeat steps 4-5 until button is secured to shirt', 'Tie the thread']","['Tie knot with thread', 'Cut the needle off of the thread.']",Cut the needle off of the thread.,1,0, A
0,0.0,[],"[""Make sure it's secure"", 'Find sewing kit.']",Find sewing kit.,1,0, A
1,7.6923076923076925,['Find sewing kit.'],"['Take a needle and required thread', 'Push needle through the button hole into the fabric']",Take a needle and required thread,0,0, A
2,23.07692307692308,"['Find sewing kit.', 'Take a needle and required thread']","['Get your button', 'Check the button']",Get your button,0,0, A
3,30.76923076923077,"['Find sewing kit.', 'Take a needle and required thread', 'Get your button']","['place the button', 'Sew button through second hole']",place the button,0,0, A
4,46.15384615384615,"['Find sewing kit.', 'Take a needle and required thread', 'Get your button', 'place the button']","['Get needle and thread', 'sew the button with criss-cross movement of needle']",sew the button with criss-cross movement of needle,1,0, A
5,53.84615384615385,"['Find sewing kit.', 'Take a needle and required thread', 'Get your button', 'place the button', 'sew the button with criss-cross movement of needle']","['pass needle through needle hole in button', 'Check the button']",pass needle through needle hole in button,0,0, A
6,57.692307692307686,"['Find sewing kit.', 'Take a needle and required thread', 'Get your button', 'place the button', 'sew the button with criss-cross movement of needle', 'pass needle through needle hole in button']","['Get needle', 'Insert needle through first side of button (step 3)']",Insert needle through first side of button (step 3),1,0, A
7,61.53846153846154,"['Find sewing kit.', 'Take a needle and required thread', 'Get your button', 'place the button', 'sew the button with criss-cross movement of needle', 'pass needle through needle hole in button', 'Insert needle through first side of button (step 3)']","['Find a needle and thread', 'Starting from the bottom, poke needle through hole in button']","Starting from the bottom, poke needle through hole in button",1,0, A
8,76.92307692307693,"['Find sewing kit.', 'Take a needle and required thread', 'Get your button', 'place the button', 'sew the button with criss-cross movement of needle', 'pass needle through needle hole in button', 'Insert needle through first side of button (step 3)', 'Starting from the bottom, poke needle through hole in button']","['Thread a needle.', 'Repeat several times until button is secure']",Repeat several times until button is secure,1,0, A
9,80.76923076923077,"['Find sewing kit.', 'Take a needle and required thread', 'Get your button', 'place the button', 'sew the button with criss-cross movement of needle', 'pass needle through needle hole in button', 'Insert needle through first side of button (step 3)', 'Starting from the bottom, poke needle through hole in button', 'Repeat several times until button is secure']","['Tie the thread in a knot to secure it', 'Remove the old button']",Tie the thread in a knot to secure it,0,0, A
10,84.61538461538461,"['Find sewing kit.', 'Take a needle and required thread', 'Get your button', 'place the button', 'sew the button with criss-cross movement of needle', 'pass needle through needle hole in button', 'Insert needle through first side of button (step 3)', 'Starting from the bottom, poke needle through hole in button', 'Repeat several times until button is secure', 'Tie the thread in a knot to secure it']","['cut thread', 'Find the location where button needs to be sewn.']",cut thread,0,0, A
11,88.46153846153845,"['Find sewing kit.', 'Take a needle and required thread', 'Get your button', 'place the button', 'sew the button with criss-cross movement of needle', 'pass needle through needle hole in button', 'Insert needle through first side of button (step 3)', 'Starting from the bottom, poke needle through hole in button', 'Repeat several times until button is secure', 'Tie the thread in a knot to secure it', 'cut thread']","['Put needle away', 'tie a knot in thread']",Put needle away,0,0, A
12,92.3076923076923,"['Find sewing kit.', 'Take a needle and required thread', 'Get your button', 'place the button', 'sew the button with criss-cross movement of needle', 'pass needle through needle hole in button', 'Insert needle through first side of button (step 3)', 'Starting from the bottom, poke needle through hole in button', 'Repeat several times until button is secure', 'Tie the thread in a knot to secure it', 'cut thread', 'Put needle away']","['MAKE SURE BUTTON IS SECURE', 'Place button in desired position']",MAKE SURE BUTTON IS SECURE,0,0, A
0,0.0,[],"['Drive to fabric store', 'break the thread']",Drive to fabric store,0,0, A
1,19.230769230769237,['Drive to fabric store'],"['repeat 6 more times', 'Get out thread']",Get out thread,1,0, A
2,34.61538461538461,"['Drive to fabric store', 'Get out thread']","['Thread the needle', 'cut thread so that need will detach']",Thread the needle,0,0, A
3,50.0,"['Drive to fabric store', 'Get out thread', 'Thread the needle']","['Push needle through button and fabric.', 'Get needle.']",Push needle through button and fabric.,0,0, A
4,65.38461538461539,"['Drive to fabric store', 'Get out thread', 'Thread the needle', 'Push needle through button and fabric.']","['put thread through needle', 'Put the needle thorough the back of the button hole.']",Put the needle thorough the back of the button hole.,1,0, A
5,76.92307692307693,"['Drive to fabric store', 'Get out thread', 'Thread the needle', 'Push needle through button and fabric.', 'Put the needle thorough the back of the button hole.']","['stitching the button on', 'Thread needle with some thread.']",stitching the button on,0,0, A
0,0.0,[],"['Check if the button is tight', 'Drive to fabric store']",Drive to fabric store,1,0, A
1,19.230769230769237,['Drive to fabric store'],"['stitching the button on', 'Pull out a length of thread.']",Pull out a length of thread.,1,0, A
2,23.07692307692308,"['Drive to fabric store', 'Pull out a length of thread.']","['Find a matching button', 'pass needle through needle hole in button']",Find a matching button,0,0, A
3,26.923076923076923,"['Drive to fabric store', 'Pull out a length of thread.', 'Find a matching button']","['carefully cut off old button if exists', 'Cross over to perpendicular hole, push needle back through']",carefully cut off old button if exists,0,0, A
4,30.76923076923077,"['Drive to fabric store', 'Pull out a length of thread.', 'Find a matching button', 'carefully cut off old button if exists']","['Place button where you want it.', 'Put away thread and needle']",Place button where you want it.,0,0, A
5,42.30769230769231,"['Drive to fabric store', 'Pull out a length of thread.', 'Find a matching button', 'carefully cut off old button if exists', 'Place button where you want it.']","['measure and cut length of thread', 'Select needle']",measure and cut length of thread,0,0, A
6,61.53846153846154,"['Drive to fabric store', 'Pull out a length of thread.', 'Find a matching button', 'carefully cut off old button if exists', 'Place button where you want it.', 'measure and cut length of thread']","['Get out sewing kit', 'take needle bring up through the back of the item']",take needle bring up through the back of the item,1,0, A
7,80.76923076923077,"['Drive to fabric store', 'Pull out a length of thread.', 'Find a matching button', 'carefully cut off old button if exists', 'Place button where you want it.', 'measure and cut length of thread', 'take needle bring up through the back of the item']","['Find the location where button needs to be sewn.', 'When done knot end.']",When done knot end.,1,0, A
0,0.0,[],"['Get the garment', 'Get sewing kit']",Get sewing kit,1,0, A
1,23.07692307692308,['Get sewing kit'],"['Cut away any extra string', 'Find an extra button']",Find an extra button,1,0, A
2,38.46153846153847,"['Get sewing kit', 'Find an extra button']","['Tie knot in other end of thread', 'Pull needle out other side.']",Tie knot in other end of thread,0,0, A
3,50.0,"['Get sewing kit', 'Find an extra button', 'Tie knot in other end of thread']","['taking the right button out', 'Push needle through button and fabric.']",Push needle through button and fabric.,1,0, A
4,65.38461538461539,"['Get sewing kit', 'Find an extra button', 'Tie knot in other end of thread', 'Push needle through button and fabric.']","['Place button where it belongs on garment', 'Pull needle and thread']",Pull needle and thread,1,0, A
5,69.23076923076923,"['Get sewing kit', 'Find an extra button', 'Tie knot in other end of thread', 'Push needle through button and fabric.', 'Pull needle and thread']","['Poke needle through opposite hole', 'Thread the needle']",Poke needle through opposite hole,0,0, A
6,73.07692307692307,"['Get sewing kit', 'Find an extra button', 'Tie knot in other end of thread', 'Push needle through button and fabric.', 'Pull needle and thread', 'Poke needle through opposite hole']","['push needle to back of the item', 'Get the garment']",push needle to back of the item,0,0, A
7,80.76923076923077,"['Get sewing kit', 'Find an extra button', 'Tie knot in other end of thread', 'Push needle through button and fabric.', 'Pull needle and thread', 'Poke needle through opposite hole', 'push needle to back of the item']","['find a button', 'Loop thread to create knot in thread.']",Loop thread to create knot in thread.,1,0, A
8,84.61538461538461,"['Get sewing kit', 'Find an extra button', 'Tie knot in other end of thread', 'Push needle through button and fabric.', 'Pull needle and thread', 'Poke needle through opposite hole', 'push needle to back of the item', 'Loop thread to create knot in thread.']","['Thread the needle and tie a knot at end of thread.', 'Use scissors to cut thread']",Use scissors to cut thread,1,0, A
9,88.46153846153845,"['Get sewing kit', 'Find an extra button', 'Tie knot in other end of thread', 'Push needle through button and fabric.', 'Pull needle and thread', 'Poke needle through opposite hole', 'push needle to back of the item', 'Loop thread to create knot in thread.', 'Use scissors to cut thread']","['Poke a hole in the fabric', 'Put all the items away']",Put all the items away,1,0, A
0,0.0,[],"['Continue until button is secure', 'Take out sewing kit.']",Take out sewing kit.,1,0, A
1,7.6923076923076925,['Take out sewing kit.'],"['Get a thread and a needle', 'make few passes']",Get a thread and a needle,0,0, A
2,26.923076923076923,"['Take out sewing kit.', 'Get a thread and a needle']","['grab object the button is being sewed', ""Repeat until it's stable""]",grab object the button is being sewed,0,0, A
3,30.76923076923077,"['Take out sewing kit.', 'Get a thread and a needle', 'grab object the button is being sewed']","['Put all the items away', 'place botton where you want it']",place botton where you want it,1,0, A
4,53.84615384615385,"['Take out sewing kit.', 'Get a thread and a needle', 'grab object the button is being sewed', 'place botton where you want it']","['With other hand, push needle through button hole', 'grab a needle and string']","With other hand, push needle through button hole",0,0, A
5,80.76923076923077,"['Take out sewing kit.', 'Get a thread and a needle', 'grab object the button is being sewed', 'place botton where you want it', 'With other hand, push needle through button hole']","['Find placement for new button.', 'Tie thread at end']",Tie thread at end,1,0, A
6,88.46153846153845,"['Take out sewing kit.', 'Get a thread and a needle', 'grab object the button is being sewed', 'place botton where you want it', 'With other hand, push needle through button hole', 'Tie thread at end']","['put back all the materials', 'Place button in desired position']",put back all the materials,0,0, A
7,92.3076923076923,"['Take out sewing kit.', 'Get a thread and a needle', 'grab object the button is being sewed', 'place botton where you want it', 'With other hand, push needle through button hole', 'Tie thread at end', 'put back all the materials']","['Check the button', 'push the needle through the fabric']",Check the button,0,0, A
0,0.0,[],"['Drive to fabric store', 'Sew button.']",Drive to fabric store,0,0, A
1,19.230769230769237,['Drive to fabric store'],"['Get some thread', 'Cut off excess thread']",Get some thread,0,0, A
2,30.76923076923077,"['Drive to fabric store', 'Get some thread']","['Tie another knot at the end of the thread.', 'Line the button back into place']",Line the button back into place,1,0, A
3,46.15384615384615,"['Drive to fabric store', 'Get some thread', 'Line the button back into place']","['Get needle', 'Sew in a pattern that looks like an X through the holes of the button.']",Sew in a pattern that looks like an X through the holes of the button.,1,0, A
4,80.76923076923077,"['Drive to fabric store', 'Get some thread', 'Line the button back into place', 'Sew in a pattern that looks like an X through the holes of the button.']","['Tie off thread', 'Mark on clothing where button is to go']",Tie off thread,0,0, A
5,84.61538461538461,"['Drive to fabric store', 'Get some thread', 'Line the button back into place', 'Sew in a pattern that looks like an X through the holes of the button.', 'Tie off thread']","['Get thread.', 'Cut.']",Cut.,1,0, A
0,0.0,[],"['Continue to loop the needle and thread through the button holes.', 'Take out sewing kit']",Take out sewing kit,1,0, A
1,23.07692307692308,['Take out sewing kit'],"['Pull needle out other side.', 'Find button to be sewn']",Find button to be sewn,1,0, A
2,50.0,"['Take out sewing kit', 'Find button to be sewn']","['Push the needle through the fabric', 'Find right color string']",Push the needle through the fabric,0,0, A
3,76.92307692307693,"['Take out sewing kit', 'Find button to be sewn', 'Push the needle through the fabric']","['Find a piece of clothing.', 'Repeat']",Repeat,1,0, A
4,80.76923076923077,"['Take out sewing kit', 'Find button to be sewn', 'Push the needle through the fabric', 'Repeat']","['tie a knot at the end of the string', ""pass needle and thread back through another of the button's needle holes""]",tie a knot at the end of the string,0,0, A
5,84.61538461538461,"['Take out sewing kit', 'Find button to be sewn', 'Push the needle through the fabric', 'Repeat', 'tie a knot at the end of the string']","['Cut thread', 'get button']",Cut thread,0,0, A
6,88.46153846153845,"['Take out sewing kit', 'Find button to be sewn', 'Push the needle through the fabric', 'Repeat', 'tie a knot at the end of the string', 'Cut thread']","['Get button', 'Put everything away.']",Put everything away.,1,0, A
7,92.3076923076923,"['Take out sewing kit', 'Find button to be sewn', 'Push the needle through the fabric', 'Repeat', 'tie a knot at the end of the string', 'Cut thread', 'Put everything away.']","['Check new button', 'tie knot at end of thread']",Check new button,0,0, A
0,0.0,[],"['Get scissors, needle, button and thread', 'tie off thread']","Get scissors, needle, button and thread",0,0, A
1,7.6923076923076925,"['Get scissors, needle, button and thread']","['Get a needle and thread.', 'Keep sewing until the button is secure.']",Get a needle and thread.,0,0, A
2,34.61538461538461,"['Get scissors, needle, button and thread', 'Get a needle and thread.']","['Repeat for all holes to reinforce', 'Thread needle']",Thread needle,1,0, A
3,46.15384615384615,"['Get scissors, needle, button and thread', 'Get a needle and thread.', 'Thread needle']","['Sew the button', 'Find thread and needle.']",Sew the button,0,0, A
0,0.0,[],"['Drive to fabric store', 'Start sewing']",Drive to fabric store,0,0, A
1,19.230769230769237,['Drive to fabric store'],"['Get thread', 'Push needle through button and fabric.']",Get thread,0,0, A
2,34.61538461538461,"['Drive to fabric store', 'Get thread']","['Thread needle.', 'Continue until button is secure']",Thread needle.,0,0, A
3,53.84615384615385,"['Drive to fabric store', 'Get thread', 'Thread needle.']","['take the button', 'pull the needle through']",pull the needle through,1,0, A
4,84.61538461538461,"['Drive to fabric store', 'Get thread', 'Thread needle.', 'pull the needle through']","['Find similar button', 'cut remaining thread away']",cut remaining thread away,1,0, A
0,0.0,[],"['Get a thimble', 'Make a knot']",Get a thimble,0,0, A
1,26.923076923076923,['Get a thimble'],"['Place item on flat surface', 'Repeat steps 4 through 6 about 30 times']",Place item on flat surface,0,0, A
2,34.61538461538461,"['Get a thimble', 'Place item on flat surface']","['put thread through needle', 'tie thread at the end']",put thread through needle,0,0, A
3,53.84615384615385,"['Get a thimble', 'Place item on flat surface', 'put thread through needle']","['Pull the needle through a hole in the button, then back into the fabric', 'put needle and thread away']","Pull the needle through a hole in the button, then back into the fabric",0,0, A
4,61.53846153846154,"['Get a thimble', 'Place item on flat surface', 'put thread through needle', 'Pull the needle through a hole in the button, then back into the fabric']","['get sewing kit', 'push the needle through the button']",push the needle through the button,1,0, A
5,65.38461538461539,"['Get a thimble', 'Place item on flat surface', 'put thread through needle', 'Pull the needle through a hole in the button, then back into the fabric', 'push the needle through the button']","['Place the button in the right spot', 'Pull needle out other side.']",Pull needle out other side.,1,0, A
6,69.23076923076923,"['Get a thimble', 'Place item on flat surface', 'put thread through needle', 'Pull the needle through a hole in the button, then back into the fabric', 'push the needle through the button', 'Pull needle out other side.']","['Move needle down to hole opposite first hole', 'Sew button']",Move needle down to hole opposite first hole,0,0, A
7,73.07692307692307,"['Get a thimble', 'Place item on flat surface', 'put thread through needle', 'Pull the needle through a hole in the button, then back into the fabric', 'push the needle through the button', 'Pull needle out other side.', 'Move needle down to hole opposite first hole']","['Put thread in needle', 'push needle to back of the item']",push needle to back of the item,1,0, A
8,84.61538461538461,"['Get a thimble', 'Place item on flat surface', 'put thread through needle', 'Pull the needle through a hole in the button, then back into the fabric', 'push the needle through the button', 'Pull needle out other side.', 'Move needle down to hole opposite first hole', 'push needle to back of the item']","['Cut off excess thread', 'Cut excess thread']",Cut off excess thread,0,0, A
0,0.0,[],"['Take out sewing kit.', 'place button where you want it']",Take out sewing kit.,0,0, A
1,11.538461538461538,['Take out sewing kit.'],"['Tie off thread', 'Find a needle']",Find a needle,1,0, A
2,30.76923076923077,"['Take out sewing kit.', 'Find a needle']","['Place button where you want it to go', 'repeat']",Place button where you want it to go,0,0, A
3,42.30769230769231,"['Take out sewing kit.', 'Find a needle', 'Place button where you want it to go']","['measure and cut length of thread', 'Tie off the thread']",measure and cut length of thread,0,0, A
4,61.53846153846154,"['Take out sewing kit.', 'Find a needle', 'Place button where you want it to go', 'measure and cut length of thread']","['Holding button at appropriate location, press needle through first hole on button.', 'Cut thread']","Holding button at appropriate location, press needle through first hole on button.",0,0, A
5,80.76923076923077,"['Take out sewing kit.', 'Find a needle', 'Place button where you want it to go', 'measure and cut length of thread', 'Holding button at appropriate location, press needle through first hole on button.']","['Get needle', 'Tie off the thread']",Tie off the thread,1,0, A
0,0.0,[],"['repeat until button is secure', 'Get button, thread, needle and scissors']","Get button, thread, needle and scissors",1,0, A
1,30.76923076923077,"['Get button, thread, needle and scissors']","['Put button in proper place', 'Put away thread and needle']",Put button in proper place,0,0, A
2,53.84615384615385,"['Get button, thread, needle and scissors', 'Put button in proper place']","['Get thread and needle', 'pass needle through needle hole in button']",pass needle through needle hole in button,1,0, A
3,80.76923076923077,"['Get button, thread, needle and scissors', 'Put button in proper place', 'pass needle through needle hole in button']","['Tie the thread in a knot to secure it', 'get item to be sewn']",Tie the thread in a knot to secure it,0,0, A
4,88.46153846153845,"['Get button, thread, needle and scissors', 'Put button in proper place', 'pass needle through needle hole in button', 'Tie the thread in a knot to secure it']","['Get out sewing kit', 'Put away needle and thread']",Put away needle and thread,1,0, A
5,92.3076923076923,"['Get button, thread, needle and scissors', 'Put button in proper place', 'pass needle through needle hole in button', 'Tie the thread in a knot to secure it', 'Put away needle and thread']","['Check if the button is tight', 'Use needle and thread to sew button']",Check if the button is tight,0,0, A
0,0.0,[],"['Take out sewing kit', 'find shirt with missing button']",Take out sewing kit,0,0, A
1,23.07692307692308,['Take out sewing kit'],"['Purchase buttons', 'Tie off the thread on the underside of the garment']",Purchase buttons,0,0, A
2,30.76923076923077,"['Take out sewing kit', 'Purchase buttons']","['Place button where you want it.', 'Ending again in the back of the garment cut off the thread.']",Place button where you want it.,0,0, A
3,34.61538461538461,"['Take out sewing kit', 'Purchase buttons', 'Place button where you want it.']","['Cut off excess thread', 'Thread the needle.']",Thread the needle.,1,0, A
4,46.15384615384615,"['Take out sewing kit', 'Purchase buttons', 'Place button where you want it.', 'Thread the needle.']","['Sew through the holes of the button', 'Get button, thread, needle and scissors']",Sew through the holes of the button,0,0, A
5,50.0,"['Take out sewing kit', 'Purchase buttons', 'Place button where you want it.', 'Thread the needle.', 'Sew through the holes of the button']","['Choose thread color', 'Put the thread through the button and start threading']",Put the thread through the button and start threading,1,0, A
6,76.92307692307693,"['Take out sewing kit', 'Purchase buttons', 'Place button where you want it.', 'Thread the needle.', 'Sew through the holes of the button', 'Put the thread through the button and start threading']","['Repeat steps 4 through 6 about 30 times', 'Take a matching button']",Repeat steps 4 through 6 about 30 times,0,0, A
0,0.0,[],"['Place button on item', 'get sewing kit']",get sewing kit,1,0, A
1,19.230769230769237,['get sewing kit'],"['Get out thread', 'Place needle through button eyelets.']",Get out thread,0,0, A
2,34.61538461538461,"['get sewing kit', 'Get out thread']","['thread the needle', 'Tie off finishing knot']",thread the needle,0,0, A
3,50.0,"['get sewing kit', 'Get out thread', 'thread the needle']","['Get needle and thread', 'Insert the needle from the bottom where the button is to be sewn']",Insert the needle from the bottom where the button is to be sewn,1,0, A
4,61.53846153846154,"['get sewing kit', 'Get out thread', 'thread the needle', 'Insert the needle from the bottom where the button is to be sewn']","['Pass the needle through one of the button holes', 'Cut off any loose threads with a scissors.']",Pass the needle through one of the button holes,0,0, A
5,76.92307692307693,"['get sewing kit', 'Get out thread', 'thread the needle', 'Insert the needle from the bottom where the button is to be sewn', 'Pass the needle through one of the button holes']","['Continue to loop the needle and thread through the button holes.', 'Find a button']",Continue to loop the needle and thread through the button holes.,0,0, A
0,0.0,[],"['thread a needle', 'Get a thimble']",Get a thimble,1,0, A
1,26.923076923076923,['Get a thimble'],"['Hold shirt with non-dominant hand', 'put needle and thread away']",Hold shirt with non-dominant hand,0,0, A
2,34.61538461538461,"['Get a thimble', 'Hold shirt with non-dominant hand']","['cut the thread', 'thread needle']",thread needle,1,0, A
3,46.15384615384615,"['Get a thimble', 'Hold shirt with non-dominant hand', 'thread needle']","['Get thread', 'Sew button onto garment']",Sew button onto garment,1,0, A
4,76.92307692307693,"['Get a thimble', 'Hold shirt with non-dominant hand', 'thread needle', 'Sew button onto garment']","['Keep repeating the sewing to reinforce the strength', 'Get clothes']",Keep repeating the sewing to reinforce the strength,0,0, A
5,84.61538461538461,"['Get a thimble', 'Hold shirt with non-dominant hand', 'thread needle', 'Sew button onto garment', 'Keep repeating the sewing to reinforce the strength']","['Get needle', 'Cut thread from spindle']",Cut thread from spindle,1,0, A
0,0.0,[],"['Take out sewing kit.', ""TIE A KNOT IN THE END OF THE THREAD SO THE BUTTON DOESN'T COME OFF""]",Take out sewing kit.,0,0, A
1,23.07692307692308,['Take out sewing kit.'],"['Get a button to match', 'Make a knot in fabric with thread behind the button']",Get a button to match,0,0, A
2,30.76923076923077,"['Take out sewing kit.', 'Get a button to match']","['get sewing kit', 'Place button where it belongs on garment']",Place button where it belongs on garment,1,0, A
3,42.30769230769231,"['Take out sewing kit.', 'Get a button to match', 'Place button where it belongs on garment']","['Cut thread string to how much is needed', 'Put away needle and thread']",Cut thread string to how much is needed,0,0, A
4,46.15384615384615,"['Take out sewing kit.', 'Get a button to match', 'Place button where it belongs on garment', 'Cut thread string to how much is needed']","['Apply button by driving needle through button', 'Get thread']",Apply button by driving needle through button,0,0, A
5,80.76923076923077,"['Take out sewing kit.', 'Get a button to match', 'Place button where it belongs on garment', 'Cut thread string to how much is needed', 'Apply button by driving needle through button']","['Thread the needle.', 'Repeat to make loop and knot it.']",Repeat to make loop and knot it.,1,0, A
6,88.46153846153845,"['Take out sewing kit.', 'Get a button to match', 'Place button where it belongs on garment', 'Cut thread string to how much is needed', 'Apply button by driving needle through button', 'Repeat to make loop and knot it.']","['Lay down garment', 'Take out the needle']",Take out the needle,1,0, A
0,0.0,[],"['Get sewing kit', 'Use needle to go through button holes']",Get sewing kit,0,0, A
1,19.230769230769237,['Get sewing kit'],"['getting out thread', 'ATTACH BUTTON USING NEEDLE AND THREAD']",getting out thread,0,0, A
2,34.61538461538461,"['Get sewing kit', 'getting out thread']","['Thread the needle', ""Make sure it's secure""]",Thread the needle,0,0, A
3,53.84615384615385,"['Get sewing kit', 'getting out thread', 'Thread the needle']","['Continue to push and pull needle through button holes until button is secure', 'Choose button that I like']",Continue to push and pull needle through button holes until button is secure,0,0, A
4,57.692307692307686,"['Get sewing kit', 'getting out thread', 'Thread the needle', 'Continue to push and pull needle through button holes until button is secure']","['Thread needle', 'Put needle through button and clothing.']",Put needle through button and clothing.,1,0, A
0,0.0,[],"['Push thread through needle and tie in a knot', 'Drive to fabric store']",Drive to fabric store,1,0, A
1,19.230769230769237,['Drive to fabric store'],"['Push needle through back of clothes and through hole of button', 'Choose thread to sew button on with.']",Choose thread to sew button on with.,1,0, A
2,34.61538461538461,"['Drive to fabric store', 'Choose thread to sew button on with.']","['Thread needle.', 'Repeat procedure until button is secure']",Thread needle.,0,0, A
3,46.15384615384615,"['Drive to fabric store', 'Choose thread to sew button on with.', 'Thread needle.']","['Get a needle', 'Sew button onto item']",Sew button onto item,1,0, A
0,0.0,[],"['Drive to fabric store', 'Place needle through button eyelets.']",Drive to fabric store,0,0, A
1,19.230769230769237,['Drive to fabric store'],"['ATTACH BUTTON USING NEEDLE AND THREAD', 'Get thread']",Get thread,1,0, A
2,30.76923076923077,"['Drive to fabric store', 'Get thread']","['Put button in proper place', ""TIE A KNOT IN THE END OF THE THREAD SO THE BUTTON DOESN'T COME OFF""]",Put button in proper place,0,0, A
3,42.30769230769231,"['Drive to fabric store', 'Get thread', 'Put button in proper place']","['Tie thread at end', 'Cut away any loose threads.']",Cut away any loose threads.,1,0, A
4,46.15384615384615,"['Drive to fabric store', 'Get thread', 'Put button in proper place', 'Cut away any loose threads.']","['Push the needle through one button hole and back out another hole', 'Find thread that matches']",Push the needle through one button hole and back out another hole,0,0, A
5,88.46153846153845,"['Drive to fabric store', 'Get thread', 'Put button in proper place', 'Cut away any loose threads.', 'Push the needle through one button hole and back out another hole']","['find button', 'Put everything away.']",Put everything away.,1,0, A
0,0.0,[],"['get sewing kit', 'Start to sew.']",get sewing kit,0,0, A
1,11.538461538461538,['get sewing kit'],"['Get needle', 'Stick the needle through']",Get needle,0,0, A
2,34.61538461538461,"['get sewing kit', 'Get needle']","['stitching the button on', 'Thread a needle with thread that matches shirt that needs a new button.']",Thread a needle with thread that matches shirt that needs a new button.,1,0, A
3,38.46153846153847,"['get sewing kit', 'Get needle', 'Thread a needle with thread that matches shirt that needs a new button.']","['Knot the ends of the thread together.', 'Get sewing kit']",Knot the ends of the thread together.,0,0, A
4,46.15384615384615,"['get sewing kit', 'Get needle', 'Thread a needle with thread that matches shirt that needs a new button.', 'Knot the ends of the thread together.']","['Get a thread and a needle', 'use needle and thread to sew button onto shirt']",use needle and thread to sew button onto shirt,1,0, A
5,61.53846153846154,"['get sewing kit', 'Get needle', 'Thread a needle with thread that matches shirt that needs a new button.', 'Knot the ends of the thread together.', 'use needle and thread to sew button onto shirt']","['Pass the needle through one of the button holes', 'Cut thread']",Pass the needle through one of the button holes,0,0, A
6,65.38461538461539,"['get sewing kit', 'Get needle', 'Thread a needle with thread that matches shirt that needs a new button.', 'Knot the ends of the thread together.', 'use needle and thread to sew button onto shirt', 'Pass the needle through one of the button holes']","['Then push needle through material', 'slide thread through hole']",Then push needle through material,0,0, A
7,69.23076923076923,"['get sewing kit', 'Get needle', 'Thread a needle with thread that matches shirt that needs a new button.', 'Knot the ends of the thread together.', 'use needle and thread to sew button onto shirt', 'Pass the needle through one of the button holes', 'Then push needle through material']","['Push needle under material to next hole', 'Select a button']",Push needle under material to next hole,0,0, A
0,0.0,[],"['Get a thimble', 'Repeat through each button hole']",Get a thimble,0,0, A
1,26.923076923076923,['Get a thimble'],"['Place item on flat surface', 'Repeat 5 times with other two button holes']",Place item on flat surface,0,0, A
2,30.76923076923077,"['Get a thimble', 'Place item on flat surface']","['Snip excess thread off', 'Put the button up to the garment']",Put the button up to the garment,1,0, A
3,53.84615384615385,"['Get a thimble', 'Place item on flat surface', 'Put the button up to the garment']","['Pull thread through and secure button', 'get sewing kit']",Pull thread through and secure button,0,0, A
4,61.53846153846154,"['Get a thimble', 'Place item on flat surface', 'Put the button up to the garment', 'Pull thread through and secure button']","['getting out needle', 'Push needle through hole']",Push needle through hole,1,0, A
5,80.76923076923077,"['Get a thimble', 'Place item on flat surface', 'Put the button up to the garment', 'Pull thread through and secure button', 'Push needle through hole']","['knot thread', 'Get needle']",knot thread,0,0, A
6,88.46153846153845,"['Get a thimble', 'Place item on flat surface', 'Put the button up to the garment', 'Pull thread through and secure button', 'Push needle through hole', 'knot thread']","['put sewing kit away', 'Place button onto item of clothing']",put sewing kit away,0,0, A
0,0.0,[],"['Drive to fabric store', 'Run needle and thread through button hole and fabric hole']",Drive to fabric store,0,0, A
1,19.230769230769237,['Drive to fabric store'],"['Find a thread', 'Put everything away.']",Find a thread,0,0, A
2,26.923076923076923,"['Drive to fabric store', 'Find a thread']","['Get shirt', 'knot thread']",Get shirt,0,0, A
3,50.0,"['Drive to fabric store', 'Find a thread', 'Get shirt']","['Place item on flat surface', 'pull through on the other side']",pull through on the other side,1,0, A
4,80.76923076923077,"['Drive to fabric store', 'Find a thread', 'Get shirt', 'pull through on the other side']","['Tie knot.', 'Find some thread and needle']",Tie knot.,0,0, A
5,84.61538461538461,"['Drive to fabric store', 'Find a thread', 'Get shirt', 'pull through on the other side', 'Tie knot.']","['Cut excess thread', 'Place button where desired']",Cut excess thread,0,0, A
6,88.46153846153845,"['Drive to fabric store', 'Find a thread', 'Get shirt', 'pull through on the other side', 'Tie knot.', 'Cut excess thread']","['Put the needle and thread away', 'Get thread']",Put the needle and thread away,0,0, A
0,0.0,[],"['Get out needle, thread, button, and clothing item.', 'Tie the thread so the button will not come loose']","Get out needle, thread, button, and clothing item.",0,0, A
1,15.384615384615383,"['Get out needle, thread, button, and clothing item.']","['sew onto fabric securely', 'Select thread of correct color']",Select thread of correct color,1,0, A
2,34.61538461538461,"['Get out needle, thread, button, and clothing item.', 'Select thread of correct color']","['Thread needle', 'Tie knot.']",Thread needle,0,0, A
3,88.46153846153845,"['Get out needle, thread, button, and clothing item.', 'Select thread of correct color', 'Thread needle']","['Get needle', 'Put all the items away']",Put all the items away,1,0, A
0,0.0,[],"['Pass the needle in and out of holes on button', 'Get out sewing kit.']",Get out sewing kit.,1,0, A
1,7.6923076923076925,['Get out sewing kit.'],"['put sewing kit away', 'locate needle and thread']",locate needle and thread,1,0, A
2,30.76923076923077,"['Get out sewing kit.', 'locate needle and thread']","['Put the button up to the garment', 'repeat steps 4-5 until button is secured to shirt']",Put the button up to the garment,0,0, A
3,34.61538461538461,"['Get out sewing kit.', 'locate needle and thread', 'Put the button up to the garment']","['Thread a needle', 'Repeat 4 or 5 times']",Thread a needle,0,0, A
4,61.53846153846154,"['Get out sewing kit.', 'locate needle and thread', 'Put the button up to the garment', 'Thread a needle']","['Pull the needle until thread is completely on the other side of shirt', 'gather needle and thread']",Pull the needle until thread is completely on the other side of shirt,0,0, A
5,80.76923076923077,"['Get out sewing kit.', 'locate needle and thread', 'Put the button up to the garment', 'Thread a needle', 'Pull the needle until thread is completely on the other side of shirt']","[""Make sure it's secure"", 'Pull til it stops at the knot, push through fabric and another button hole']",Make sure it's secure,0,0, A
6,88.46153846153845,"['Get out sewing kit.', 'locate needle and thread', 'Put the button up to the garment', 'Thread a needle', 'Pull the needle until thread is completely on the other side of shirt', ""Make sure it's secure""]","['Put away thread and needle', 'FIND THE REPLACEMENT BUTTON']",Put away thread and needle,0,0, A
7,92.3076923076923,"['Get out sewing kit.', 'locate needle and thread', 'Put the button up to the garment', 'Thread a needle', 'Pull the needle until thread is completely on the other side of shirt', ""Make sure it's secure"", 'Put away thread and needle']","['Thread needle.', 'Check if the button is tight']",Check if the button is tight,1,0, A
0,0.0,[],"['get thread, needle, button to be sewn', 'Put the thread through the button and start threading']","get thread, needle, button to be sewn",0,0, A
1,26.923076923076923,"['get thread, needle, button to be sewn']","['Holding button at appropriate location, press needle through first hole on button.', 'Lay down garment']",Lay down garment,1,0, A
2,34.61538461538461,"['get thread, needle, button to be sewn', 'Lay down garment']","['Thread the needle', 'Cut off the extra thread']",Thread the needle,0,0, A
3,38.46153846153847,"['get thread, needle, button to be sewn', 'Lay down garment', 'Thread the needle']","['Tie knot with thread', 'tug to make sure it is secure']",Tie knot with thread,0,0, A
4,42.30769230769231,"['get thread, needle, button to be sewn', 'Lay down garment', 'Thread the needle', 'Tie knot with thread']","['Cut away any loose threads.', 'Find needle']",Cut away any loose threads.,0,0, A
5,46.15384615384615,"['get thread, needle, button to be sewn', 'Lay down garment', 'Thread the needle', 'Tie knot with thread', 'Cut away any loose threads.']","['Get needle', 'Thread button onto clothing']",Thread button onto clothing,1,0, A
6,84.61538461538461,"['get thread, needle, button to be sewn', 'Lay down garment', 'Thread the needle', 'Tie knot with thread', 'Cut away any loose threads.', 'Thread button onto clothing']","['Pull through', 'Cut off any excess thread.']",Cut off any excess thread.,1,0, A
0,0.0,[],"['Use scissors to cut thread', 'Drive to fabric store']",Drive to fabric store,1,0, A
1,19.230769230769237,['Drive to fabric store'],"['Get thread.', 'Put thread through needle.']",Get thread.,0,0, A
2,26.923076923076923,"['Drive to fabric store', 'Get thread.']","['Get item that needs button sewing on', 'When done knot end.']",Get item that needs button sewing on,0,0, A
3,34.61538461538461,"['Drive to fabric store', 'Get thread.', 'Get item that needs button sewing on']","[""pass needle and thread back through another of the button's needle holes"", 'Thread needle']",Thread needle,1,0, A
4,46.15384615384615,"['Drive to fabric store', 'Get thread.', 'Get item that needs button sewing on', 'Thread needle']","['Find a button that matches the others on your garment', 'use the string to make it stay in place']",use the string to make it stay in place,1,0, A
0,0.0,[],"['Drive to fabric store', 'Starting from the bottom, poke needle through hole in button']",Drive to fabric store,0,0, A
1,19.230769230769237,['Drive to fabric store'],"['Get thread.', 'put needle with thread into clothes']",Get thread.,0,0, A
2,30.76923076923077,"['Drive to fabric store', 'Get thread.']","['put needle and thread away', 'Place button where it is to be sewed']",Place button where it is to be sewed,1,0, A
3,46.15384615384615,"['Drive to fabric store', 'Get thread.', 'Place button where it is to be sewed']","['ATTACH BUTTON USING NEEDLE AND THREAD', 'Get the needle']",ATTACH BUTTON USING NEEDLE AND THREAD,0,0, A
4,53.84615384615385,"['Drive to fabric store', 'Get thread.', 'Place button where it is to be sewed', 'ATTACH BUTTON USING NEEDLE AND THREAD']","['Insert needle through other side of button on back side', 'Get needle and thread']",Insert needle through other side of button on back side,0,0, A
5,80.76923076923077,"['Drive to fabric store', 'Get thread.', 'Place button where it is to be sewed', 'ATTACH BUTTON USING NEEDLE AND THREAD', 'Insert needle through other side of button on back side']","['Get button', 'Tie off the thread on the underside of the garment']",Tie off the thread on the underside of the garment,1,0, A
6,84.61538461538461,"['Drive to fabric store', 'Get thread.', 'Place button where it is to be sewed', 'ATTACH BUTTON USING NEEDLE AND THREAD', 'Insert needle through other side of button on back side', 'Tie off the thread on the underside of the garment']","['Thread needle', 'Cut off excess thread']",Cut off excess thread,1,0, A
7,88.46153846153845,"['Drive to fabric store', 'Get thread.', 'Place button where it is to be sewed', 'ATTACH BUTTON USING NEEDLE AND THREAD', 'Insert needle through other side of button on back side', 'Tie off the thread on the underside of the garment', 'Cut off excess thread']","['put items away when done', 'Put needle through button and shirt']",put items away when done,0,0, A
0,0.0,[],"['Tie off the thread on the underside of the garment', 'Get out sewing kit.']",Get out sewing kit.,1,0, A
1,11.538461538461538,['Get out sewing kit.'],"['Thread needle', 'Repeat this until the button is secure']",Thread needle,0,0, A
2,19.230769230769237,"['Get out sewing kit.', 'Thread needle']","['Continue to loop the needle and thread through the button holes.', 'Get some thread.']",Get some thread.,1,0, A
3,26.923076923076923,"['Get out sewing kit.', 'Thread needle', 'Get some thread.']","['Get shirt', 'Take out sewing kit']",Get shirt,0,0, A
4,34.61538461538461,"['Get out sewing kit.', 'Thread needle', 'Get some thread.', 'Get shirt']","['Put thread through needle', 'Repeat steps 4 through 6 about 30 times']",Put thread through needle,0,0, A
5,61.53846153846154,"['Get out sewing kit.', 'Thread needle', 'Get some thread.', 'Get shirt', 'Put thread through needle']","['Grab the garment that you would like to sew the button to.', 'take needle bring up through the back of the item']",take needle bring up through the back of the item,1,0, A
6,80.76923076923077,"['Get out sewing kit.', 'Thread needle', 'Get some thread.', 'Get shirt', 'Put thread through needle', 'take needle bring up through the back of the item']","['Tie knot in thread', 'Get out thread']",Tie knot in thread,0,0, A
0,0.0,[],"['Drive to fabric store', 'find shirt with missing button']",Drive to fabric store,0,0, A
1,19.230769230769237,['Drive to fabric store'],"['Tie the thread at the bottom of the button', 'Select thread']",Select thread,1,0, A
2,34.61538461538461,"['Drive to fabric store', 'Select thread']","['Tie a knot.', 'Thread needle.']",Thread needle.,1,0, A
3,46.15384615384615,"['Drive to fabric store', 'Select thread', 'Thread needle.']","['Get thread', 'Push the needle through the garment into the button']",Push the needle through the garment into the button,1,0, A
4,50.0,"['Drive to fabric store', 'Select thread', 'Thread needle.', 'Push the needle through the garment into the button']","['Grab the fabric and button', 'Put thread through needle.']",Put thread through needle.,1,0, A
5,80.76923076923077,"['Drive to fabric store', 'Select thread', 'Thread needle.', 'Push the needle through the garment into the button', 'Put thread through needle.']","['Loop thread to create knot in thread.', 'Place button on fabric and hold with thumb and index finger']",Loop thread to create knot in thread.,0,0, A
6,84.61538461538461,"['Drive to fabric store', 'Select thread', 'Thread needle.', 'Push the needle through the garment into the button', 'Put thread through needle.', 'Loop thread to create knot in thread.']","['Look through sewing kit for a button that matches clothing.', 'Cut thread']",Cut thread,1,0, A
0,0.0,[],"['Get out sewing kit.', 'Take button and put it on shirt where you want it']",Get out sewing kit.,0,0, A
1,11.538461538461538,['Get out sewing kit.'],"['Get the needle', 'Sew the button']",Get the needle,0,0, A
2,23.07692307692308,"['Get out sewing kit.', 'Get the needle']","['Sew the button onto the garment by passing the needle through all 4 button holes.', 'Get the button.']",Get the button.,1,0, A
3,61.53846153846154,"['Get out sewing kit.', 'Get the needle', 'Get the button.']","['Holding button at appropriate location, press needle through first hole on button.', 'Get scissors, needle, button and thread']","Holding button at appropriate location, press needle through first hole on button.",0,0, A
4,65.38461538461539,"['Get out sewing kit.', 'Get the needle', 'Get the button.', 'Holding button at appropriate location, press needle through first hole on button.']","['Then push needle through material', 'Cut away any loose threads.']",Then push needle through material,0,0, A
5,69.23076923076923,"['Get out sewing kit.', 'Get the needle', 'Get the button.', 'Holding button at appropriate location, press needle through first hole on button.', 'Then push needle through material']","['Poke needle through opposite hole', 'Find a needle and thread']",Poke needle through opposite hole,0,0, A
0,0.0,[],"['Tie knot on needle.', 'Get a thimble']",Get a thimble,1,0, A
1,15.384615384615383,['Get a thimble'],"['Find matching thread', 'Use needle and thread to sew button']",Find matching thread,0,0, A
2,23.07692307692308,"['Get a thimble', 'Find matching thread']","['Get the button', 'sew onto fabric securely']",Get the button,0,0, A
3,26.923076923076923,"['Get a thimble', 'Find matching thread', 'Get the button']","['Lay down garment', 'Push needle through button and fabric.']",Lay down garment,0,0, A
4,30.76923076923077,"['Get a thimble', 'Find matching thread', 'Get the button', 'Lay down garment']","['Insert the needle back into the garment from the top of the button', 'Place the button at right place']",Place the button at right place,1,0, A
5,42.30769230769231,"['Get a thimble', 'Find matching thread', 'Get the button', 'Lay down garment', 'Place the button at right place']","['Find a needle and thread', 'Cut away old strings']",Cut away old strings,1,0, A
6,61.53846153846154,"['Get a thimble', 'Find matching thread', 'Get the button', 'Lay down garment', 'Place the button at right place', 'Cut away old strings']","['Get a shirt.', 'Holding button at appropriate location, press needle through first hole on button.']","Holding button at appropriate location, press needle through first hole on button.",1,0, A
7,76.92307692307693,"['Get a thimble', 'Find matching thread', 'Get the button', 'Lay down garment', 'Place the button at right place', 'Cut away old strings', 'Holding button at appropriate location, press needle through first hole on button.']","['Thread the needle', 'Repeat until sewed on.']",Repeat until sewed on.,1,0, A
0,0.0,[],"['Sew through the diagonal hole of the button and the garment.', 'Drive to fabric store']",Drive to fabric store,1,0, A
1,19.230769230769237,['Drive to fabric store'],"['Find a thread', 'Put the thread through the button and start threading']",Find a thread,0,0, A
2,26.923076923076923,"['Drive to fabric store', 'Find a thread']","['Get clothing', 'cut thread so that need will detach']",Get clothing,0,0, A
3,50.0,"['Drive to fabric store', 'Find a thread', 'Get clothing']","['Push needle through the button hole into the fabric', 'Find thread and needle.']",Push needle through the button hole into the fabric,0,0, A
4,61.53846153846154,"['Drive to fabric store', 'Find a thread', 'Get clothing', 'Push needle through the button hole into the fabric']","['Find right color string', 'Push needle through hole']",Push needle through hole,1,0, A
5,80.76923076923077,"['Drive to fabric store', 'Find a thread', 'Get clothing', 'Push needle through the button hole into the fabric', 'Push needle through hole']","['Break the thread and tie a final knot', 'Insert the thread into the needle hole']",Break the thread and tie a final knot,0,0, A
6,84.61538461538461,"['Drive to fabric store', 'Find a thread', 'Get clothing', 'Push needle through the button hole into the fabric', 'Push needle through hole', 'Break the thread and tie a final knot']","['Thread needle', 'cut thread']",cut thread,1,0, A
0,0.0,[],"['Pull needle and thread', 'Drive to fabric store']",Drive to fabric store,1,0, A
1,19.230769230769237,['Drive to fabric store'],"['Get thread.', 'Push needle through hole']",Get thread.,0,0, A
2,23.07692307692308,"['Drive to fabric store', 'Get thread.']","['Tie the end with a knot.', 'Find a button that matches']",Find a button that matches,1,0, A
3,61.53846153846154,"['Drive to fabric store', 'Get thread.', 'Find a button that matches']","['Push needle through first hole', 'Get a needle']",Push needle through first hole,0,0, A
4,76.92307692307693,"['Drive to fabric store', 'Get thread.', 'Find a button that matches', 'Push needle through first hole']","['Repeat through each button hole', 'find the needle']",Repeat through each button hole,0,0, A
5,84.61538461538461,"['Drive to fabric store', 'Get thread.', 'Find a button that matches', 'Push needle through first hole', 'Repeat through each button hole']","['Pull til it stops at the knot, push through fabric and another button hole', 'Cut the excess thread']",Cut the excess thread,1,0, A
0,0.0,[],"['Repeat several times until button is attached solidly to the fabric.', 'Drive to fabric store']",Drive to fabric store,1,0, A
1,19.230769230769237,['Drive to fabric store'],"['Take thread from sewing kit', 'Cut off excess thread']",Take thread from sewing kit,0,0, A
2,34.61538461538461,"['Drive to fabric store', 'Take thread from sewing kit']","['Thread the needle', 'Tie thread at end']",Thread the needle,0,0, A
3,42.30769230769231,"['Drive to fabric store', 'Take thread from sewing kit', 'Thread the needle']","['Cut thread string to how much is needed', 'tie knot on thread']",Cut thread string to how much is needed,0,0, A
4,61.53846153846154,"['Drive to fabric store', 'Take thread from sewing kit', 'Thread the needle', 'Cut thread string to how much is needed']","['find needle and thread', 'Holding button at appropriate location, press needle through first hole on button.']","Holding button at appropriate location, press needle through first hole on button.",1,0, A
5,65.38461538461539,"['Drive to fabric store', 'Take thread from sewing kit', 'Thread the needle', 'Cut thread string to how much is needed', 'Holding button at appropriate location, press needle through first hole on button.']","['thread needle with thread', 'Slide button onto needle and thread.']",Slide button onto needle and thread.,1,0, A
6,76.92307692307693,"['Drive to fabric store', 'Take thread from sewing kit', 'Thread the needle', 'Cut thread string to how much is needed', 'Holding button at appropriate location, press needle through first hole on button.', 'Slide button onto needle and thread.']","['get some thread', 'Push through other holes']",Push through other holes,1,0, A
7,80.76923076923077,"['Drive to fabric store', 'Take thread from sewing kit', 'Thread the needle', 'Cut thread string to how much is needed', 'Holding button at appropriate location, press needle through first hole on button.', 'Slide button onto needle and thread.', 'Push through other holes']","['thread the needle', 'Knot thread']",Knot thread,1,0, A
8,84.61538461538461,"['Drive to fabric store', 'Take thread from sewing kit', 'Thread the needle', 'Cut thread string to how much is needed', 'Holding button at appropriate location, press needle through first hole on button.', 'Slide button onto needle and thread.', 'Push through other holes', 'Knot thread']","['Thread the needle', 'Cut thread.']",Cut thread.,1,0, A
9,88.46153846153845,"['Drive to fabric store', 'Take thread from sewing kit', 'Thread the needle', 'Cut thread string to how much is needed', 'Holding button at appropriate location, press needle through first hole on button.', 'Slide button onto needle and thread.', 'Push through other holes', 'Knot thread', 'Cut thread.']","['find a button', 'Put all the items away']",Put all the items away,1,0, A
0,0.0,[],"['Gather supplies', 'Repeat until button is tight']",Gather supplies,0,0, A
1,26.923076923076923,['Gather supplies'],"['pull through on the other side', 'grab object the button is being sewed']",grab object the button is being sewed,1,0, A
2,34.61538461538461,"['Gather supplies', 'grab object the button is being sewed']","['thread the needle', 'when done tie the end properly']",thread the needle,0,0, A
3,50.0,"['Gather supplies', 'grab object the button is being sewed', 'thread the needle']","['Push needle through the button hole into the fabric', 'put back all the materials']",Push needle through the button hole into the fabric,0,0, A
4,80.76923076923077,"['Gather supplies', 'grab object the button is being sewed', 'thread the needle', 'Push needle through the button hole into the fabric']","['Tie ends.', 'Thread needle.']",Tie ends.,0,0, A
0,0.0,[],"['Tie the end with a knot.', 'Grab the fabric and button']",Grab the fabric and button,1,0, A
1,26.923076923076923,['Grab the fabric and button'],"['Put needle into one button hole through shirt.', 'Get the garment']",Get the garment,1,0, A
2,30.76923076923077,"['Grab the fabric and button', 'Get the garment']","['Place button where it belongs on garment', 'Tie off your thread.']",Place button where it belongs on garment,0,0, A
3,34.61538461538461,"['Grab the fabric and button', 'Get the garment', 'Place button where it belongs on garment']","['Thread needle.', 'Wrap the thread']",Thread needle.,0,0, A
4,42.30769230769231,"['Grab the fabric and button', 'Get the garment', 'Place button where it belongs on garment', 'Thread needle.']","['Cut thread string to how much is needed', 'repeat steps 4-5 until button is secured to shirt']",Cut thread string to how much is needed,0,0, A
5,46.15384615384615,"['Grab the fabric and button', 'Get the garment', 'Place button where it belongs on garment', 'Thread needle.', 'Cut thread string to how much is needed']","['Sew the button', 'Find replacement button.']",Sew the button,0,0, A
6,61.53846153846154,"['Grab the fabric and button', 'Get the garment', 'Place button where it belongs on garment', 'Thread needle.', 'Cut thread string to how much is needed', 'Sew the button']","['Get supplies - shirt, new button, thread, needle', 'take needle bring up through the back of the item']",take needle bring up through the back of the item,1,0, A
7,65.38461538461539,"['Grab the fabric and button', 'Get the garment', 'Place button where it belongs on garment', 'Thread needle.', 'Cut thread string to how much is needed', 'Sew the button', 'take needle bring up through the back of the item']","['Fix the thread in the needle', 'Push needle through other hole of button and through clothes']",Push needle through other hole of button and through clothes,1,0, A
8,76.92307692307693,"['Grab the fabric and button', 'Get the garment', 'Place button where it belongs on garment', 'Thread needle.', 'Cut thread string to how much is needed', 'Sew the button', 'take needle bring up through the back of the item', 'Push needle through other hole of button and through clothes']","['Repeat the inserting as above for about 10 times', 'Find a button']",Repeat the inserting as above for about 10 times,0,0, A
9,84.61538461538461,"['Grab the fabric and button', 'Get the garment', 'Place button where it belongs on garment', 'Thread needle.', 'Cut thread string to how much is needed', 'Sew the button', 'take needle bring up through the back of the item', 'Push needle through other hole of button and through clothes', 'Repeat the inserting as above for about 10 times']","['Put button on shirt', 'Cut the needle off of the thread.']",Cut the needle off of the thread.,1,0, A
10,88.46153846153845,"['Grab the fabric and button', 'Get the garment', 'Place button where it belongs on garment', 'Thread needle.', 'Cut thread string to how much is needed', 'Sew the button', 'take needle bring up through the back of the item', 'Push needle through other hole of button and through clothes', 'Repeat the inserting as above for about 10 times', 'Cut the needle off of the thread.']","['knot thread', 'Clean up.']",Clean up.,1,0, A
0,0.0,[],"['tie knot on thread', 'Drive to fabric store']",Drive to fabric store,1,0, A
1,19.230769230769237,['Drive to fabric store'],"['getting out thread', 'Insert the needle into the button hole']",getting out thread,0,0, A
2,23.07692307692308,"['Drive to fabric store', 'getting out thread']","['Take button.', 'Pass the needle through the second button hole']",Take button.,0,0, A
3,30.76923076923077,"['Drive to fabric store', 'getting out thread', 'Take button.']","['Place button where you want it to go', 'knot thread']",Place button where you want it to go,0,0, A
4,46.15384615384615,"['Drive to fabric store', 'getting out thread', 'Take button.', 'Place button where you want it to go']","['Find a button', 'Sew button']",Sew button,1,0, A
5,88.46153846153845,"['Drive to fabric store', 'getting out thread', 'Take button.', 'Place button where you want it to go', 'Sew button']","['Find some thread and needle', 'Put away needle and thread']",Put away needle and thread,1,0, A
6,92.3076923076923,"['Drive to fabric store', 'getting out thread', 'Take button.', 'Place button where you want it to go', 'Sew button', 'Put away needle and thread']","['Check if the button is tight', 'Find a button']",Check if the button is tight,0,0, A
0,0.0,[],"['Tie the thread', 'Get scissors, needle, button and thread']","Get scissors, needle, button and thread",1,0, A
1,15.384615384615383,"['Get scissors, needle, button and thread']","['Sew the button onto the garment by passing the needle through all 4 button holes.', 'Find right color string']",Find right color string,1,0, A
2,19.230769230769237,"['Get scissors, needle, button and thread', 'Find right color string']","['put items away when done', ""Pull a thread of a matching color through the needle's eye""]",Pull a thread of a matching color through the needle's eye,1,0, A
3,26.923076923076923,"['Get scissors, needle, button and thread', 'Find right color string', ""Pull a thread of a matching color through the needle's eye""]","['find shirt with missing button', 'Get your sewing kit']",find shirt with missing button,0,0, A
4,50.0,"['Get scissors, needle, button and thread', 'Find right color string', ""Pull a thread of a matching color through the needle's eye"", 'find shirt with missing button']","['Push needle through back of clothes and through hole of button', 'Take out sewing kit.']",Push needle through back of clothes and through hole of button,0,0, A
5,65.38461538461539,"['Get scissors, needle, button and thread', 'Find right color string', ""Pull a thread of a matching color through the needle's eye"", 'find shirt with missing button', 'Push needle through back of clothes and through hole of button']","['Sew button through second hole', 'Thread needle.']",Sew button through second hole,0,0, A
6,76.92307692307693,"['Get scissors, needle, button and thread', 'Find right color string', ""Pull a thread of a matching color through the needle's eye"", 'find shirt with missing button', 'Push needle through back of clothes and through hole of button', 'Sew button through second hole']","['Keep sewing until the button is secure.', 'Place button where you want it to go']",Keep sewing until the button is secure.,0,0, A
7,84.61538461538461,"['Get scissors, needle, button and thread', 'Find right color string', ""Pull a thread of a matching color through the needle's eye"", 'find shirt with missing button', 'Push needle through back of clothes and through hole of button', 'Sew button through second hole', 'Keep sewing until the button is secure.']","['Make a knot at end', 'Cut.']",Cut.,1,0, A
8,88.46153846153845,"['Get scissors, needle, button and thread', 'Find right color string', ""Pull a thread of a matching color through the needle's eye"", 'find shirt with missing button', 'Push needle through back of clothes and through hole of button', 'Sew button through second hole', 'Keep sewing until the button is secure.', 'Cut.']","['Take out the needle', 'Get a thimble']",Take out the needle,0,0, A
9,92.3076923076923,"['Get scissors, needle, button and thread', 'Find right color string', ""Pull a thread of a matching color through the needle's eye"", 'find shirt with missing button', 'Push needle through back of clothes and through hole of button', 'Sew button through second hole', 'Keep sewing until the button is secure.', 'Cut.', 'Take out the needle']","['MAKE SURE BUTTON IS SECURE', 'Get button']",MAKE SURE BUTTON IS SECURE,0,0, A
0,0.0,[],"['Thread the needle', 'Drive to fabric store']",Drive to fabric store,1,0, A
1,19.230769230769237,['Drive to fabric store'],"['moving the needle in and out of the button holes', 'Take out right colored thread.']",Take out right colored thread.,1,0, A
2,23.07692307692308,"['Drive to fabric store', 'Take out right colored thread.']","['Use the needle to guide the thread', 'Find a button']",Find a button,1,0, A
3,30.76923076923077,"['Drive to fabric store', 'Take out right colored thread.', 'Find a button']","['Place button where it is to be sewed', 'Insert needle through first side of button (step 3)']",Place button where it is to be sewed,0,0, A
4,46.15384615384615,"['Drive to fabric store', 'Take out right colored thread.', 'Find a button', 'Place button where it is to be sewed']","['sew the button on carefully', 'get button']",sew the button on carefully,0,0, A
5,84.61538461538461,"['Drive to fabric store', 'Take out right colored thread.', 'Find a button', 'Place button where it is to be sewed', 'sew the button on carefully']","['Cut the thread near the needle to finish', 'Push needle through first hole']",Cut the thread near the needle to finish,0,0, A
0,0.0,[],"['Get out needle, thread, button, and clothing item.', 'Place the thread inside the needle']","Get out needle, thread, button, and clothing item.",0,0, A
1,15.384615384615383,"['Get out needle, thread, button, and clothing item.']","['put the needle into the fabric', 'Choose thread color']",Choose thread color,1,0, A
2,34.61538461538461,"['Get out needle, thread, button, and clothing item.', 'Choose thread color']","['When done knot end.', 'Insert thread in needle']",Insert thread in needle,1,0, A
3,42.30769230769231,"['Get out needle, thread, button, and clothing item.', 'Choose thread color', 'Insert thread in needle']","['Cut away old strings', 'Get needle']",Cut away old strings,0,0, A
4,46.15384615384615,"['Get out needle, thread, button, and clothing item.', 'Choose thread color', 'Insert thread in needle', 'Cut away old strings']","['get thread', 'Stick needle through hole and secure with thread']",Stick needle through hole and secure with thread,1,0, A
5,84.61538461538461,"['Get out needle, thread, button, and clothing item.', 'Choose thread color', 'Insert thread in needle', 'Cut away old strings', 'Stick needle through hole and secure with thread']","['cut thread so that need will detach', 'Find button that matches others.']",cut thread so that need will detach,0,0, A
0,0.0,[],"['Find sewing kit', 'Put needle in other button hole.']",Find sewing kit,0,0, A
1,11.538461538461538,['Find sewing kit'],"['Pick a needle', 'Thread button onto clothing']",Pick a needle,0,0, A
2,19.230769230769237,"['Find sewing kit', 'Pick a needle']","['put the needle into the fabric', 'Get the proper colored thread']",Get the proper colored thread,1,0, A
3,23.07692307692308,"['Find sewing kit', 'Pick a needle', 'Get the proper colored thread']","['Insert needle through button and into fabric where the button belongs.', 'Get proper button']",Get proper button,1,0, A
4,26.923076923076923,"['Find sewing kit', 'Pick a needle', 'Get the proper colored thread', 'Get proper button']","['carefully cut off old button if exists', 'Pull through other side.']",carefully cut off old button if exists,0,0, A
5,30.76923076923077,"['Find sewing kit', 'Pick a needle', 'Get the proper colored thread', 'Get proper button', 'carefully cut off old button if exists']","['Place button on item', 'Insert needle through first side of button (step 3)']",Place button on item,0,0, A
6,46.15384615384615,"['Find sewing kit', 'Pick a needle', 'Get the proper colored thread', 'Get proper button', 'carefully cut off old button if exists', 'Place button on item']","['Start sewing', 'Get button']",Start sewing,0,0, A
7,53.84615384615385,"['Find sewing kit', 'Pick a needle', 'Get the proper colored thread', 'Get proper button', 'carefully cut off old button if exists', 'Place button on item', 'Start sewing']","['Pick a needle', 'Pull thread through opposite button hole']",Pull thread through opposite button hole,1,0, A
8,57.692307692307686,"['Find sewing kit', 'Pick a needle', 'Get the proper colored thread', 'Get proper button', 'carefully cut off old button if exists', 'Place button on item', 'Start sewing', 'Pull thread through opposite button hole']","[""pass needle and thread back through another of the button's needle holes"", 'Place button on item']",pass needle and thread back through another of the button's needle holes,0,0, A
0,0.0,[],"['Drive to fabric store', 'With needle and thread push needle through cloth and through button hole']",Drive to fabric store,0,0, A
1,19.230769230769237,['Drive to fabric store'],"['Repeat steps 4 through 6 about 30 times', 'Find thread that matches']",Find thread that matches,1,0, A
2,34.61538461538461,"['Drive to fabric store', 'Find thread that matches']","['Cut.', 'Thread the needle']",Thread the needle,1,0, A
3,46.15384615384615,"['Drive to fabric store', 'Find thread that matches', 'Thread the needle']","['Sew button', 'Grab button']",Sew button,0,0, A
4,88.46153846153845,"['Drive to fabric store', 'Find thread that matches', 'Thread the needle', 'Sew button']","['Put needle and thread back in drawer', 'Pull it back out the other hole']",Put needle and thread back in drawer,0,0, A
5,92.3076923076923,"['Drive to fabric store', 'Find thread that matches', 'Thread the needle', 'Sew button', 'Put needle and thread back in drawer']","['Check if the button is tight', 'Get a thread and a needle']",Check if the button is tight,0,0, A
0,0.0,[],"['Get sewing kit', 'Put everything away.']",Get sewing kit,0,0, A
1,7.6923076923076925,['Get sewing kit'],"['Get needle and thread', 'Sew the button on the cloth using the needle']",Get needle and thread,0,0, A
2,23.07692307692308,"['Get sewing kit', 'Get needle and thread']","['Repeat steps 4 through 6 about 30 times', 'take the button']",take the button,1,0, A
3,30.76923076923077,"['Get sewing kit', 'Get needle and thread', 'take the button']","['Place button where it belongs on garment', 'put needle into adjoining hole']",Place button where it belongs on garment,0,0, A
4,50.0,"['Get sewing kit', 'Get needle and thread', 'take the button', 'Place button where it belongs on garment']","['Cut off excess thread', 'Put needle through one hole']",Put needle through one hole,1,0, A
5,80.76923076923077,"['Get sewing kit', 'Get needle and thread', 'take the button', 'Place button where it belongs on garment', 'Put needle through one hole']","['knot thread', 'Put thread in needle']",knot thread,0,0, A
0,0.0,[],"['Put button in proper place', 'Get sewing kit']",Get sewing kit,1,0, A
1,23.07692307692308,['Get sewing kit'],"['Get button', 'Put supplies away']",Get button,0,0, A
2,26.923076923076923,"['Get sewing kit', 'Get button']","['Run needle and thread through button hole and fabric hole', 'Place item on flat surface']",Place item on flat surface,1,0, A
3,30.76923076923077,"['Get sewing kit', 'Get button', 'Place item on flat surface']","['Cut.', 'Determine proper placement for button']",Determine proper placement for button,1,0, A
4,34.61538461538461,"['Get sewing kit', 'Get button', 'Place item on flat surface', 'Determine proper placement for button']","['Get supplies - shirt, new button, thread, needle', 'Thread needle']",Thread needle,1,0, A
5,46.15384615384615,"['Get sewing kit', 'Get button', 'Place item on flat surface', 'Determine proper placement for button', 'Thread needle']","['Find button that matches others.', 'Use needle and thread to sew button']",Use needle and thread to sew button,1,0, A
6,88.46153846153845,"['Get sewing kit', 'Get button', 'Place item on flat surface', 'Determine proper placement for button', 'Thread needle', 'Use needle and thread to sew button']","['put sewing kit away', 'repeat the same way']",put sewing kit away,0,0, A
7,92.3076923076923,"['Get sewing kit', 'Get button', 'Place item on flat surface', 'Determine proper placement for button', 'Thread needle', 'Use needle and thread to sew button', 'put sewing kit away']","['Check the button', 'Thread a needle.']",Check the button,0,0, A
0,0.0,[],"['Gather supplies', 'Sow the thread through the button holes quite a few times']",Gather supplies,0,0, A
1,30.76923076923077,['Gather supplies'],"['Tie ends.', 'Find placement for new button.']",Find placement for new button.,1,0, A
2,50.0,"['Gather supplies', 'Find placement for new button.']","['Push needle through the button holes', 'Snip excess thread off']",Push needle through the button holes,0,0, A
3,80.76923076923077,"['Gather supplies', 'Find placement for new button.', 'Push needle through the button holes']","['Tie the thread', 'Take shirt']",Tie the thread,0,0, A
4,88.46153846153845,"['Gather supplies', 'Find placement for new button.', 'Push needle through the button holes', 'Tie the thread']","['Put supplies away', 'Place button where it is to be sewed']",Put supplies away,0,0, A
0,0.0,[],"['Repeat until button is secure', 'Get out sewing kit']",Get out sewing kit,1,0, A
1,7.6923076923076925,['Get out sewing kit'],"['cut the thread when finished', 'Get thread and needle']",Get thread and needle,1,0, A
2,23.07692307692308,"['Get out sewing kit', 'Get thread and needle']","['Get proper button', 'Do this several times until the button is secure']",Get proper button,0,0, A
3,50.0,"['Get out sewing kit', 'Get thread and needle', 'Get proper button']","['Put needle through one hole', 'gather needle and thread']",Put needle through one hole,0,0, A
4,80.76923076923077,"['Get out sewing kit', 'Get thread and needle', 'Get proper button', 'Put needle through one hole']","['knot thread', 'Take button and put it on shirt where you want it']",knot thread,0,0, A
0,0.0,[],"['Cut off end from needle', 'Drive to fabric store']",Drive to fabric store,1,0, A
1,19.230769230769237,['Drive to fabric store'],"['Cut the thread', 'Find some thread']",Find some thread,1,0, A
2,30.76923076923077,"['Drive to fabric store', 'Find some thread']","['Find the location where button needs to be sewn.', 'Repeat procedure until button is secure']",Find the location where button needs to be sewn.,0,0, A
3,61.53846153846154,"['Drive to fabric store', 'Find some thread', 'Find the location where button needs to be sewn.']","['Starting from the bottom, poke needle through hole in button', 'Hold shirt with non-dominant hand']","Starting from the bottom, poke needle through hole in button",0,0, A
4,80.76923076923077,"['Drive to fabric store', 'Find some thread', 'Find the location where button needs to be sewn.', 'Starting from the bottom, poke needle through hole in button']","['Thread needle', 'tie off thread']",tie off thread,1,0, A
5,88.46153846153845,"['Drive to fabric store', 'Find some thread', 'Find the location where button needs to be sewn.', 'Starting from the bottom, poke needle through hole in button', 'tie off thread']","['Put needle and thread back in drawer', 'get some thread']",Put needle and thread back in drawer,0,0, A
0,0.0,[],"['Get scissors, needle, button and thread', 'Insert thread in needle']","Get scissors, needle, button and thread",0,0, A
1,15.384615384615383,"['Get scissors, needle, button and thread']","['Cut length of thread', 'Choose thread color']",Choose thread color,1,0, A
2,34.61538461538461,"['Get scissors, needle, button and thread', 'Choose thread color']","['pull the thread through the eye of needle', 'Cross over to perpendicular hole, push needle back through']",pull the thread through the eye of needle,0,0, A
3,50.0,"['Get scissors, needle, button and thread', 'Choose thread color', 'pull the thread through the eye of needle']","['Put needle through button and shirt', 'Get thread.']",Put needle through button and shirt,0,0, A
4,53.84615384615385,"['Get scissors, needle, button and thread', 'Choose thread color', 'pull the thread through the eye of needle', 'Put needle through button and shirt']","['Place needle through button eyelets.', 'Find button']",Place needle through button eyelets.,0,0, A
5,57.692307692307686,"['Get scissors, needle, button and thread', 'Choose thread color', 'pull the thread through the eye of needle', 'Put needle through button and shirt', 'Place needle through button eyelets.']","['Tie knot on thread.', 'Insert the needle back into the garment from the top of the button']",Insert the needle back into the garment from the top of the button,1,0, A
6,76.92307692307693,"['Get scissors, needle, button and thread', 'Choose thread color', 'pull the thread through the eye of needle', 'Put needle through button and shirt', 'Place needle through button eyelets.', 'Insert the needle back into the garment from the top of the button']","['Repeat several times, going through a different hole each time.', 'Find thread that matches button color.']","Repeat several times, going through a different hole each time.",0,0, A
7,80.76923076923077,"['Get scissors, needle, button and thread', 'Choose thread color', 'pull the thread through the eye of needle', 'Put needle through button and shirt', 'Place needle through button eyelets.', 'Insert the needle back into the garment from the top of the button', 'Repeat several times, going through a different hole each time.']","['Make knot between thread and clothing.', 'Remove thread and needle from kit']",Make knot between thread and clothing.,0,0, A
8,84.61538461538461,"['Get scissors, needle, button and thread', 'Choose thread color', 'pull the thread through the eye of needle', 'Put needle through button and shirt', 'Place needle through button eyelets.', 'Insert the needle back into the garment from the top of the button', 'Repeat several times, going through a different hole each time.', 'Make knot between thread and clothing.']","['Cut off end from needle', 'Thread the needle.']",Cut off end from needle,0,0, A
0,0.0,[],"['Drive to fabric store', 'Thread the needle and tie a knot at end of thread.']",Drive to fabric store,0,0, A
1,19.230769230769237,['Drive to fabric store'],"['Put needle into one button hole through shirt.', 'Get thread']",Get thread,1,0, A
2,23.07692307692308,"['Drive to fabric store', 'Get thread']","['Find a button', 'repeat steps 4-5 until button is secured to shirt']",Find a button,0,0, A
3,26.923076923076923,"['Drive to fabric store', 'Get thread', 'Find a button']","['cut remaining thread away', 'Hold shirt with non-dominant hand']",Hold shirt with non-dominant hand,1,0, A
4,34.61538461538461,"['Drive to fabric store', 'Get thread', 'Find a button', 'Hold shirt with non-dominant hand']","['Continue crisscrossing thread between holes of button until button is tight.', 'Thread needle.']",Thread needle.,1,0, A
5,61.53846153846154,"['Drive to fabric store', 'Get thread', 'Find a button', 'Hold shirt with non-dominant hand', 'Thread needle.']","['Get needle and thread', 'Put needle into one button hole through shirt.']",Put needle into one button hole through shirt.,1,0, A
6,80.76923076923077,"['Drive to fabric store', 'Get thread', 'Find a button', 'Hold shirt with non-dominant hand', 'Thread needle.', 'Put needle into one button hole through shirt.']","['Line the button up in the place where the old one would have been', 'Tie end in a knot']",Tie end in a knot,1,0, A
7,88.46153846153845,"['Drive to fabric store', 'Get thread', 'Find a button', 'Hold shirt with non-dominant hand', 'Thread needle.', 'Put needle into one button hole through shirt.', 'Tie end in a knot']","['Put needle away', 'GET SOME NEEDLE AND THREAD']",Put needle away,0,0, A
8,92.3076923076923,"['Drive to fabric store', 'Get thread', 'Find a button', 'Hold shirt with non-dominant hand', 'Thread needle.', 'Put needle into one button hole through shirt.', 'Tie end in a knot', 'Put needle away']","['MAKE SURE BUTTON IS SECURE', 'Get thread and needle']",MAKE SURE BUTTON IS SECURE,0,0, A
0,0.0,[],"['cut the thread', 'get thread, needle, button to be sewn']","get thread, needle, button to be sewn",1,0, A
1,26.923076923076923,"['get thread, needle, button to be sewn']","['Hold shirt with non-dominant hand', 'Tie off knot with thread.']",Hold shirt with non-dominant hand,0,0, A
2,34.61538461538461,"['get thread, needle, button to be sewn', 'Hold shirt with non-dominant hand']","['Continue repeating pushing up and pushing thread back down', 'Put thread through needle hole']",Put thread through needle hole,1,0, A
3,46.15384615384615,"['get thread, needle, button to be sewn', 'Hold shirt with non-dominant hand', 'Put thread through needle hole']","['Get needle', 'moving the needle in and out of the button holes']",moving the needle in and out of the button holes,1,0, A
4,76.92307692307693,"['get thread, needle, button to be sewn', 'Hold shirt with non-dominant hand', 'Put thread through needle hole', 'moving the needle in and out of the button holes']","['Continue until the button is securely on the clothing', 'get needle']",Continue until the button is securely on the clothing,0,0, A
5,80.76923076923077,"['get thread, needle, button to be sewn', 'Hold shirt with non-dominant hand', 'Put thread through needle hole', 'moving the needle in and out of the button holes', 'Continue until the button is securely on the clothing']","['Place the button on the cloth', 'when done tie the end properly']",when done tie the end properly,1,0, A
0,0.0,[],"['Drive to fabric store', 'Tie the thread']",Drive to fabric store,0,0, A
1,19.230769230769237,['Drive to fabric store'],"['push the needle through the button', 'Select thread']",Select thread,1,0, A
2,26.923076923076923,"['Drive to fabric store', 'Select thread']","['Get clothing', 'repeat steps 4-5 until button is secured to shirt']",Get clothing,0,0, A
3,30.76923076923077,"['Drive to fabric store', 'Select thread', 'Get clothing']","['Put button on shirt', 'Cut excess thread']",Put button on shirt,0,0, A
4,34.61538461538461,"['Drive to fabric store', 'Select thread', 'Get clothing', 'Put button on shirt']","['Poke needle through opposite hole', 'Thread needle.']",Thread needle.,1,0, A
5,61.53846153846154,"['Drive to fabric store', 'Select thread', 'Get clothing', 'Put button on shirt', 'Thread needle.']","['Pass the needle through one of the button holes', 'Thread needle']",Pass the needle through one of the button holes,0,0, A
6,80.76923076923077,"['Drive to fabric store', 'Select thread', 'Get clothing', 'Put button on shirt', 'Thread needle.', 'Pass the needle through one of the button holes']","['Tie of thread on inside', 'Stick the head through the needle eye']",Tie of thread on inside,0,0, A
7,84.61538461538461,"['Drive to fabric store', 'Select thread', 'Get clothing', 'Put button on shirt', 'Thread needle.', 'Pass the needle through one of the button holes', 'Tie of thread on inside']","['Cut thread close to knot.', 'Find the location where button needs to be sewn.']",Cut thread close to knot.,0,0, A
0,0.0,[],"['Drive to fabric store', 'MAKE SURE BUTTON IS SECURE']",Drive to fabric store,0,0, A
1,19.230769230769237,['Drive to fabric store'],"['With other hand, push needle through button hole', 'Get thread']",Get thread,1,0, A
2,26.923076923076923,"['Drive to fabric store', 'Get thread']","['Push needle under material to next hole', 'Get a shirt.']",Get a shirt.,1,0, A
3,34.61538461538461,"['Drive to fabric store', 'Get thread', 'Get a shirt.']","['Tie the thread', 'Thread needle.']",Thread needle.,1,0, A
4,61.53846153846154,"['Drive to fabric store', 'Get thread', 'Get a shirt.', 'Thread needle.']","['Start sewing going into the back of the garment.', 'Put everything away.']",Start sewing going into the back of the garment.,0,0, A
5,65.38461538461539,"['Drive to fabric store', 'Get thread', 'Get a shirt.', 'Thread needle.', 'Start sewing going into the back of the garment.']","['Grab thread and needle', 'Pull needle out other side.']",Pull needle out other side.,1,0, A
6,69.23076923076923,"['Drive to fabric store', 'Get thread', 'Get a shirt.', 'Thread needle.', 'Start sewing going into the back of the garment.', 'Pull needle out other side.']","['sew onto fabric securely', 'put needle into adjoining hole']",put needle into adjoining hole,1,0, A
7,73.07692307692307,"['Drive to fabric store', 'Get thread', 'Get a shirt.', 'Thread needle.', 'Start sewing going into the back of the garment.', 'Pull needle out other side.', 'put needle into adjoining hole']","['Get a replacement button.', 'Repeat for remaining holes']",Repeat for remaining holes,1,0, A
8,76.92307692307693,"['Drive to fabric store', 'Get thread', 'Get a shirt.', 'Thread needle.', 'Start sewing going into the back of the garment.', 'Pull needle out other side.', 'put needle into adjoining hole', 'Repeat for remaining holes']","['Repeat through each button hole', 'Get thread']",Repeat through each button hole,0,0, A
9,84.61538461538461,"['Drive to fabric store', 'Get thread', 'Get a shirt.', 'Thread needle.', 'Start sewing going into the back of the garment.', 'Pull needle out other side.', 'put needle into adjoining hole', 'Repeat for remaining holes', 'Repeat through each button hole']","['Get the proper colored thread', 'Cut.']",Cut.,1,0, A
0,0.0,[],"['Get a thimble', 'Insert the needle back into the garment from the top of the button']",Get a thimble,0,0, A
1,26.923076923076923,['Get a thimble'],"['Repeat for all holes to reinforce', 'Get garment which you would like to sew button on to.']",Get garment which you would like to sew button on to.,1,0, A
2,50.0,"['Get a thimble', 'Get garment which you would like to sew button on to.']","['Check the button', 'Push the needle through the fabric']",Push the needle through the fabric,1,0, A
3,61.53846153846154,"['Get a thimble', 'Get garment which you would like to sew button on to.', 'Push the needle through the fabric']","['Pick thread to use', 'take needle bring up through the back of the item']",take needle bring up through the back of the item,1,0, A
4,65.38461538461539,"['Get a thimble', 'Get garment which you would like to sew button on to.', 'Push the needle through the fabric', 'take needle bring up through the back of the item']","['Pass the needle through the second button hole', 'Thread the needle']",Pass the needle through the second button hole,0,0, A
5,69.23076923076923,"['Get a thimble', 'Get garment which you would like to sew button on to.', 'Push the needle through the fabric', 'take needle bring up through the back of the item', 'Pass the needle through the second button hole']","['Get back the needle through the third button hole', 'Pick thread to use']",Get back the needle through the third button hole,0,0, A
0,0.0,[],"['Get the garment', 'Drive to fabric store']",Drive to fabric store,1,0, A
1,19.230769230769237,['Drive to fabric store'],"['Tie off thread', 'Pick thread to use']",Pick thread to use,1,0, A
2,34.61538461538461,"['Drive to fabric store', 'Pick thread to use']","['Thread needle.', 'Tie off your thread.']",Thread needle.,0,0, A
3,53.84615384615385,"['Drive to fabric store', 'Pick thread to use', 'Thread needle.']","['Pull thread through opposite button hole', 'Get thread']",Pull thread through opposite button hole,0,0, A
4,76.92307692307693,"['Drive to fabric store', 'Pick thread to use', 'Thread needle.', 'Pull thread through opposite button hole']","['Find button', 'Repeat for all holes to reinforce']",Repeat for all holes to reinforce,1,0, A
5,80.76923076923077,"['Drive to fabric store', 'Pick thread to use', 'Thread needle.', 'Pull thread through opposite button hole', 'Repeat for all holes to reinforce']","['Position button in correct place.', 'Tie of thread on inside']",Tie of thread on inside,1,0, A
6,84.61538461538461,"['Drive to fabric store', 'Pick thread to use', 'Thread needle.', 'Pull thread through opposite button hole', 'Repeat for all holes to reinforce', 'Tie of thread on inside']","['Pass the needle through one of the button holes', 'Cut thread close to knot.']",Cut thread close to knot.,1,0, A
0,0.0,[],"['Put button on shirt.', 'Get sewing kit']",Get sewing kit,1,0, A
1,34.61538461538461,['Get sewing kit'],"['Thread a needle', 'Grab the fabric and button']",Thread a needle,0,0, A
2,50.0,"['Get sewing kit', 'Thread a needle']","['Cut away any extra string', 'Push the needle through the fabric']",Push the needle through the fabric,1,0, A
3,80.76923076923077,"['Get sewing kit', 'Thread a needle', 'Push the needle through the fabric']","['Take a needle and required thread', ""TIE A KNOT IN THE END OF THE THREAD SO THE BUTTON DOESN'T COME OFF""]",TIE A KNOT IN THE END OF THE THREAD SO THE BUTTON DOESN'T COME OFF,1,0, A
0,0.0,[],"['Drive to fabric store', 'Put button in proper place']",Drive to fabric store,0,0, A
1,19.230769230769237,['Drive to fabric store'],"['Get thread', 'Put the thread through the button and start threading']",Get thread,0,0, A
2,23.07692307692308,"['Drive to fabric store', 'Get thread']","['Pull through other end', 'Choose a button.']",Choose a button.,1,0, A
3,26.923076923076923,"['Drive to fabric store', 'Get thread', 'Choose a button.']","['Cut.', 'take the cloth to be sewed']",take the cloth to be sewed,1,0, A
4,46.15384615384615,"['Drive to fabric store', 'Get thread', 'Choose a button.', 'take the cloth to be sewed']","['Take needle from sewing kit', 'Sew the button in place with the needle and thread']",Sew the button in place with the needle and thread,1,0, A
5,61.53846153846154,"['Drive to fabric store', 'Get thread', 'Choose a button.', 'take the cloth to be sewed', 'Sew the button in place with the needle and thread']","['Holding button at appropriate location, press needle through first hole on button.', 'Take out sewing kit']","Holding button at appropriate location, press needle through first hole on button.",0,0, A
6,76.92307692307693,"['Drive to fabric store', 'Get thread', 'Choose a button.', 'take the cloth to be sewed', 'Sew the button in place with the needle and thread', 'Holding button at appropriate location, press needle through first hole on button.']","[""Make 4 x's in button."", ""Insert the thread into the eye of the needle and tie a knot so it's attached.""]",Make 4 x's in button.,0,0, A
0,0.0,[],"['Gather supplies', 'Tie off the thread']",Gather supplies,0,0, A
1,15.384615384615383,['Gather supplies'],"['Find matching thread', 'Tie off your thread.']",Find matching thread,0,0, A
2,19.230769230769237,"['Gather supplies', 'Find matching thread']","['Take thread from sewing kit', 'Use the needle to go through the button holes and the fabric']",Take thread from sewing kit,0,0, A
3,34.61538461538461,"['Gather supplies', 'Find matching thread', 'Take thread from sewing kit']","['Thread needle.', 'Make knot between thread and clothing.']",Thread needle.,0,0, A
4,38.46153846153847,"['Gather supplies', 'Find matching thread', 'Take thread from sewing kit', 'Thread needle.']","['Tie a knot at the end of thread', 'Tie knot to secure thread and button to clothes']",Tie a knot at the end of thread,0,0, A
5,61.53846153846154,"['Gather supplies', 'Find matching thread', 'Take thread from sewing kit', 'Thread needle.', 'Tie a knot at the end of thread']","['Pull the needle until thread is completely on the other side of shirt', ""Pull a thread of a matching color through the needle's eye""]",Pull the needle until thread is completely on the other side of shirt,0,0, A
6,65.38461538461539,"['Gather supplies', 'Find matching thread', 'Take thread from sewing kit', 'Thread needle.', 'Tie a knot at the end of thread', 'Pull the needle until thread is completely on the other side of shirt']","['Get needle', 'Pass the needle through the second button hole']",Pass the needle through the second button hole,1,0, A
7,69.23076923076923,"['Gather supplies', 'Find matching thread', 'Take thread from sewing kit', 'Thread needle.', 'Tie a knot at the end of thread', 'Pull the needle until thread is completely on the other side of shirt', 'Pass the needle through the second button hole']","['Find a needle and thread', 'Hold button in place']",Hold button in place,1,0, A
0,0.0,[],"['Get sewing kit', 'put the needle into the fabric']",Get sewing kit,0,0, A
1,11.538461538461538,['Get sewing kit'],"['Repeat until sewed on.', 'Get a sewing needle.']",Get a sewing needle.,1,0, A
2,15.384615384615383,"['Get sewing kit', 'Get a sewing needle.']","['Choose thread color', 'Check the button']",Choose thread color,0,0, A
3,23.07692307692308,"['Get sewing kit', 'Get a sewing needle.', 'Choose thread color']","['Pass thread through button holes.', 'Get button']",Get button,1,0, A
4,50.0,"['Get sewing kit', 'Get a sewing needle.', 'Choose thread color', 'Get button']","[""Pull a thread of a matching color through the needle's eye"", 'insert needle through cloth']",insert needle through cloth,1,0, A
5,65.38461538461539,"['Get sewing kit', 'Get a sewing needle.', 'Choose thread color', 'Get button', 'insert needle through cloth']","['Hold shirt with non-dominant hand', 'Pull needle out other side.']",Pull needle out other side.,1,0, A
6,76.92307692307693,"['Get sewing kit', 'Get a sewing needle.', 'Choose thread color', 'Get button', 'insert needle through cloth', 'Pull needle out other side.']","['Place the button on the cloth', 'Repeat several times until button is attached solidly to the fabric.']",Repeat several times until button is attached solidly to the fabric.,1,0, A
7,84.61538461538461,"['Get sewing kit', 'Get a sewing needle.', 'Choose thread color', 'Get button', 'insert needle through cloth', 'Pull needle out other side.', 'Repeat several times until button is attached solidly to the fabric.']","['cut loose thread', 'Get the sewing kit.']",cut loose thread,0,0, A
8,88.46153846153845,"['Get sewing kit', 'Get a sewing needle.', 'Choose thread color', 'Get button', 'insert needle through cloth', 'Pull needle out other side.', 'Repeat several times until button is attached solidly to the fabric.', 'cut loose thread']","['Take a needle and required thread', 'Clean up.']",Clean up.,1,0, A
0,0.0,[],"['Place button where it belongs on garment', 'Get your sewing kit']",Get your sewing kit,1,0, A
1,11.538461538461538,['Get your sewing kit'],"['getting out needle', 'Repeat to make loop and knot it.']",getting out needle,0,0, A
2,15.384615384615383,"['Get your sewing kit', 'getting out needle']","['sew the button with criss-cross movement of needle', 'Select thread of correct color']",Select thread of correct color,1,0, A
3,23.07692307692308,"['Get your sewing kit', 'getting out needle', 'Select thread of correct color']","['Pull til it stops at the knot, push through fabric and another button hole', 'Find a button']",Find a button,1,0, A
4,61.53846153846154,"['Get your sewing kit', 'getting out needle', 'Select thread of correct color', 'Find a button']","['Insert needle through one side of button', 'take the cloth to be sewed']",Insert needle through one side of button,0,0, A
5,80.76923076923077,"['Get your sewing kit', 'getting out needle', 'Select thread of correct color', 'Find a button', 'Insert needle through one side of button']","['Get needle', 'tie a knot at the end of the string']",tie a knot at the end of the string,1,0, A
0,0.0,[],"['Repeat procedure until button is secure', 'Find sewing kit.']",Find sewing kit.,1,0, A
1,23.07692307692308,['Find sewing kit.'],"['Continue until the button is securely on the clothing', 'Find button that matches others.']",Find button that matches others.,1,0, A
2,30.76923076923077,"['Find sewing kit.', 'Find button that matches others.']","['Line the button back into place', 'Keep repeating the sewing to reinforce the strength']",Line the button back into place,0,0, A
3,50.0,"['Find sewing kit.', 'Find button that matches others.', 'Line the button back into place']","['Put thread through needle.', 'Get a needle and thread']",Put thread through needle.,0,0, A
4,53.84615384615385,"['Find sewing kit.', 'Find button that matches others.', 'Line the button back into place', 'Put thread through needle.']","['Get thread and needle', 'Insert needle through other side of button on back side']",Insert needle through other side of button on back side,1,0, A
5,57.692307692307686,"['Find sewing kit.', 'Find button that matches others.', 'Line the button back into place', 'Put thread through needle.', 'Insert needle through other side of button on back side']","['Find a button that matches the others on your garment', 'Pull through']",Pull through,1,0, A
0,0.0,[],"['Get button, thread, needle and scissors', 'when done tie the end properly']","Get button, thread, needle and scissors",0,0, A
1,26.923076923076923,"['Get button, thread, needle and scissors']","['Lay down garment', 'Take out sewing kit.']",Lay down garment,0,0, A
2,30.76923076923077,"['Get button, thread, needle and scissors', 'Lay down garment']","['Continue until the button is on tight', 'Put the button in the correct spot.']",Put the button in the correct spot.,1,0, A
3,46.15384615384615,"['Get button, thread, needle and scissors', 'Lay down garment', 'Put the button in the correct spot.']","['Sew button.', 'Take a needle']",Sew button.,0,0, A
4,50.0,"['Get button, thread, needle and scissors', 'Lay down garment', 'Put the button in the correct spot.', 'Sew button.']","['Put the thread through the button and start threading', 'Select needle']",Put the thread through the button and start threading,0,0, A
5,61.53846153846154,"['Get button, thread, needle and scissors', 'Lay down garment', 'Put the button in the correct spot.', 'Sew button.', 'Put the thread through the button and start threading']","['take needle bring up through the back of the item', 'Get a thimble']",take needle bring up through the back of the item,0,0, A
6,80.76923076923077,"['Get button, thread, needle and scissors', 'Lay down garment', 'Put the button in the correct spot.', 'Sew button.', 'Put the thread through the button and start threading', 'take needle bring up through the back of the item']","['Tie the end of the string so it will not unravel', 'thread needle with thread']",Tie the end of the string so it will not unravel,0,0, A
7,88.46153846153845,"['Get button, thread, needle and scissors', 'Lay down garment', 'Put the button in the correct spot.', 'Sew button.', 'Put the thread through the button and start threading', 'take needle bring up through the back of the item', 'Tie the end of the string so it will not unravel']","['Get the garment', 'put items away when done']",put items away when done,1,0, A
0,0.0,[],"['Get supplies - shirt, new button, thread, needle', 'Insert the thread through the button']","Get supplies - shirt, new button, thread, needle",0,0, A
1,7.6923076923076925,"['Get supplies - shirt, new button, thread, needle']","['grab a needle and string', 'Cut off end from needle']",grab a needle and string,0,0, A
2,11.538461538461538,"['Get supplies - shirt, new button, thread, needle', 'grab a needle and string']","['Get needle', 'Tie off knot with thread.']",Get needle,0,0, A
3,30.76923076923077,"['Get supplies - shirt, new button, thread, needle', 'grab a needle and string', 'Get needle']","['repeat 5-8 several times until button is secure', 'Place the button in the right spot']",Place the button in the right spot,1,0, A
4,46.15384615384615,"['Get supplies - shirt, new button, thread, needle', 'grab a needle and string', 'Get needle', 'Place the button in the right spot']","['put needle with thread into clothes', 'Find an extra button']",put needle with thread into clothes,0,0, A
5,61.53846153846154,"['Get supplies - shirt, new button, thread, needle', 'grab a needle and string', 'Get needle', 'Place the button in the right spot', 'put needle with thread into clothes']","['Starting from the bottom, poke needle through hole in button', 'Cut thread']","Starting from the bottom, poke needle through hole in button",0,0, A
6,80.76923076923077,"['Get supplies - shirt, new button, thread, needle', 'grab a needle and string', 'Get needle', 'Place the button in the right spot', 'put needle with thread into clothes', 'Starting from the bottom, poke needle through hole in button']","['Tie the thread at the bottom of the button', 'Place button on clothing']",Tie the thread at the bottom of the button,0,0, A
7,84.61538461538461,"['Get supplies - shirt, new button, thread, needle', 'grab a needle and string', 'Get needle', 'Place the button in the right spot', 'put needle with thread into clothes', 'Starting from the bottom, poke needle through hole in button', 'Tie the thread at the bottom of the button']","['Cut thread', 'Tie a knot in the thread']",Cut thread,0,0, A
0,0.0,[],"['Repeat for remaining holes', 'Get out sewing kit.']",Get out sewing kit.,1,0, A
1,11.538461538461538,['Get out sewing kit.'],"['Push the needle through one button hole and back out another hole', 'Take out needle.']",Take out needle.,1,0, A
2,23.07692307692308,"['Get out sewing kit.', 'Take out needle.']","['Find a matching button', 'Put needle and thread through holes']",Find a matching button,0,0, A
3,26.923076923076923,"['Get out sewing kit.', 'Take out needle.', 'Find a matching button']","['Put supplies away', 'carefully cut off old button if exists']",carefully cut off old button if exists,1,0, A
4,30.76923076923077,"['Get out sewing kit.', 'Take out needle.', 'Find a matching button', 'carefully cut off old button if exists']","['Ending again in the back of the garment cut off the thread.', 'Place button on fabric and hold with thumb and index finger']",Place button on fabric and hold with thumb and index finger,1,0, A
5,42.30769230769231,"['Get out sewing kit.', 'Take out needle.', 'Find a matching button', 'carefully cut off old button if exists', 'Place button on fabric and hold with thumb and index finger']","['knot thread', 'Cut length of thread']",Cut length of thread,1,0, A
6,61.53846153846154,"['Get out sewing kit.', 'Take out needle.', 'Find a matching button', 'carefully cut off old button if exists', 'Place button on fabric and hold with thumb and index finger', 'Cut length of thread']","['Cut off end from needle', 'Pull thread through']",Pull thread through,1,0, A
7,80.76923076923077,"['Get out sewing kit.', 'Take out needle.', 'Find a matching button', 'carefully cut off old button if exists', 'Place button on fabric and hold with thumb and index finger', 'Cut length of thread', 'Pull thread through']","['Make knot between thread and clothing.', ""pass needle and thread back through another of the button's needle holes""]",Make knot between thread and clothing.,0,0, A
8,88.46153846153845,"['Get out sewing kit.', 'Take out needle.', 'Find a matching button', 'carefully cut off old button if exists', 'Place button on fabric and hold with thumb and index finger', 'Cut length of thread', 'Pull thread through', 'Make knot between thread and clothing.']","['Put thread through needle.', 'Clean up.']",Clean up.,1,0, A
0,0.0,[],"['Get button, thread, needle and scissors', 'Repeat through each button hole']","Get button, thread, needle and scissors",0,0, A
1,26.923076923076923,"['Get button, thread, needle and scissors']","['Hold shirt with non-dominant hand', 'Make a knot']",Hold shirt with non-dominant hand,0,0, A
2,34.61538461538461,"['Get button, thread, needle and scissors', 'Hold shirt with non-dominant hand']","['Continue sewing.', 'Thread the needle and tie a knot at end of thread.']",Thread the needle and tie a knot at end of thread.,1,0, A
3,88.46153846153845,"['Get button, thread, needle and scissors', 'Hold shirt with non-dominant hand', 'Thread the needle and tie a knot at end of thread.']","['Take the cloth to be sewed', 'Put the needle and thread away']",Put the needle and thread away,1,0, A
0,0.0,[],"['Place the thread through the needle', 'Get a thimble']",Get a thimble,1,0, A
1,7.6923076923076925,['Get a thimble'],"['Tie thread at end', 'GET SOME NEEDLE AND THREAD']",GET SOME NEEDLE AND THREAD,1,0, A
2,11.538461538461538,"['Get a thimble', 'GET SOME NEEDLE AND THREAD']","['Pick a needle', 'Put needle in other button hole.']",Pick a needle,0,0, A
3,30.76923076923077,"['Get a thimble', 'GET SOME NEEDLE AND THREAD', 'Pick a needle']","['putting the button on the fabric', 'Cut away any extra string']",putting the button on the fabric,0,0, A
4,61.53846153846154,"['Get a thimble', 'GET SOME NEEDLE AND THREAD', 'Pick a needle', 'putting the button on the fabric']","['Take the cloth to be sewed', 'Insert needle through one side of button']",Insert needle through one side of button,1,0, A
5,65.38461538461539,"['Get a thimble', 'GET SOME NEEDLE AND THREAD', 'Pick a needle', 'putting the button on the fabric', 'Insert needle through one side of button']","['Then push needle through material', 'place button on cloth where it needs to go']",Then push needle through material,0,0, A
6,76.92307692307693,"['Get a thimble', 'GET SOME NEEDLE AND THREAD', 'Pick a needle', 'putting the button on the fabric', 'Insert needle through one side of button', 'Then push needle through material']","['Line the button back into place', 'Repeat 4 or 5 times']",Repeat 4 or 5 times,1,0, A
0,0.0,[],"['knot thread', 'Get button, thread, needle and scissors']","Get button, thread, needle and scissors",1,0, A
1,26.923076923076923,"['Get button, thread, needle and scissors']","['find shirt with missing button', 'Cut off excess thread']",find shirt with missing button,0,0, A
2,46.15384615384615,"['Get button, thread, needle and scissors', 'find shirt with missing button']","['Use the needle to sew the broken button', 'Get needle']",Use the needle to sew the broken button,0,0, A
3,84.61538461538461,"['Get button, thread, needle and scissors', 'find shirt with missing button', 'Use the needle to sew the broken button']","['Cut off excess thread', 'Tie a knot in the thread']",Cut off excess thread,0,0, A
0,0.0,[],"['Drive to fabric store', 'Hold shirt with non-dominant hand']",Drive to fabric store,0,0, A
1,19.230769230769237,['Drive to fabric store'],"['cut the thread', 'Purchase thread']",Purchase thread,1,0, A
2,34.61538461538461,"['Drive to fabric store', 'Purchase thread']","['Put thread in it', ""Make 4 x's in button.""]",Put thread in it,0,0, A
3,46.15384615384615,"['Drive to fabric store', 'Purchase thread', 'Put thread in it']","['Take a button', 'ATTACH BUTTON USING NEEDLE AND THREAD']",ATTACH BUTTON USING NEEDLE AND THREAD,1,0, A
4,76.92307692307693,"['Drive to fabric store', 'Purchase thread', 'Put thread in it', 'ATTACH BUTTON USING NEEDLE AND THREAD']","['Place button where it is to be sewed', 'Repeat step 8 until button is sewn on']",Repeat step 8 until button is sewn on,1,0, A
5,84.61538461538461,"['Drive to fabric store', 'Purchase thread', 'Put thread in it', 'ATTACH BUTTON USING NEEDLE AND THREAD', 'Repeat step 8 until button is sewn on']","['Pull out a length of thread.', 'Cut off any excess thread.']",Cut off any excess thread.,1,0, A
6,88.46153846153845,"['Drive to fabric store', 'Purchase thread', 'Put thread in it', 'ATTACH BUTTON USING NEEDLE AND THREAD', 'Repeat step 8 until button is sewn on', 'Cut off any excess thread.']","['PUT NEEDLE AND THREAD AWAY', 'Place button on desired spot on shirt.']",PUT NEEDLE AND THREAD AWAY,0,0, A
0,0.0,[],"['Position needle with thread', 'Grab the fabric and button']",Grab the fabric and button,1,0, A
1,15.384615384615383,['Grab the fabric and button'],"['knot thread', 'Find matching thread']",Find matching thread,1,0, A
2,34.61538461538461,"['Grab the fabric and button', 'Find matching thread']","['Make a knot', 'put thread through needle']",put thread through needle,1,0, A
3,50.0,"['Grab the fabric and button', 'Find matching thread', 'put thread through needle']","['Select needle', 'Push the needle through the fabric']",Push the needle through the fabric,1,0, A
4,65.38461538461539,"['Grab the fabric and button', 'Find matching thread', 'put thread through needle', 'Push the needle through the fabric']","['Get sewing kit', 'Push needle through other hole of button and through clothes']",Push needle through other hole of button and through clothes,1,0, A
5,69.23076923076923,"['Grab the fabric and button', 'Find matching thread', 'put thread through needle', 'Push the needle through the fabric', 'Push needle through other hole of button and through clothes']","['put needle into adjoining hole', 'Use needle to go through button holes']",put needle into adjoining hole,0,0, A
6,73.07692307692307,"['Grab the fabric and button', 'Find matching thread', 'put thread through needle', 'Push the needle through the fabric', 'Push needle through other hole of button and through clothes', 'put needle into adjoining hole']","['Sew on the button.', 'Pull through other side.']",Pull through other side.,1,0, A
7,80.76923076923077,"['Grab the fabric and button', 'Find matching thread', 'put thread through needle', 'Push the needle through the fabric', 'Push needle through other hole of button and through clothes', 'put needle into adjoining hole', 'Pull through other side.']","['Thread the needle, double it up and tie a knot at the end', 'Tie a knot.']",Tie a knot.,1,0, A
8,88.46153846153845,"['Grab the fabric and button', 'Find matching thread', 'put thread through needle', 'Push the needle through the fabric', 'Push needle through other hole of button and through clothes', 'put needle into adjoining hole', 'Pull through other side.', 'Tie a knot.']","['Place the button in the right spot', 'Clean up.']",Clean up.,1,0, A
0,0.0,[],"['Repeat until sewed on.', 'Take out sewing kit.']",Take out sewing kit.,1,0, A
1,19.230769230769237,['Take out sewing kit.'],"['Get some thread', 'Run needle and thread through button hole and fabric hole']",Get some thread,0,0, A
2,23.07692307692308,"['Take out sewing kit.', 'Get some thread']","['gather button', 'Sew button into place']",gather button,0,0, A
3,61.53846153846154,"['Take out sewing kit.', 'Get some thread', 'gather button']","['Put the needle and thread away', 'Starting from the bottom, poke needle through hole in button']","Starting from the bottom, poke needle through hole in button",1,0, A
4,65.38461538461539,"['Take out sewing kit.', 'Get some thread', 'gather button', 'Starting from the bottom, poke needle through hole in button']","['Get out needle, thread, button, and clothing item.', 'Pull needle out other side.']",Pull needle out other side.,1,0, A
5,69.23076923076923,"['Take out sewing kit.', 'Get some thread', 'gather button', 'Starting from the bottom, poke needle through hole in button', 'Pull needle out other side.']","['Sew button through third hole', 'Thread sewing needle with chosen thread.']",Sew button through third hole,0,0, A
0,0.0,[],"['Take out sewing kit.', 'Pass the needle through one of the button holes']",Take out sewing kit.,0,0, A
1,34.61538461538461,['Take out sewing kit.'],"['thread needle with thread', 'Cut thread']",thread needle with thread,0,0, A
2,88.46153846153845,"['Take out sewing kit.', 'thread needle with thread']","['Find some thread', 'Put away needle and thread']",Put away needle and thread,1,0, A
3,92.3076923076923,"['Take out sewing kit.', 'thread needle with thread', 'Put away needle and thread']","['Check new button', 'Sew the button on the cloth using the needle']",Check new button,0,0, A
0,0.0,[],"['Get out sewing kit', 'cut thread']",Get out sewing kit,0,0, A
1,11.538461538461538,['Get out sewing kit'],"['Tie knot on needle.', 'Get needle']",Get needle,1,0, A
2,19.230769230769237,"['Get out sewing kit', 'Get needle']","['Get thread', 'repeat 5-8 several times until button is secure']",Get thread,0,0, A
3,26.923076923076923,"['Get out sewing kit', 'Get needle', 'Get thread']","['Get the garment', 'Loop thread to create knot in thread.']",Get the garment,0,0, A
4,50.0,"['Get out sewing kit', 'Get needle', 'Get thread', 'Get the garment']","['Get a needle.', 'Poke hole with needle through button hole and fabric']",Poke hole with needle through button hole and fabric,1,0, A
5,65.38461538461539,"['Get out sewing kit', 'Get needle', 'Get thread', 'Get the garment', 'Poke hole with needle through button hole and fabric']","['thread the needle', 'Then push needle through material']",Then push needle through material,1,0, A
6,69.23076923076923,"['Get out sewing kit', 'Get needle', 'Get thread', 'Get the garment', 'Poke hole with needle through button hole and fabric', 'Then push needle through material']","['Move needle down to hole opposite first hole', 'Thread the needle']",Move needle down to hole opposite first hole,0,0, A
0,0.0,[],"['Get supplies - shirt, new button, thread, needle', 'Tie a knot at the end of thread']","Get supplies - shirt, new button, thread, needle",0,0, A
1,7.6923076923076925,"['Get supplies - shirt, new button, thread, needle']","['Get needle and thread', 'Tie off knot with thread.']",Get needle and thread,0,0, A
2,30.76923076923077,"['Get supplies - shirt, new button, thread, needle', 'Get needle and thread']","['Loop thread to create knot in thread.', 'Take button and put it on shirt where you want it']",Take button and put it on shirt where you want it,1,0, A
3,50.0,"['Get supplies - shirt, new button, thread, needle', 'Get needle and thread', 'Take button and put it on shirt where you want it']","['insert needle through cloth', 'Get your sewing kit']",insert needle through cloth,0,0, A
4,65.38461538461539,"['Get supplies - shirt, new button, thread, needle', 'Get needle and thread', 'Take button and put it on shirt where you want it', 'insert needle through cloth']","['Pull needle and thread', 'carefully cut off old button if exists']",Pull needle and thread,0,0, A
5,76.92307692307693,"['Get supplies - shirt, new button, thread, needle', 'Get needle and thread', 'Take button and put it on shirt where you want it', 'insert needle through cloth', 'Pull needle and thread']","['stitching the button on', 'get thread, needle, button to be sewn']",stitching the button on,0,0, A
0,0.0,[],"['Find sewing kit.', 'get item to be sewn']",Find sewing kit.,0,0, A
1,11.538461538461538,['Find sewing kit.'],"['Take a needle', 'Sew the button through the button holes onto the shirt']",Take a needle,0,0, A
2,23.07692307692308,"['Find sewing kit.', 'Take a needle']","['get button', 'Cut the excess thread']",get button,0,0, A
3,26.923076923076923,"['Find sewing kit.', 'Take a needle', 'get button']","['Put all the items away', 'grab object the button is being sewed']",grab object the button is being sewed,1,0, A
4,34.61538461538461,"['Find sewing kit.', 'Take a needle', 'get button', 'grab object the button is being sewed']","['Thread the needle', 'Loop thread to create knot in thread.']",Thread the needle,0,0, A
5,88.46153846153845,"['Find sewing kit.', 'Take a needle', 'get button', 'grab object the button is being sewed', 'Thread the needle']","['Cross over to perpendicular hole, push needle back through', 'Put away needle and thread']",Put away needle and thread,1,0, A
6,92.3076923076923,"['Find sewing kit.', 'Take a needle', 'get button', 'grab object the button is being sewed', 'Thread the needle', 'Put away needle and thread']","['Insert the thread through the button', 'Check new button']",Check new button,1,0, A
0,0.0,[],"['Cut excess thread', 'get sewing kit']",get sewing kit,1,0, A
1,34.61538461538461,['get sewing kit'],"['Cut.', 'Thread the needle']",Thread the needle,1,0, A
2,53.84615384615385,"['get sewing kit', 'Thread the needle']","['Pull through other end', 'Get a needle']",Pull through other end,0,0, A
3,80.76923076923077,"['get sewing kit', 'Thread the needle', 'Pull through other end']","['Make knot between thread and clothing.', 'Take a needle']",Make knot between thread and clothing.,0,0, A
4,84.61538461538461,"['get sewing kit', 'Thread the needle', 'Pull through other end', 'Make knot between thread and clothing.']","['Find thread', 'Cut.']",Cut.,1,0, A
5,88.46153846153845,"['get sewing kit', 'Thread the needle', 'Pull through other end', 'Make knot between thread and clothing.', 'Cut.']","['Put needle into one button hole through shirt.', 'Clean up.']",Clean up.,1,0, A
0,0.0,[],"['get thread, needle, button to be sewn', 'Repeat for all holes to reinforce']","get thread, needle, button to be sewn",0,0, A
1,26.923076923076923,"['get thread, needle, button to be sewn']","['Secure the button with a knot', 'Get a shirt.']",Get a shirt.,1,0, A
2,46.15384615384615,"['get thread, needle, button to be sewn', 'Get a shirt.']","['Put thread through button', 'Get some thread.']",Put thread through button,0,0, A
3,50.0,"['get thread, needle, button to be sewn', 'Get a shirt.', 'Put thread through button']","['Push needle through the button holes', 'Take a needle']",Push needle through the button holes,0,0, A
4,80.76923076923077,"['get thread, needle, button to be sewn', 'Get a shirt.', 'Put thread through button', 'Push needle through the button holes']","['Find a needle', 'tie knot on thread']",tie knot on thread,1,0, A
0,0.0,[],"['put needle and thread away', 'Grab the fabric and button']",Grab the fabric and button,1,0, A
1,26.923076923076923,['Grab the fabric and button'],"['grab object the button is being sewed', 'Push needle through button hole']",grab object the button is being sewed,0,0, A
2,34.61538461538461,"['Grab the fabric and button', 'grab object the button is being sewed']","['Put the needle thorough the back of the button hole.', 'thread needle']",thread needle,1,0, A
3,38.46153846153847,"['Grab the fabric and button', 'grab object the button is being sewed', 'thread needle']","['Tie knot with thread', 'Repeat for remaining holes']",Tie knot with thread,0,0, A
4,50.0,"['Grab the fabric and button', 'grab object the button is being sewed', 'thread needle', 'Tie knot with thread']","['Find thread', 'Starting on inside of garment, push through with needle.']","Starting on inside of garment, push through with needle.",1,0, A
5,53.84615384615385,"['Grab the fabric and button', 'grab object the button is being sewed', 'thread needle', 'Tie knot with thread', 'Starting on inside of garment, push through with needle.']","['Return the needle through the fabric and through a different button hole', 'Thread needle']",Return the needle through the fabric and through a different button hole,0,0, A
6,61.53846153846154,"['Grab the fabric and button', 'grab object the button is being sewed', 'thread needle', 'Tie knot with thread', 'Starting on inside of garment, push through with needle.', 'Return the needle through the fabric and through a different button hole']","['Insert needle through one side of button', 'Find a piece of clothing.']",Insert needle through one side of button,0,0, A
7,76.92307692307693,"['Grab the fabric and button', 'grab object the button is being sewed', 'thread needle', 'Tie knot with thread', 'Starting on inside of garment, push through with needle.', 'Return the needle through the fabric and through a different button hole', 'Insert needle through one side of button']","['put button where other button was located', 'Repeat several times, going through a different hole each time.']","Repeat several times, going through a different hole each time.",1,0, A
0,0.0,[],"['put needle with thread into clothes', 'Get out sewing kit.']",Get out sewing kit.,1,0, A
1,23.07692307692308,['Get out sewing kit.'],"['find button', 'sew onto fabric securely']",find button,0,0, A
2,34.61538461538461,"['Get out sewing kit.', 'find button']","['Thread the needle', 'tie thread at the end']",Thread the needle,0,0, A
3,53.84615384615385,"['Get out sewing kit.', 'find button', 'Thread the needle']","['Take thread from sewing kit', 'Return the needle through the fabric and through a different button hole']",Return the needle through the fabric and through a different button hole,1,0, A
4,76.92307692307693,"['Get out sewing kit.', 'find button', 'Thread the needle', 'Return the needle through the fabric and through a different button hole']","['Find button replacement', 'Continue to loop the needle and thread through the button holes.']",Continue to loop the needle and thread through the button holes.,1,0, A
5,80.76923076923077,"['Get out sewing kit.', 'find button', 'Thread the needle', 'Return the needle through the fabric and through a different button hole', 'Continue to loop the needle and thread through the button holes.']","['knot thread', 'Align button']",knot thread,0,0, A
0,0.0,[],"['thread needle with thread', 'Grab the fabric and button']",Grab the fabric and button,1,0, A
1,26.923076923076923,['Grab the fabric and button'],"['Clean up.', 'Prepare garment for sewing']",Prepare garment for sewing,1,0, A
2,50.0,"['Grab the fabric and button', 'Prepare garment for sewing']","['Find thread color to match button or item requiring the button', 'Push needle through button and fabric.']",Push needle through button and fabric.,1,0, A
3,76.92307692307693,"['Grab the fabric and button', 'Prepare garment for sewing', 'Push needle through button and fabric.']","['Thread needle', 'Keep repeating the sewing to reinforce the strength']",Keep repeating the sewing to reinforce the strength,1,0, A
4,80.76923076923077,"['Grab the fabric and button', 'Prepare garment for sewing', 'Push needle through button and fabric.', 'Keep repeating the sewing to reinforce the strength']","['Find button to be sewn', 'Make a knot']",Make a knot,1,0, A
5,88.46153846153845,"['Grab the fabric and button', 'Prepare garment for sewing', 'Push needle through button and fabric.', 'Keep repeating the sewing to reinforce the strength', 'Make a knot']","['Get some thread', 'Take out the needle']",Take out the needle,1,0, A
0,0.0,[],"['tie knot at end of thread', 'Get sewing kit']",Get sewing kit,1,0, A
1,19.230769230769237,['Get sewing kit'],"['Find thread', 'Hold button in place']",Find thread,0,0, A
2,23.07692307692308,"['Get sewing kit', 'Find thread']","['find button', 'Sew button onto garment']",find button,0,0, A
3,38.46153846153847,"['Get sewing kit', 'Find thread', 'find button']","['Get out sewing kit.', 'Tie a knot in the end of thread']",Tie a knot in the end of thread,1,0, A
4,46.15384615384615,"['Get sewing kit', 'Find thread', 'find button', 'Tie a knot in the end of thread']","['Sew button through third hole', 'Put needle and thread through holes']",Put needle and thread through holes,1,0, A
5,50.0,"['Get sewing kit', 'Find thread', 'find button', 'Tie a knot in the end of thread', 'Put needle and thread through holes']","['Push needle through the button holes', 'MAKE SURE BUTTON IS SECURE']",Push needle through the button holes,0,0, A
6,65.38461538461539,"['Get sewing kit', 'Find thread', 'find button', 'Tie a knot in the end of thread', 'Put needle and thread through holes', 'Push needle through the button holes']","['Tie knot on needle.', 'Slide button onto needle and thread.']",Slide button onto needle and thread.,1,0, A
7,69.23076923076923,"['Get sewing kit', 'Find thread', 'find button', 'Tie a knot in the end of thread', 'Put needle and thread through holes', 'Push needle through the button holes', 'Slide button onto needle and thread.']","['Find a button', 'Put needle in other button hole.']",Put needle in other button hole.,1,0, A
0,0.0,[],"['Ending again in the back of the garment cut off the thread.', 'Get out sewing kit']",Get out sewing kit,1,0, A
1,23.07692307692308,['Get out sewing kit'],"['Find a suitable button', 'Cut the thread.']",Find a suitable button,0,0, A
2,30.76923076923077,"['Get out sewing kit', 'Find a suitable button']","['Place button on desired spot on shirt.', 'Do this several times until the button is secure']",Place button on desired spot on shirt.,0,0, A
3,42.30769230769231,"['Get out sewing kit', 'Find a suitable button', 'Place button on desired spot on shirt.']","['Make a knot in fabric with thread behind the button', 'Cut length of thread']",Cut length of thread,1,0, A
4,46.15384615384615,"['Get out sewing kit', 'Find a suitable button', 'Place button on desired spot on shirt.', 'Cut length of thread']","['Sew button into place', 'Find a button that matches the others on your garment']",Sew button into place,0,0, A
5,84.61538461538461,"['Get out sewing kit', 'Find a suitable button', 'Place button on desired spot on shirt.', 'Cut length of thread', 'Sew button into place']","['Get thread and needle', 'Cut thread']",Cut thread,1,0, A
6,88.46153846153845,"['Get out sewing kit', 'Find a suitable button', 'Place button on desired spot on shirt.', 'Cut length of thread', 'Sew button into place', 'Cut thread']","['Clean up.', 'Find a button']",Clean up.,0,0, A
7,92.3076923076923,"['Get out sewing kit', 'Find a suitable button', 'Place button on desired spot on shirt.', 'Cut length of thread', 'Sew button into place', 'Cut thread', 'Clean up.']","['MAKE SURE BUTTON IS SECURE', 'Grab thread and needle']",MAKE SURE BUTTON IS SECURE,0,0, A
0,0.0,[],"['Cut the needle off of the thread.', 'Get out sewing kit.']",Get out sewing kit.,1,0, A
1,11.538461538461538,['Get out sewing kit.'],"['PUT NEEDLE AND THREAD AWAY', 'Take out needle.']",Take out needle.,1,0, A
2,30.76923076923077,"['Get out sewing kit.', 'Take out needle.']","['Place button where you want it to go', 'Repeat 4 or 5 times']",Place button where you want it to go,0,0, A
3,53.84615384615385,"['Get out sewing kit.', 'Take out needle.', 'Place button where you want it to go']","['Take button.', 'Pull it back out the other hole']",Pull it back out the other hole,1,0, A
4,61.53846153846154,"['Get out sewing kit.', 'Take out needle.', 'Place button where you want it to go', 'Pull it back out the other hole']","['Get sewing kit', 'Push needle through first hole']",Push needle through first hole,1,0, A
5,65.38461538461539,"['Get out sewing kit.', 'Take out needle.', 'Place button where you want it to go', 'Pull it back out the other hole', 'Push needle through first hole']","['Then push needle through material', 'put thread in needle']",Then push needle through material,0,0, A
6,69.23076923076923,"['Get out sewing kit.', 'Take out needle.', 'Place button where you want it to go', 'Pull it back out the other hole', 'Push needle through first hole', 'Then push needle through material']","['Thread needle', 'Put needle in other button hole.']",Put needle in other button hole.,1,0, A
7,73.07692307692307,"['Get out sewing kit.', 'Take out needle.', 'Place button where you want it to go', 'Pull it back out the other hole', 'Push needle through first hole', 'Then push needle through material', 'Put needle in other button hole.']","['Repeat for remaining holes', 'Thread the needle.']",Repeat for remaining holes,0,0, A
8,76.92307692307693,"['Get out sewing kit.', 'Take out needle.', 'Place button where you want it to go', 'Pull it back out the other hole', 'Push needle through first hole', 'Then push needle through material', 'Put needle in other button hole.', 'Repeat for remaining holes']","[""Make 4 x's in button."", 'Grab a needle and thread']",Make 4 x's in button.,0,0, A
9,80.76923076923077,"['Get out sewing kit.', 'Take out needle.', 'Place button where you want it to go', 'Pull it back out the other hole', 'Push needle through first hole', 'Then push needle through material', 'Put needle in other button hole.', 'Repeat for remaining holes', ""Make 4 x's in button.""]","['putting the button on the fabric', 'When button is securely in place tie knot in thread at back of garment']",When button is securely in place tie knot in thread at back of garment,1,0, A
10,84.61538461538461,"['Get out sewing kit.', 'Take out needle.', 'Place button where you want it to go', 'Pull it back out the other hole', 'Push needle through first hole', 'Then push needle through material', 'Put needle in other button hole.', 'Repeat for remaining holes', ""Make 4 x's in button."", 'When button is securely in place tie knot in thread at back of garment']","['Get a needle and thread.', 'Cut thread from spindle']",Cut thread from spindle,1,0, A
11,88.46153846153845,"['Get out sewing kit.', 'Take out needle.', 'Place button where you want it to go', 'Pull it back out the other hole', 'Push needle through first hole', 'Then push needle through material', 'Put needle in other button hole.', 'Repeat for remaining holes', ""Make 4 x's in button."", 'When button is securely in place tie knot in thread at back of garment', 'Cut thread from spindle']","['Put everything away.', 'Tie a knot at the end of thread']",Put everything away.,0,0, A
12,92.3076923076923,"['Get out sewing kit.', 'Take out needle.', 'Place button where you want it to go', 'Pull it back out the other hole', 'Push needle through first hole', 'Then push needle through material', 'Put needle in other button hole.', 'Repeat for remaining holes', ""Make 4 x's in button."", 'When button is securely in place tie knot in thread at back of garment', 'Cut thread from spindle', 'Put everything away.']","['Check if the button is tight', 'tie knot at end of thread']",Check if the button is tight,0,0, A
0,0.0,[],"['Get supplies - shirt, new button, thread, needle', 'thread needle']","Get supplies - shirt, new button, thread, needle",0,0, A
1,26.923076923076923,"['Get supplies - shirt, new button, thread, needle']","['Cross over to perpendicular hole, push needle back through', 'Get shirt']",Get shirt,1,0, A
2,50.0,"['Get supplies - shirt, new button, thread, needle', 'Get shirt']","['insert needle through cloth', 'Get the thread']",insert needle through cloth,0,0, A
3,61.53846153846154,"['Get supplies - shirt, new button, thread, needle', 'Get shirt', 'insert needle through cloth']","['Find a needle and thread', 'Pass the needle through one of the button holes']",Pass the needle through one of the button holes,1,0, A
4,76.92307692307693,"['Get supplies - shirt, new button, thread, needle', 'Get shirt', 'insert needle through cloth', 'Pass the needle through one of the button holes']","['Continue crisscrossing thread between holes of button until button is tight.', 'Position button on shirt']",Continue crisscrossing thread between holes of button until button is tight.,0,0, A
5,84.61538461538461,"['Get supplies - shirt, new button, thread, needle', 'Get shirt', 'insert needle through cloth', 'Pass the needle through one of the button holes', 'Continue crisscrossing thread between holes of button until button is tight.']","['Put thread end through eye of needle', 'cut thread from button']",cut thread from button,1,0, A
0,0.0,[],"['Drive to fabric store', 'Poke hole with needle through button hole and fabric']",Drive to fabric store,0,0, A
1,19.230769230769237,['Drive to fabric store'],"['Get thread', 'Tie ends.']",Get thread,0,0, A
2,23.07692307692308,"['Drive to fabric store', 'Get thread']","['Tie off the thread on the underside of the garment', 'Find a button to sew.']",Find a button to sew.,1,0, A
3,61.53846153846154,"['Drive to fabric store', 'Get thread', 'Find a button to sew.']","['Take out right colored thread.', 'take needle bring up through the back of the item']",take needle bring up through the back of the item,1,0, A
4,80.76923076923077,"['Drive to fabric store', 'Get thread', 'Find a button to sew.', 'take needle bring up through the back of the item']","['Wrap the thread', 'Get needle and thread']",Wrap the thread,0,0, A
5,88.46153846153845,"['Drive to fabric store', 'Get thread', 'Find a button to sew.', 'take needle bring up through the back of the item', 'Wrap the thread']","['Put all the items away', 'Push needle through back of clothes and through hole of button']",Put all the items away,0,0, A
6,92.3076923076923,"['Drive to fabric store', 'Get thread', 'Find a button to sew.', 'take needle bring up through the back of the item', 'Wrap the thread', 'Put all the items away']","['Put thread through button', 'Check the button']",Check the button,1,0, A
0,0.0,[],"['When done knot end.', 'Drive to fabric store']",Drive to fabric store,1,0, A
1,19.230769230769237,['Drive to fabric store'],"['sew onto fabric securely', 'Get the thread']",Get the thread,1,0, A
2,34.61538461538461,"['Drive to fabric store', 'Get the thread']","['Keep repeating the sewing to reinforce the strength', 'Put thread through needle hole']",Put thread through needle hole,1,0, A
3,88.46153846153845,"['Drive to fabric store', 'Get the thread', 'Put thread through needle hole']","['Get needle', 'Put the needle and thread away']",Put the needle and thread away,1,0, A
0,0.0,[],"['Find the location where button needs to be sewn.', 'Get sewing kit']",Get sewing kit,1,0, A
1,19.230769230769237,['Get sewing kit'],"['Find a thread', 'Sew button onto fabric through the first hole']",Find a thread,0,0, A
2,26.923076923076923,"['Get sewing kit', 'Find a thread']","['Take shirt', 'Make a knot on last pass']",Take shirt,0,0, A
3,34.61538461538461,"['Get sewing kit', 'Find a thread', 'Take shirt']","['Tie the thread', 'Thread needle']",Thread needle,1,0, A
4,50.0,"['Get sewing kit', 'Find a thread', 'Take shirt', 'Thread needle']","['Put all the items away', 'Put needle and thread through shirt']",Put needle and thread through shirt,1,0, A
5,61.53846153846154,"['Get sewing kit', 'Find a thread', 'Take shirt', 'Thread needle', 'Put needle and thread through shirt']","['Start sewing going into the back of the garment.', 'Find thread that matches']",Start sewing going into the back of the garment.,0,0, A
6,76.92307692307693,"['Get sewing kit', 'Find a thread', 'Take shirt', 'Thread needle', 'Put needle and thread through shirt', 'Start sewing going into the back of the garment.']","['Align the button on the correct place on the cloth', 'Do this through all holes of button']",Do this through all holes of button,1,0, A
0,0.0,[],"['Make a knot in fabric with thread behind the button', 'Grab the fabric and button']",Grab the fabric and button,1,0, A
1,30.76923076923077,['Grab the fabric and button'],"['Place the button on the cloth', 'Drive to fabric store']",Place the button on the cloth,0,0, A
2,61.53846153846154,"['Grab the fabric and button', 'Place the button on the cloth']","['Place item on flat surface', 'Starting from the bottom, poke needle through hole in button']","Starting from the bottom, poke needle through hole in button",1,0, A
3,80.76923076923077,"['Grab the fabric and button', 'Place the button on the cloth', 'Starting from the bottom, poke needle through hole in button']","['Break the thread and tie a final knot', 'Choose thread color']",Break the thread and tie a final knot,0,0, A
4,88.46153846153845,"['Grab the fabric and button', 'Place the button on the cloth', 'Starting from the bottom, poke needle through hole in button', 'Break the thread and tie a final knot']","['Take out the needle', 'Find a needle and thread']",Take out the needle,0,0, A
5,92.3076923076923,"['Grab the fabric and button', 'Place the button on the cloth', 'Starting from the bottom, poke needle through hole in button', 'Break the thread and tie a final knot', 'Take out the needle']","['FIND THE REPLACEMENT BUTTON', 'Check the button']",Check the button,1,0, A
0,0.0,[],"['Drive to fabric store', 'Stick the needle through']",Drive to fabric store,0,0, A
1,19.230769230769237,['Drive to fabric store'],"['Get thread', 'knot thread']",Get thread,0,0, A
2,23.07692307692308,"['Drive to fabric store', 'Get thread']","['Find a button', 'Insert the needle back into the garment from the top of the button']",Find a button,0,0, A
3,26.923076923076923,"['Drive to fabric store', 'Get thread', 'Find a button']","['get item to be sewn', 'When done knot end.']",get item to be sewn,0,0, A
4,34.61538461538461,"['Drive to fabric store', 'Get thread', 'Find a button', 'get item to be sewn']","['Push needle through other hole of button and through clothes', 'Thread needle.']",Thread needle.,1,0, A
5,42.30769230769231,"['Drive to fabric store', 'Get thread', 'Find a button', 'get item to be sewn', 'Thread needle.']","['Repeat until button is tight', 'Cut thread string to how much is needed']",Cut thread string to how much is needed,1,0, A
6,61.53846153846154,"['Drive to fabric store', 'Get thread', 'Find a button', 'get item to be sewn', 'Thread needle.', 'Cut thread string to how much is needed']","['Start sewing going into the back of the garment.', 'Grab the fabric and button']",Start sewing going into the back of the garment.,0,0, A
7,65.38461538461539,"['Drive to fabric store', 'Get thread', 'Find a button', 'get item to be sewn', 'Thread needle.', 'Cut thread string to how much is needed', 'Start sewing going into the back of the garment.']","['pull needle through to knot', 'Thread the needle, double it up and tie a knot at the end']",pull needle through to knot,0,0, A
8,76.92307692307693,"['Drive to fabric store', 'Get thread', 'Find a button', 'get item to be sewn', 'Thread needle.', 'Cut thread string to how much is needed', 'Start sewing going into the back of the garment.', 'pull needle through to knot']","['Grab thread and needle', 'Repeat through each button hole']",Repeat through each button hole,1,0, A
9,80.76923076923077,"['Drive to fabric store', 'Get thread', 'Find a button', 'get item to be sewn', 'Thread needle.', 'Cut thread string to how much is needed', 'Start sewing going into the back of the garment.', 'pull needle through to knot', 'Repeat through each button hole']","['Take out needle.', 'Tie the end of the string so it will not unravel']",Tie the end of the string so it will not unravel,1,0, A
10,84.61538461538461,"['Drive to fabric store', 'Get thread', 'Find a button', 'get item to be sewn', 'Thread needle.', 'Cut thread string to how much is needed', 'Start sewing going into the back of the garment.', 'pull needle through to knot', 'Repeat through each button hole', 'Tie the end of the string so it will not unravel']","['Find sewing kit.', 'Cut thread']",Cut thread,1,0, A
0,0.0,[],"['tug to make sure it is secure', 'Get sewing basket']",Get sewing basket,1,0, A
1,34.61538461538461,['Get sewing basket'],"['cut thread', 'Push thread through needle and tie in a knot']",Push thread through needle and tie in a knot,1,0, A
2,38.46153846153847,"['Get sewing basket', 'Push thread through needle and tie in a knot']","['Tie knot in end of thread', 'Tie the thread in a knot to secure it']",Tie knot in end of thread,0,0, A
3,46.15384615384615,"['Get sewing basket', 'Push thread through needle and tie in a knot', 'Tie knot in end of thread']","['Pass thread through button holes.', 'Get needle and thread']",Pass thread through button holes.,0,0, A
0,0.0,[],"['Put the needle and thread away', 'Get button, thread, needle and scissors']","Get button, thread, needle and scissors",1,0, A
1,15.384615384615383,"['Get button, thread, needle and scissors']","['Tie a knot in the end of thread', 'Find right color string']",Find right color string,1,0, A
2,23.07692307692308,"['Get button, thread, needle and scissors', 'Find right color string']","['Tie knot to secure thread and button to clothes', 'Get a button to match']",Get a button to match,1,0, A
3,30.76923076923077,"['Get button, thread, needle and scissors', 'Find right color string', 'Get a button to match']","['Tie the thread at the bottom of the button', 'Place button where you want it.']",Place button where you want it.,1,0, A
4,50.0,"['Get button, thread, needle and scissors', 'Find right color string', 'Get a button to match', 'Place button where you want it.']","['push the needle through the fabric', 'Pick thread to use']",push the needle through the fabric,0,0, A
5,76.92307692307693,"['Get button, thread, needle and scissors', 'Find right color string', 'Get a button to match', 'Place button where you want it.', 'push the needle through the fabric']","['Get out sewing kit.', 'Repeat several times until button is secure']",Repeat several times until button is secure,1,0, A
6,84.61538461538461,"['Get button, thread, needle and scissors', 'Find right color string', 'Get a button to match', 'Place button where you want it.', 'push the needle through the fabric', 'Repeat several times until button is secure']","['Cut excess thread', 'Find a button']",Cut excess thread,0,0, A
7,88.46153846153845,"['Get button, thread, needle and scissors', 'Find right color string', 'Get a button to match', 'Place button where you want it.', 'push the needle through the fabric', 'Repeat several times until button is secure', 'Cut excess thread']","['Gather supplies', 'PUT NEEDLE AND THREAD AWAY']",PUT NEEDLE AND THREAD AWAY,1,0, A
8,92.3076923076923,"['Get button, thread, needle and scissors', 'Find right color string', 'Get a button to match', 'Place button where you want it.', 'push the needle through the fabric', 'Repeat several times until button is secure', 'Cut excess thread', 'PUT NEEDLE AND THREAD AWAY']","['threading the needle', 'Check the button']",Check the button,1,0, A
0,0.0,[],"['Get sewing kit', 'Find the location where button needs to be sewn.']",Get sewing kit,0,0, A
1,7.6923076923076925,['Get sewing kit'],"['Get a needle and thread.', 'Cut the thread near the needle to finish']",Get a needle and thread.,0,0, A
2,19.230769230769237,"['Get sewing kit', 'Get a needle and thread.']","['Sew the button through the button holes onto the shirt', 'Find some thread']",Find some thread,1,0, A
3,23.07692307692308,"['Get sewing kit', 'Get a needle and thread.', 'Find some thread']","['Sow the thread through the button holes quite a few times', 'Choose button that I like']",Choose button that I like,1,0, A
4,61.53846153846154,"['Get sewing kit', 'Get a needle and thread.', 'Find some thread', 'Choose button that I like']","['Pick a needle', 'Start sewing going into the back of the garment.']",Start sewing going into the back of the garment.,1,0, A
5,76.92307692307693,"['Get sewing kit', 'Get a needle and thread.', 'Find some thread', 'Choose button that I like', 'Start sewing going into the back of the garment.']","['Take out sewing kit.', 'Repeat until button is tight']",Repeat until button is tight,1,0, A
0,0.0,[],"['Get out needle, thread, button, and clothing item.', 'Tie off the thread']","Get out needle, thread, button, and clothing item.",0,0, A
1,7.6923076923076925,"['Get out needle, thread, button, and clothing item.']","['Grab a needle and thread', 'Insert needle through button and into fabric where the button belongs.']",Grab a needle and thread,0,0, A
2,26.923076923076923,"['Get out needle, thread, button, and clothing item.', 'Grab a needle and thread']","['Get item that needs button sewing on', 'Continue sewing in an X pattern until the button is secure.']",Get item that needs button sewing on,0,0, A
3,30.76923076923077,"['Get out needle, thread, button, and clothing item.', 'Grab a needle and thread', 'Get item that needs button sewing on']","['Place button onto item of clothing', 'Keep repeating the sewing to reinforce the strength']",Place button onto item of clothing,0,0, A
4,46.15384615384615,"['Get out needle, thread, button, and clothing item.', 'Grab a needle and thread', 'Get item that needs button sewing on', 'Place button onto item of clothing']","['Find thread that matches', 'Use the needle to go through the button holes and the fabric']",Use the needle to go through the button holes and the fabric,1,0, A
5,61.53846153846154,"['Get out needle, thread, button, and clothing item.', 'Grab a needle and thread', 'Get item that needs button sewing on', 'Place button onto item of clothing', 'Use the needle to go through the button holes and the fabric']","['put the supplies away', 'Pull thread through']",Pull thread through,1,0, A
6,65.38461538461539,"['Get out needle, thread, button, and clothing item.', 'Grab a needle and thread', 'Get item that needs button sewing on', 'Place button onto item of clothing', 'Use the needle to go through the button holes and the fabric', 'Pull thread through']","['Tie a knot at the end of thread', 'Pull needle out other side.']",Pull needle out other side.,1,0, A
7,69.23076923076923,"['Get out needle, thread, button, and clothing item.', 'Grab a needle and thread', 'Get item that needs button sewing on', 'Place button onto item of clothing', 'Use the needle to go through the button holes and the fabric', 'Pull thread through', 'Pull needle out other side.']","['Position button on shirt', 'Push needle under material to next hole']",Push needle under material to next hole,1,0, A
0,0.0,[],"['get thread, needle, button to be sewn', 'Pull the needle through a hole in the button, then back into the fabric']","get thread, needle, button to be sewn",0,0, A
1,26.923076923076923,"['get thread, needle, button to be sewn']","['Tie off knot with thread.', 'Get a piece of clothing.']",Get a piece of clothing.,1,0, A
2,30.76923076923077,"['get thread, needle, button to be sewn', 'Get a piece of clothing.']","['Cut.', 'Place button on fabric']",Place button on fabric,1,0, A
3,42.30769230769231,"['get thread, needle, button to be sewn', 'Get a piece of clothing.', 'Place button on fabric']","['Cut excess thread', 'Tie off thread']",Cut excess thread,0,0, A
4,46.15384615384615,"['get thread, needle, button to be sewn', 'Get a piece of clothing.', 'Place button on fabric', 'Cut excess thread']","['Stitch the button on', 'Get out needle']",Stitch the button on,0,0, A
0,0.0,[],"['thread needle with thread', 'Drive to fabric store']",Drive to fabric store,1,0, A
1,19.230769230769237,['Drive to fabric store'],"['Sew button through third hole', 'Select thread']",Select thread,1,0, A
2,30.76923076923077,"['Drive to fabric store', 'Select thread']","['Cut thread', 'Find placement for new button.']",Find placement for new button.,1,0, A
3,50.0,"['Drive to fabric store', 'Select thread', 'Find placement for new button.']","['Cut off any loose threads with a scissors.', 'insert needle through cloth']",insert needle through cloth,1,0, A
4,53.84615384615385,"['Drive to fabric store', 'Select thread', 'Find placement for new button.', 'insert needle through cloth']","['Pull thread through opposite button hole', 'Put everything away.']",Pull thread through opposite button hole,0,0, A
5,57.692307692307686,"['Drive to fabric store', 'Select thread', 'Find placement for new button.', 'insert needle through cloth', 'Pull thread through opposite button hole']","['Insert needle through first side of button (step 3)', 'Get a needle']",Insert needle through first side of button (step 3),0,0, A
0,0.0,[],"['Crisscross on the button', 'Find sewing kit.']",Find sewing kit.,1,0, A
1,7.6923076923076925,['Find sewing kit.'],"['Sew on the button.', 'find needle and thread']",find needle and thread,1,0, A
2,34.61538461538461,"['Find sewing kit.', 'find needle and thread']","['Hook thread through needle', 'Cut excess thread']",Hook thread through needle,0,0, A
3,61.53846153846154,"['Find sewing kit.', 'find needle and thread', 'Hook thread through needle']","['gather garment for buttoning', 'Sew button onto fabric through the first hole']",Sew button onto fabric through the first hole,1,0, A
4,80.76923076923077,"['Find sewing kit.', 'find needle and thread', 'Hook thread through needle', 'Sew button onto fabric through the first hole']","['Loop thread to create knot in thread.', 'Get scissors, needle, button and thread']",Loop thread to create knot in thread.,0,0, A
5,88.46153846153845,"['Find sewing kit.', 'find needle and thread', 'Hook thread through needle', 'Sew button onto fabric through the first hole', 'Loop thread to create knot in thread.']","['put the supplies away', 'Push needle through other hole of button and through clothes']",put the supplies away,0,0, A
0,0.0,[],"['Knot the end to make it stay', 'Drive to fabric store']",Drive to fabric store,1,0, A
1,19.230769230769237,['Drive to fabric store'],"['Select thread', 'cut remaining thread away']",Select thread,0,0, A
2,26.923076923076923,"['Drive to fabric store', 'Select thread']","['find shirt with missing button', 'Cut thread']",find shirt with missing button,0,0, A
3,46.15384615384615,"['Drive to fabric store', 'Select thread', 'find shirt with missing button']","['Take out needle.', 'Use the needle to sew the broken button']",Use the needle to sew the broken button,1,0, A
4,80.76923076923077,"['Drive to fabric store', 'Select thread', 'find shirt with missing button', 'Use the needle to sew the broken button']","['Tie another knot at the end of the thread.', 'Find similar color thread to use.']",Tie another knot at the end of the thread.,0,0, A
5,88.46153846153845,"['Drive to fabric store', 'Select thread', 'find shirt with missing button', 'Use the needle to sew the broken button', 'Tie another knot at the end of the thread.']","['Find sewing kit', 'Put the needle and thread away']",Put the needle and thread away,1,0, A
6,92.3076923076923,"['Drive to fabric store', 'Select thread', 'find shirt with missing button', 'Use the needle to sew the broken button', 'Tie another knot at the end of the thread.', 'Put the needle and thread away']","['Push thread through needle and tie in a knot', 'Check if the button is tight']",Check if the button is tight,1,0, A
0,0.0,[],"['Drive to fabric store', 'Get the piece of apparel that needs to sew the button on.']",Drive to fabric store,0,0, A
1,19.230769230769237,['Drive to fabric store'],"['Tie end in a knot', 'Get thread.']",Get thread.,1,0, A
2,34.61538461538461,"['Drive to fabric store', 'Get thread.']","['put thread through needle', 'break the thread']",put thread through needle,0,0, A
3,50.0,"['Drive to fabric store', 'Get thread.', 'put thread through needle']","['Push needle through the button hole into the fabric', 'Pick a needle']",Push needle through the button hole into the fabric,0,0, A
4,61.53846153846154,"['Drive to fabric store', 'Get thread.', 'put thread through needle', 'Push needle through the button hole into the fabric']","['Find shirt', 'Start sewing going into the back of the garment.']",Start sewing going into the back of the garment.,1,0, A
5,76.92307692307693,"['Drive to fabric store', 'Get thread.', 'put thread through needle', 'Push needle through the button hole into the fabric', 'Start sewing going into the back of the garment.']","['Find right color string', 'stitching the button on']",stitching the button on,1,0, A
0,0.0,[],"['Cut the thread near the needle to finish', 'Find sewing kit.']",Find sewing kit.,1,0, A
1,7.6923076923076925,['Find sewing kit.'],"['gather needle and thread', 'Cut thread']",gather needle and thread,0,0, A
2,30.76923076923077,"['Find sewing kit.', 'gather needle and thread']","['Put the button up to the garment', 'Tie knot to secure thread and button to clothes']",Put the button up to the garment,0,0, A
3,46.15384615384615,"['Find sewing kit.', 'gather needle and thread', 'Put the button up to the garment']","['sew button into fabric making sure stitches are secure', 'Get button']",sew button into fabric making sure stitches are secure,0,0, A
4,80.76923076923077,"['Find sewing kit.', 'gather needle and thread', 'Put the button up to the garment', 'sew button into fabric making sure stitches are secure']","['Tie off thread', 'Find needle and thread']",Tie off thread,0,0, A
5,84.61538461538461,"['Find sewing kit.', 'gather needle and thread', 'Put the button up to the garment', 'sew button into fabric making sure stitches are secure', 'Tie off thread']","['Cut thread', 'Take button.']",Cut thread,0,0, A
6,88.46153846153845,"['Find sewing kit.', 'gather needle and thread', 'Put the button up to the garment', 'sew button into fabric making sure stitches are secure', 'Tie off thread', 'Cut thread']","['PUT NEEDLE AND THREAD AWAY', 'place button on cloth where it needs to go']",PUT NEEDLE AND THREAD AWAY,0,0, A
0,0.0,[],"['thread needle', 'Drive to fabric store']",Drive to fabric store,1,0, A
1,19.230769230769237,['Drive to fabric store'],"['Find thread that matches', 'Put needle and thread through shirt']",Find thread that matches,0,0, A
2,26.923076923076923,"['Drive to fabric store', 'Find thread that matches']","['Secure the button with a knot', 'Get item that needs button sewing on']",Get item that needs button sewing on,1,0, A
3,30.76923076923077,"['Drive to fabric store', 'Find thread that matches', 'Get item that needs button sewing on']","['Place button where you want it.', 'Tie off thread']",Place button where you want it.,0,0, A
4,42.30769230769231,"['Drive to fabric store', 'Find thread that matches', 'Get item that needs button sewing on', 'Place button where you want it.']","['Cut away any loose threads.', 'Tie a knot.']",Cut away any loose threads.,0,0, A
5,61.53846153846154,"['Drive to fabric store', 'Find thread that matches', 'Get item that needs button sewing on', 'Place button where you want it.', 'Cut away any loose threads.']","['Get needle', 'Push needle through hole']",Push needle through hole,1,0, A
6,76.92307692307693,"['Drive to fabric store', 'Find thread that matches', 'Get item that needs button sewing on', 'Place button where you want it.', 'Cut away any loose threads.', 'Push needle through hole']","[""Repeat until it's stable"", 'put thread in needle']",Repeat until it's stable,0,0, A
7,84.61538461538461,"['Drive to fabric store', 'Find thread that matches', 'Get item that needs button sewing on', 'Place button where you want it.', 'Cut away any loose threads.', 'Push needle through hole', ""Repeat until it's stable""]","['Cut loose ends.', 'find button']",Cut loose ends.,0,0, A
8,88.46153846153845,"['Drive to fabric store', 'Find thread that matches', 'Get item that needs button sewing on', 'Place button where you want it.', 'Cut away any loose threads.', 'Push needle through hole', ""Repeat until it's stable"", 'Cut loose ends.']","['take the button', 'Put needle away']",Put needle away,1,0, A
9,92.3076923076923,"['Drive to fabric store', 'Find thread that matches', 'Get item that needs button sewing on', 'Place button where you want it.', 'Cut away any loose threads.', 'Push needle through hole', ""Repeat until it's stable"", 'Cut loose ends.', 'Put needle away']","['Check if the button is tight', 'Pick up shirt missing button.']",Check if the button is tight,0,0, A
0,0.0,[],"['Drive to fabric store', 'Cut thread from spindle']",Drive to fabric store,0,0, A
1,19.230769230769237,['Drive to fabric store'],"['get thread', 'Insert needle through other side of button on back side']",get thread,0,0, A
2,30.76923076923077,"['Drive to fabric store', 'get thread']","['attach button to shirt', 'Loop thread to create knot in thread.']",attach button to shirt,0,0, A
3,34.61538461538461,"['Drive to fabric store', 'get thread', 'attach button to shirt']","['Stick the head through the needle eye', 'Tie the end of the string so it will not unravel']",Stick the head through the needle eye,0,0, A
4,46.15384615384615,"['Drive to fabric store', 'get thread', 'attach button to shirt', 'Stick the head through the needle eye']","['Stick needle through hole and secure with thread', ""Pull a thread of a matching color through the needle's eye""]",Stick needle through hole and secure with thread,0,0, A
5,61.53846153846154,"['Drive to fabric store', 'get thread', 'attach button to shirt', 'Stick the head through the needle eye', 'Stick needle through hole and secure with thread']","['Push needle through hole', 'Cut off excess thread']",Push needle through hole,0,0, A
6,76.92307692307693,"['Drive to fabric store', 'get thread', 'attach button to shirt', 'Stick the head through the needle eye', 'Stick needle through hole and secure with thread', 'Push needle through hole']","['Get a needle.', 'Repeat step 8 until button is sewn on']",Repeat step 8 until button is sewn on,1,0, A
0,0.0,[],"['Drive to fabric store', 'thread the needle']",Drive to fabric store,0,0, A
1,19.230769230769237,['Drive to fabric store'],"['Continue until the button is securely on the clothing', 'get thread']",get thread,1,0, A
2,30.76923076923077,"['Drive to fabric store', 'get thread']","['place botton where you want it', 'Tie knot on thread.']",place botton where you want it,0,0, A
3,42.30769230769231,"['Drive to fabric store', 'get thread', 'place botton where you want it']","['Pull through other side.', 'Cut away any loose threads.']",Cut away any loose threads.,1,0, A
4,61.53846153846154,"['Drive to fabric store', 'get thread', 'place botton where you want it', 'Cut away any loose threads.']","['Get the garment', 'Start sewing going into the back of the garment.']",Start sewing going into the back of the garment.,1,0, A
5,65.38461538461539,"['Drive to fabric store', 'get thread', 'place botton where you want it', 'Cut away any loose threads.', 'Start sewing going into the back of the garment.']","['Bring the needle up through another hole on button.', 'find the button']",Bring the needle up through another hole on button.,0,0, A
6,69.23076923076923,"['Drive to fabric store', 'get thread', 'place botton where you want it', 'Cut away any loose threads.', 'Start sewing going into the back of the garment.', 'Bring the needle up through another hole on button.']","['Hold button in place', 'Take out thread and needle']",Hold button in place,0,0, A
7,73.07692307692307,"['Drive to fabric store', 'get thread', 'place botton where you want it', 'Cut away any loose threads.', 'Start sewing going into the back of the garment.', 'Bring the needle up through another hole on button.', 'Hold button in place']","['Find button', 'Get back the needle through the fourth button hole']",Get back the needle through the fourth button hole,1,0, A
8,80.76923076923077,"['Drive to fabric store', 'get thread', 'place botton where you want it', 'Cut away any loose threads.', 'Start sewing going into the back of the garment.', 'Bring the needle up through another hole on button.', 'Hold button in place', 'Get back the needle through the fourth button hole']","['Hold button to material.', 'Break the thread and tie a final knot']",Break the thread and tie a final knot,1,0, A
9,88.46153846153845,"['Drive to fabric store', 'get thread', 'place botton where you want it', 'Cut away any loose threads.', 'Start sewing going into the back of the garment.', 'Bring the needle up through another hole on button.', 'Hold button in place', 'Get back the needle through the fourth button hole', 'Break the thread and tie a final knot']","['Put away needle and thread', 'find a button']",Put away needle and thread,0,0, A
10,92.3076923076923,"['Drive to fabric store', 'get thread', 'place botton where you want it', 'Cut away any loose threads.', 'Start sewing going into the back of the garment.', 'Bring the needle up through another hole on button.', 'Hold button in place', 'Get back the needle through the fourth button hole', 'Break the thread and tie a final knot', 'Put away needle and thread']","['Check if the button is tight', 'Push needle under material to next hole']",Check if the button is tight,0,0, A
0,0.0,[],"['cut the thread', 'Get sewing kit']",Get sewing kit,1,0, A
1,23.07692307692308,['Get sewing kit'],"['Get the button.', 'Cut off remaining thread']",Get the button.,0,0, A
2,26.923076923076923,"['Get sewing kit', 'Get the button.']","['Drive to fabric store', 'Remove the old button']",Remove the old button,1,0, A
3,34.61538461538461,"['Get sewing kit', 'Get the button.', 'Remove the old button']","['Put thread through needle', 'Sew button through second hole']",Put thread through needle,0,0, A
4,61.53846153846154,"['Get sewing kit', 'Get the button.', 'Remove the old button', 'Put thread through needle']","['Pull thread through', 'Take out sewing kit.']",Pull thread through,0,0, A
5,80.76923076923077,"['Get sewing kit', 'Get the button.', 'Remove the old button', 'Put thread through needle', 'Pull thread through']","['Get some thread', 'tie off the thread']",tie off the thread,1,0, A
6,88.46153846153845,"['Get sewing kit', 'Get the button.', 'Remove the old button', 'Put thread through needle', 'Pull thread through', 'tie off the thread']","['Put all the items away', 'Find a needle and thread']",Put all the items away,0,0, A
0,0.0,[],"['Get sewing kit', 'Determine proper placement for button']",Get sewing kit,0,0, A
1,11.538461538461538,['Get sewing kit'],"['Take a needle', 'Stitch the button on']",Take a needle,0,0, A
2,34.61538461538461,"['Get sewing kit', 'Take a needle']","['Get back the needle through the fourth button hole', 'Thread the needle, double it up and tie a knot at the end']","Thread the needle, double it up and tie a knot at the end",1,0, A
3,50.0,"['Get sewing kit', 'Take a needle', 'Thread the needle, double it up and tie a knot at the end']","['Stick the needle through', 'push needle to back of the item']",Stick the needle through,0,0, A
4,53.84615384615385,"['Get sewing kit', 'Take a needle', 'Thread the needle, double it up and tie a knot at the end', 'Stick the needle through']","['put back all the materials', 'Pull the needle through a hole in the button, then back into the fabric']","Pull the needle through a hole in the button, then back into the fabric",1,0, A
5,80.76923076923077,"['Get sewing kit', 'Take a needle', 'Thread the needle, double it up and tie a knot at the end', 'Stick the needle through', 'Pull the needle through a hole in the button, then back into the fabric']","['Tie off the thread on the underside of the garment', 'locate needle and thread']",Tie off the thread on the underside of the garment,0,0, A
6,88.46153846153845,"['Get sewing kit', 'Take a needle', 'Thread the needle, double it up and tie a knot at the end', 'Stick the needle through', 'Pull the needle through a hole in the button, then back into the fabric', 'Tie off the thread on the underside of the garment']","['put back all the materials', 'Collect thread and needle.']",put back all the materials,0,0, A
0,0.0,[],"['Get button, thread, needle and scissors', 'Tie knot on needle.']","Get button, thread, needle and scissors",0,0, A
1,26.923076923076923,"['Get button, thread, needle and scissors']","['Lay down garment', 'when done tie the end properly']",Lay down garment,0,0, A
2,30.76923076923077,"['Get button, thread, needle and scissors', 'Lay down garment']","['Put the button in the correct spot.', 'Tie knot to secure thread and button to clothes']",Put the button in the correct spot.,0,0, A
3,42.30769230769231,"['Get button, thread, needle and scissors', 'Lay down garment', 'Put the button in the correct spot.']","['Cut thread string to how much is needed', ""Make sure it's secure""]",Cut thread string to how much is needed,0,0, A
4,46.15384615384615,"['Get button, thread, needle and scissors', 'Lay down garment', 'Put the button in the correct spot.', 'Cut thread string to how much is needed']","['Get out needle', 'make few passes']",make few passes,1,0, A
5,84.61538461538461,"['Get button, thread, needle and scissors', 'Lay down garment', 'Put the button in the correct spot.', 'Cut thread string to how much is needed', 'make few passes']","['Get thread', 'Cut off excess thread']",Cut off excess thread,1,0, A
6,88.46153846153845,"['Get button, thread, needle and scissors', 'Lay down garment', 'Put the button in the correct spot.', 'Cut thread string to how much is needed', 'make few passes', 'Cut off excess thread']","['Pull the needle through a hole in the button, then back into the fabric', 'put needle and thread away']",put needle and thread away,1,0, A
7,92.3076923076923,"['Get button, thread, needle and scissors', 'Lay down garment', 'Put the button in the correct spot.', 'Cut thread string to how much is needed', 'make few passes', 'Cut off excess thread', 'put needle and thread away']","['Find thread', 'Check if the button is tight']",Check if the button is tight,1,0, A
0,0.0,[],"['Get out sewing kit.', 'pull needle through to knot']",Get out sewing kit.,0,0, A
1,23.07692307692308,['Get out sewing kit.'],"['Find a button', 'Cut off any excess thread.']",Find a button,0,0, A
2,38.46153846153847,"['Get out sewing kit.', 'Find a button']","['Tie a knot at the end of thread', 'get thread, needle, button to be sewn']",Tie a knot at the end of thread,0,0, A
3,61.53846153846154,"['Get out sewing kit.', 'Find a button', 'Tie a knot at the end of thread']","['Find a needle', 'Start sewing going into the back of the garment.']",Start sewing going into the back of the garment.,1,0, A
4,80.76923076923077,"['Get out sewing kit.', 'Find a button', 'Tie a knot at the end of thread', 'Start sewing going into the back of the garment.']","['Get a thimble', 'When done knot end.']",When done knot end.,1,0, A
5,88.46153846153845,"['Get out sewing kit.', 'Find a button', 'Tie a knot at the end of thread', 'Start sewing going into the back of the garment.', 'When done knot end.']","['Get clothing', 'Put supplies away']",Put supplies away,1,0, A
0,0.0,[],"['Find sewing kit.', 'Poke hole with needle through button hole and fabric']",Find sewing kit.,0,0, A
1,7.6923076923076925,['Find sewing kit.'],"['Get needle and thread', 'Tie knot in end of thread']",Get needle and thread,0,0, A
2,26.923076923076923,"['Find sewing kit.', 'Get needle and thread']","['Tie the thread so the button will not come loose', 'take the cloth to be sewed']",take the cloth to be sewed,1,0, A
3,30.76923076923077,"['Find sewing kit.', 'Get needle and thread', 'take the cloth to be sewed']","['Align button', 'Put the needle thorough the back of the button hole.']",Align button,0,0, A
4,46.15384615384615,"['Find sewing kit.', 'Get needle and thread', 'take the cloth to be sewed', 'Align button']","['Pull needle and thread', 'Put thread through buttonhole']",Put thread through buttonhole,1,0, A
5,61.53846153846154,"['Find sewing kit.', 'Get needle and thread', 'take the cloth to be sewed', 'Align button', 'Put thread through buttonhole']","['Ending again in the back of the garment cut off the thread.', 'Insert needle through one side of button']",Insert needle through one side of button,1,0, A
6,65.38461538461539,"['Find sewing kit.', 'Get needle and thread', 'take the cloth to be sewed', 'Align button', 'Put thread through buttonhole', 'Insert needle through one side of button']","['Pull needle out other side.', 'taking the right button out']",Pull needle out other side.,0,0, A
7,69.23076923076923,"['Find sewing kit.', 'Get needle and thread', 'take the cloth to be sewed', 'Align button', 'Put thread through buttonhole', 'Insert needle through one side of button', 'Pull needle out other side.']","['Poke needle through opposite hole', 'Place button on shirt']",Poke needle through opposite hole,0,0, A
0,0.0,[],"[""pass needle and thread back through another of the button's needle holes"", 'Get supplies - shirt, new button, thread, needle']","Get supplies - shirt, new button, thread, needle",1,0, A
1,26.923076923076923,"['Get supplies - shirt, new button, thread, needle']","['When button is securely in place tie knot in thread at back of garment', 'Hold shirt with non-dominant hand']",Hold shirt with non-dominant hand,1,0, A
2,30.76923076923077,"['Get supplies - shirt, new button, thread, needle', 'Hold shirt with non-dominant hand']","['Mark on clothing where button is to go', 'Tie a knot.']",Mark on clothing where button is to go,0,0, A
3,42.30769230769231,"['Get supplies - shirt, new button, thread, needle', 'Hold shirt with non-dominant hand', 'Mark on clothing where button is to go']","['Cut away any loose threads.', 'Find a needle and thread']",Cut away any loose threads.,0,0, A
4,46.15384615384615,"['Get supplies - shirt, new button, thread, needle', 'Hold shirt with non-dominant hand', 'Mark on clothing where button is to go', 'Cut away any loose threads.']","['Sew on button', 'Grab button']",Sew on button,0,0, A
5,84.61538461538461,"['Get supplies - shirt, new button, thread, needle', 'Hold shirt with non-dominant hand', 'Mark on clothing where button is to go', 'Cut away any loose threads.', 'Sew on button']","['Pull out a length of thread.', 'cut remaining thread away']",cut remaining thread away,1,0, A
0,0.0,[],"['Drive to fabric store', 'Pull through other side.']",Drive to fabric store,0,0, A
1,19.230769230769237,['Drive to fabric store'],"['Get thread', 'Push needle through the button holes']",Get thread,0,0, A
2,23.07692307692308,"['Drive to fabric store', 'Get thread']","['Put the needle thorough the back of the button hole.', 'Find a button']",Find a button,1,0, A
3,34.61538461538461,"['Drive to fabric store', 'Get thread', 'Find a button']","['Repeat several times, going through a different hole each time.', 'Thread the needle']",Thread the needle,1,0, A
4,42.30769230769231,"['Drive to fabric store', 'Get thread', 'Find a button', 'Thread the needle']","['Grab the fabric and button', 'measure and cut length of thread']",measure and cut length of thread,1,0, A
5,46.15384615384615,"['Drive to fabric store', 'Get thread', 'Find a button', 'Thread the needle', 'measure and cut length of thread']","['use needle and thread to sew button onto shirt', 'gathering thread']",use needle and thread to sew button onto shirt,0,0, A
6,80.76923076923077,"['Drive to fabric store', 'Get thread', 'Find a button', 'Thread the needle', 'measure and cut length of thread', 'use needle and thread to sew button onto shirt']","['Select thread of correct color', 'Tie off thread']",Tie off thread,1,0, A
7,88.46153846153845,"['Drive to fabric store', 'Get thread', 'Find a button', 'Thread the needle', 'measure and cut length of thread', 'use needle and thread to sew button onto shirt', 'Tie off thread']","['Put away needle and thread', 'Sew button through second hole']",Put away needle and thread,0,0, A
0,0.0,[],"['Drive to fabric store', 'Pull thread through opposite button hole']",Drive to fabric store,0,0, A
1,19.230769230769237,['Drive to fabric store'],"['Get thread.', 'Insert needle through other side of button on back side']",Get thread.,0,0, A
2,23.07692307692308,"['Drive to fabric store', 'Get thread.']","['Find a matching button', 'Check if the button is tight']",Find a matching button,0,0, A
3,50.0,"['Drive to fabric store', 'Get thread.', 'Find a matching button']","['Push the needle through the fabric', 'Find some thread']",Push the needle through the fabric,0,0, A
4,76.92307692307693,"['Drive to fabric store', 'Get thread.', 'Find a matching button', 'Push the needle through the fabric']","['repeat until button is secure', 'Align the button on the correct place on the cloth']",repeat until button is secure,0,0, A
0,0.0,[],"['Drive to fabric store', 'pass needle through needle hole in button']",Drive to fabric store,0,0, A
1,19.230769230769237,['Drive to fabric store'],"['Insert needle through first side of button (step 3)', 'get some thread']",get some thread,1,0, A
2,26.923076923076923,"['Drive to fabric store', 'get some thread']","['find shirt with missing button', 'Push needle through first hole']",find shirt with missing button,0,0, A
3,30.76923076923077,"['Drive to fabric store', 'get some thread', 'find shirt with missing button']","['Line the button back into place', 'Break the thread and tie a final knot']",Line the button back into place,0,0, A
4,34.61538461538461,"['Drive to fabric store', 'get some thread', 'find shirt with missing button', 'Line the button back into place']","['Drive to fabric store', 'thread the needle']",thread the needle,1,0, A
5,38.46153846153847,"['Drive to fabric store', 'get some thread', 'find shirt with missing button', 'Line the button back into place', 'thread the needle']","['Cut off excess thread', 'Knot the ends of the thread together.']",Knot the ends of the thread together.,1,0, A
6,46.15384615384615,"['Drive to fabric store', 'get some thread', 'find shirt with missing button', 'Line the button back into place', 'thread the needle', 'Knot the ends of the thread together.']","['Use the needle to sew the broken button', 'Get thread']",Use the needle to sew the broken button,0,0, A
7,80.76923076923077,"['Drive to fabric store', 'get some thread', 'find shirt with missing button', 'Line the button back into place', 'thread the needle', 'Knot the ends of the thread together.', 'Use the needle to sew the broken button']","['Tie off the thread on the underside of the garment', 'pull the thread through the eye of needle']",Tie off the thread on the underside of the garment,0,0, A
8,88.46153846153845,"['Drive to fabric store', 'get some thread', 'find shirt with missing button', 'Line the button back into place', 'thread the needle', 'Knot the ends of the thread together.', 'Use the needle to sew the broken button', 'Tie off the thread on the underside of the garment']","['Take out the needle', 'Put the thread through the button and start threading']",Take out the needle,0,0, A
0,0.0,[],"['Push needle through the button holes', 'Gather supplies']",Gather supplies,1,0, A
1,30.76923076923077,['Gather supplies'],"['Slide button onto needle and thread.', 'Place button on fabric and hold with thumb and index finger']",Place button on fabric and hold with thumb and index finger,1,0, A
2,46.15384615384615,"['Gather supplies', 'Place button on fabric and hold with thumb and index finger']","['Get a needle and thread', 'Sew on']",Sew on,1,0, A
3,61.53846153846154,"['Gather supplies', 'Place button on fabric and hold with thumb and index finger', 'Sew on']","['push the needle through the button', 'Find a needle']",push the needle through the button,0,0, A
4,80.76923076923077,"['Gather supplies', 'Place button on fabric and hold with thumb and index finger', 'Sew on', 'push the needle through the button']","['Pick up shirt missing button.', 'when done tie the end properly']",when done tie the end properly,1,0, A
5,84.61538461538461,"['Gather supplies', 'Place button on fabric and hold with thumb and index finger', 'Sew on', 'push the needle through the button', 'when done tie the end properly']","['break the thread', 'Remove the old button']",break the thread,0,0, A
6,88.46153846153845,"['Gather supplies', 'Place button on fabric and hold with thumb and index finger', 'Sew on', 'push the needle through the button', 'when done tie the end properly', 'break the thread']","['Put the needle and thread away', 'Grab thread and needle']",Put the needle and thread away,0,0, A
0,0.0,[],"['Gather supplies', 'Tie knot.']",Gather supplies,0,0, A
1,26.923076923076923,['Gather supplies'],"['Get the garment', 'Repeat for remaining holes']",Get the garment,0,0, A
2,30.76923076923077,"['Gather supplies', 'Get the garment']","['Do this several times until the button is secure', 'put button where other button was located']",put button where other button was located,1,0, A
3,34.61538461538461,"['Gather supplies', 'Get the garment', 'put button where other button was located']","['Position needle with thread', ""TIE A KNOT IN THE END OF THE THREAD SO THE BUTTON DOESN'T COME OFF""]",Position needle with thread,0,0, A
4,53.84615384615385,"['Gather supplies', 'Get the garment', 'put button where other button was located', 'Position needle with thread']","['Get button', 'Return the needle through the fabric and through a different button hole']",Return the needle through the fabric and through a different button hole,1,0, A
5,57.692307692307686,"['Gather supplies', 'Get the garment', 'put button where other button was located', 'Position needle with thread', 'Return the needle through the fabric and through a different button hole']","['Find a button that matches the others on your garment', 'Pull til it stops at the knot, push through fabric and another button hole']","Pull til it stops at the knot, push through fabric and another button hole",1,0, A
6,76.92307692307693,"['Gather supplies', 'Get the garment', 'put button where other button was located', 'Position needle with thread', 'Return the needle through the fabric and through a different button hole', 'Pull til it stops at the knot, push through fabric and another button hole']","['Get needle.', 'Repeat 5 times with other two button holes']",Repeat 5 times with other two button holes,1,0, A
0,0.0,[],"['Cut thread', 'Take out sewing kit']",Take out sewing kit,1,0, A
1,19.230769230769237,['Take out sewing kit'],"['Take thread from sewing kit', 'Repeat this until the button is secure']",Take thread from sewing kit,0,0, A
2,34.61538461538461,"['Take out sewing kit', 'Take thread from sewing kit']","['Cross over to perpendicular hole, push needle back through', 'Thread needle']",Thread needle,1,0, A
3,42.30769230769231,"['Take out sewing kit', 'Take thread from sewing kit', 'Thread needle']","['Get some thread', 'measure and cut length of thread']",measure and cut length of thread,1,0, A
4,61.53846153846154,"['Take out sewing kit', 'Take thread from sewing kit', 'Thread needle', 'measure and cut length of thread']","['Insert needle through one side of button', 'Purchase thread']",Insert needle through one side of button,0,0, A
5,76.92307692307693,"['Take out sewing kit', 'Take thread from sewing kit', 'Thread needle', 'measure and cut length of thread', 'Insert needle through one side of button']","['Continue until button is secure', 'Tie knot in end of thread']",Continue until button is secure,0,0, A
6,84.61538461538461,"['Take out sewing kit', 'Take thread from sewing kit', 'Thread needle', 'measure and cut length of thread', 'Insert needle through one side of button', 'Continue until button is secure']","['Cut the thread near the needle to finish', 'Thread needle']",Cut the thread near the needle to finish,0,0, A
7,88.46153846153845,"['Take out sewing kit', 'Take thread from sewing kit', 'Thread needle', 'measure and cut length of thread', 'Insert needle through one side of button', 'Continue until button is secure', 'Cut the thread near the needle to finish']","['Clean up.', 'Take a button']",Clean up.,0,0, A
0,0.0,[],"['Cut away any loose threads.', 'Grab the fabric and button']",Grab the fabric and button,1,0, A
1,15.384615384615383,['Grab the fabric and button'],"['Do this through all holes of button', 'Find right color string']",Find right color string,1,0, A
2,23.07692307692308,"['Grab the fabric and button', 'Find right color string']","['Pull through', 'Find similar button']",Find similar button,1,0, A
3,34.61538461538461,"['Grab the fabric and button', 'Find right color string', 'Find similar button']","['Make a knot on last pass', 'Put thread end through eye of needle']",Put thread end through eye of needle,1,0, A
4,46.15384615384615,"['Grab the fabric and button', 'Find right color string', 'Find similar button', 'Put thread end through eye of needle']","['Sew the button in place with the needle and thread', 'Find a button.']",Sew the button in place with the needle and thread,0,0, A
5,61.53846153846154,"['Grab the fabric and button', 'Find right color string', 'Find similar button', 'Put thread end through eye of needle', 'Sew the button in place with the needle and thread']","['Choose thread to sew button on with.', 'Pass the needle through one of the button holes']",Pass the needle through one of the button holes,1,0, A
6,65.38461538461539,"['Grab the fabric and button', 'Find right color string', 'Find similar button', 'Put thread end through eye of needle', 'Sew the button in place with the needle and thread', 'Pass the needle through one of the button holes']","['Put the needle thorough the back of the button hole.', 'Select thread of correct color']",Put the needle thorough the back of the button hole.,0,0, A
7,69.23076923076923,"['Grab the fabric and button', 'Find right color string', 'Find similar button', 'Put thread end through eye of needle', 'Sew the button in place with the needle and thread', 'Pass the needle through one of the button holes', 'Put the needle thorough the back of the button hole.']","['Get back the needle through the third button hole', 'Get a button.']",Get back the needle through the third button hole,0,0, A
0,0.0,[],"['Get scissors, needle, button and thread', 'Sew button through fourth and final hole']","Get scissors, needle, button and thread",0,0, A
1,30.76923076923077,"['Get scissors, needle, button and thread']","['Pull til it stops at the knot, push through fabric and another button hole', 'Place the button on the cloth']",Place the button on the cloth,1,0, A
2,46.15384615384615,"['Get scissors, needle, button and thread', 'Place the button on the cloth']","['Sew the button in place with the needle and thread', 'Purchase thread']",Sew the button in place with the needle and thread,0,0, A
0,0.0,[],"['Put needle and thread through shirt', 'Get sewing kit']",Get sewing kit,1,0, A
1,34.61538461538461,['Get sewing kit'],"['put needle into adjoining hole', 'put thread in needle']",put thread in needle,1,0, A
2,42.30769230769231,"['Get sewing kit', 'put thread in needle']","['Cut excess thread', 'Ending again in the back of the garment cut off the thread.']",Cut excess thread,0,0, A
3,46.15384615384615,"['Get sewing kit', 'put thread in needle', 'Cut excess thread']","['Find needle', 'Sew button']",Sew button,1,0, A
0,0.0,[],"['Tie off thread', 'Drive to fabric store']",Drive to fabric store,1,0, A
1,19.230769230769237,['Drive to fabric store'],"['get some thread', 'use the string to make it stay in place']",get some thread,0,0, A
2,26.923076923076923,"['Drive to fabric store', 'get some thread']","['Get your sewing kit', 'Prepare garment for sewing']",Prepare garment for sewing,1,0, A
3,46.15384615384615,"['Drive to fabric store', 'get some thread', 'Prepare garment for sewing']","['Get thread and needle', 'moving the needle in and out of the fabric']",moving the needle in and out of the fabric,1,0, A
4,88.46153846153845,"['Drive to fabric store', 'get some thread', 'Prepare garment for sewing', 'moving the needle in and out of the fabric']","['put the supplies away', 'Choose thread color']",put the supplies away,0,0, A
0,0.0,[],"['Tie the thread round in between the garment and button', 'Get the sewing kit.']",Get the sewing kit.,1,0, A
1,7.6923076923076925,['Get the sewing kit.'],"['Grab a needle and thread', 'Cut length of thread']",Grab a needle and thread,0,0, A
2,30.76923076923077,"['Get the sewing kit.', 'Grab a needle and thread']","['Take button and put it on shirt where you want it', 'Pull needle and thread']",Take button and put it on shirt where you want it,0,0, A
3,61.53846153846154,"['Get the sewing kit.', 'Grab a needle and thread', 'Take button and put it on shirt where you want it']","['Holding button at appropriate location, press needle through first hole on button.', 'get thread and needle']","Holding button at appropriate location, press needle through first hole on button.",0,0, A
4,76.92307692307693,"['Get the sewing kit.', 'Grab a needle and thread', 'Take button and put it on shirt where you want it', 'Holding button at appropriate location, press needle through first hole on button.']","['Remove thread and needle from kit', 'repeat 5-8 several times until button is secure']",repeat 5-8 several times until button is secure,1,0, A
0,0.0,[],"['Get sewing kit', 'Cut the needle off of the thread.']",Get sewing kit,0,0, A
1,34.61538461538461,['Get sewing kit'],"['Get scissors, needle, button and thread', 'Thread a needle']",Thread a needle,1,0, A
2,88.46153846153845,"['Get sewing kit', 'Thread a needle']","['put the supplies away', 'Insert the thread through the button']",put the supplies away,0,0, A
3,92.3076923076923,"['Get sewing kit', 'Thread a needle', 'put the supplies away']","['Hold shirt with non-dominant hand', 'Check the button']",Check the button,1,0, A
0,0.0,[],"['Drive to fabric store', 'Use the needle to go through the button holes and the fabric']",Drive to fabric store,0,0, A
1,19.230769230769237,['Drive to fabric store'],"['Find thread that matches', 'Cross over to perpendicular hole, push needle back through']",Find thread that matches,0,0, A
2,34.61538461538461,"['Drive to fabric store', 'Find thread that matches']","['Continue crisscrossing thread between holes of button until button is tight.', 'Put thread in it']",Put thread in it,1,0, A
3,53.84615384615385,"['Drive to fabric store', 'Find thread that matches', 'Put thread in it']","['Pull thread through and secure button', 'Get thread and needle']",Pull thread through and secure button,0,0, A
0,0.0,[],"['Drive to fabric store', 'Cut away any extra string']",Drive to fabric store,0,0, A
1,19.230769230769237,['Drive to fabric store'],"['Get some thread', 'Cut off end from needle']",Get some thread,0,0, A
2,30.76923076923077,"['Drive to fabric store', 'Get some thread']","['put button where other button was located', 'Slide button onto needle and thread.']",put button where other button was located,0,0, A
3,46.15384615384615,"['Drive to fabric store', 'Get some thread', 'put button where other button was located']","['Get a needle', 'Use needle to go through button holes']",Use needle to go through button holes,1,0, A
4,84.61538461538461,"['Drive to fabric store', 'Get some thread', 'put button where other button was located', 'Use needle to go through button holes']","['Put one end of thread through the eye of the needle.', 'Cut off excess thread']",Cut off excess thread,1,0, A
0,0.0,[],"['Get supplies - shirt, new button, thread, needle', 'Tie ends.']","Get supplies - shirt, new button, thread, needle",0,0, A
1,30.76923076923077,"['Get supplies - shirt, new button, thread, needle']","['Put button on shirt', 'Pull needle and thread']",Put button on shirt,0,0, A
2,42.30769230769231,"['Get supplies - shirt, new button, thread, needle', 'Put button on shirt']","['Cut away any loose threads.', 'Gather supplies']",Cut away any loose threads.,0,0, A
3,61.53846153846154,"['Get supplies - shirt, new button, thread, needle', 'Put button on shirt', 'Cut away any loose threads.']","['Thread one hole with the needle', 'Cut a length of thread more than double what you will need']",Thread one hole with the needle,0,0, A
4,80.76923076923077,"['Get supplies - shirt, new button, thread, needle', 'Put button on shirt', 'Cut away any loose threads.', 'Thread one hole with the needle']","['Collect thread and needle.', 'knot thread']",knot thread,1,0, A
5,84.61538461538461,"['Get supplies - shirt, new button, thread, needle', 'Put button on shirt', 'Cut away any loose threads.', 'Thread one hole with the needle', 'knot thread']","['Take thread from sewing kit', 'Tie knot to secure thread and button to clothes']",Tie knot to secure thread and button to clothes,1,0, A
0,0.0,[],"['Insert the needle into the button hole', 'Get button, thread, needle and scissors']","Get button, thread, needle and scissors",1,0, A
1,30.76923076923077,"['Get button, thread, needle and scissors']","['MAKE SURE BUTTON IS SECURE', 'Place button where it is to be sewed']",Place button where it is to be sewed,1,0, A
2,61.53846153846154,"['Get button, thread, needle and scissors', 'Place button where it is to be sewed']","['Holding button at appropriate location, press needle through first hole on button.', 'Get a needle']","Holding button at appropriate location, press needle through first hole on button.",0,0, A
3,76.92307692307693,"['Get button, thread, needle and scissors', 'Place button where it is to be sewed', 'Holding button at appropriate location, press needle through first hole on button.']","['stitching the button on', 'Take thread from sewing kit']",stitching the button on,0,0, A
4,80.76923076923077,"['Get button, thread, needle and scissors', 'Place button where it is to be sewed', 'Holding button at appropriate location, press needle through first hole on button.', 'stitching the button on']","['Tie the thread so the button will not come loose', 'Get clothes']",Tie the thread so the button will not come loose,0,0, A
5,84.61538461538461,"['Get button, thread, needle and scissors', 'Place button where it is to be sewed', 'Holding button at appropriate location, press needle through first hole on button.', 'stitching the button on', 'Tie the thread so the button will not come loose']","['cut remaining thread away', 'Find the location where button needs to be sewn.']",cut remaining thread away,0,0, A
6,88.46153846153845,"['Get button, thread, needle and scissors', 'Place button where it is to be sewed', 'Holding button at appropriate location, press needle through first hole on button.', 'stitching the button on', 'Tie the thread so the button will not come loose', 'cut remaining thread away']","['Put the needle and thread away', 'FIND THE REPLACEMENT BUTTON']",Put the needle and thread away,0,0, A
7,92.3076923076923,"['Get button, thread, needle and scissors', 'Place button where it is to be sewed', 'Holding button at appropriate location, press needle through first hole on button.', 'stitching the button on', 'Tie the thread so the button will not come loose', 'cut remaining thread away', 'Put the needle and thread away']","['Get a needle', 'MAKE SURE BUTTON IS SECURE']",MAKE SURE BUTTON IS SECURE,1,0, A
0,0.0,[],"['Get out sewing kit.', 'Cut the thread']",Get out sewing kit.,0,0, A
1,34.61538461538461,['Get out sewing kit.'],"['Repeat for all holes to reinforce', 'thread needle']",thread needle,1,0, A
2,88.46153846153845,"['Get out sewing kit.', 'thread needle']","['Clean up.', 'Get a piece of clothing.']",Clean up.,0,0, A
3,92.3076923076923,"['Get out sewing kit.', 'thread needle', 'Clean up.']","['Check the button', 'Find a button that matches the others on your garment']",Check the button,0,0, A
0,0.0,[],"['put items away when done', 'Get out sewing kit.']",Get out sewing kit.,1,0, A
1,34.61538461538461,['Get out sewing kit.'],"['Put one end of thread through the eye of the needle.', 'Cut off excess thread']",Put one end of thread through the eye of the needle.,0,0, A
2,42.30769230769231,"['Get out sewing kit.', 'Put one end of thread through the eye of the needle.']","['measure and cut length of thread', 'Tie the thread so the button will not come loose']",measure and cut length of thread,0,0, A
3,61.53846153846154,"['Get out sewing kit.', 'Put one end of thread through the eye of the needle.', 'measure and cut length of thread']","['gather needle and thread', 'push the needle through the button']",push the needle through the button,1,0, A
4,76.92307692307693,"['Get out sewing kit.', 'Put one end of thread through the eye of the needle.', 'measure and cut length of thread', 'push the needle through the button']","['get item to be sewn', 'Continue repeating pushing up and pushing thread back down']",Continue repeating pushing up and pushing thread back down,1,0, A
5,80.76923076923077,"['Get out sewing kit.', 'Put one end of thread through the eye of the needle.', 'measure and cut length of thread', 'push the needle through the button', 'Continue repeating pushing up and pushing thread back down']","['Find thread that matches button color.', 'Tie off thread']",Tie off thread,1,0, A
6,88.46153846153845,"['Get out sewing kit.', 'Put one end of thread through the eye of the needle.', 'measure and cut length of thread', 'push the needle through the button', 'Continue repeating pushing up and pushing thread back down', 'Tie off thread']","['Acquire new button', 'Clean up.']",Clean up.,1,0, A
7,92.3076923076923,"['Get out sewing kit.', 'Put one end of thread through the eye of the needle.', 'measure and cut length of thread', 'push the needle through the button', 'Continue repeating pushing up and pushing thread back down', 'Tie off thread', 'Clean up.']","['Check if the button is tight', 'Find a thread']",Check if the button is tight,0,0, A
0,0.0,[],"['Drive to fabric store', 'Tie of thread on inside']",Drive to fabric store,0,0, A
1,19.230769230769237,['Drive to fabric store'],"['Tie knot to secure thread and button to clothes', 'Get out thread']",Get out thread,1,0, A
2,26.923076923076923,"['Drive to fabric store', 'Get out thread']","['Tie knot in thread', 'gather garment for buttoning']",gather garment for buttoning,1,0, A
3,34.61538461538461,"['Drive to fabric store', 'Get out thread', 'gather garment for buttoning']","['Slide button onto needle and thread.', 'Thread the needle']",Thread the needle,1,0, A
4,61.53846153846154,"['Drive to fabric store', 'Get out thread', 'gather garment for buttoning', 'Thread the needle']","['Holding button at appropriate location, press needle through first hole on button.', 'Cut away any extra string']","Holding button at appropriate location, press needle through first hole on button.",0,0, A
5,65.38461538461539,"['Drive to fabric store', 'Get out thread', 'gather garment for buttoning', 'Thread the needle', 'Holding button at appropriate location, press needle through first hole on button.']","['Put thread through needle', 'Sew button through second hole']",Sew button through second hole,1,0, A
6,76.92307692307693,"['Drive to fabric store', 'Get out thread', 'gather garment for buttoning', 'Thread the needle', 'Holding button at appropriate location, press needle through first hole on button.', 'Sew button through second hole']","['Find similar button', 'Repeat procedure until button is secure']",Repeat procedure until button is secure,1,0, A
0,0.0,[],"['Pull needle and thread', 'Find sewing kit.']",Find sewing kit.,1,0, A
1,34.61538461538461,['Find sewing kit.'],"['Put one end of thread through the eye of the needle.', ""Make sure it's secure""]",Put one end of thread through the eye of the needle.,0,0, A
2,46.15384615384615,"['Find sewing kit.', 'Put one end of thread through the eye of the needle.']","['Get proper button', 'Stitch the button on']",Stitch the button on,1,0, A
0,0.0,[],"['Drive to fabric store', 'Proceed to insert needle into button holes and through clothing/ item until securely sewn']",Drive to fabric store,0,0, A
1,19.230769230769237,['Drive to fabric store'],"['Choose thread to sew button on with.', 'Sew needle through other holes in an X formation']",Choose thread to sew button on with.,0,0, A
2,34.61538461538461,"['Drive to fabric store', 'Choose thread to sew button on with.']","['Place needle through clothing.', 'put thread through needle']",put thread through needle,1,0, A
3,38.46153846153847,"['Drive to fabric store', 'Choose thread to sew button on with.', 'put thread through needle']","['Find right color string', 'tie a knot in thread']",tie a knot in thread,1,0, A
4,46.15384615384615,"['Drive to fabric store', 'Choose thread to sew button on with.', 'put thread through needle', 'tie a knot in thread']","['Sew through holes or shank in button.', 'Find thread and needle.']",Sew through holes or shank in button.,0,0, A
5,53.84615384615385,"['Drive to fabric store', 'Choose thread to sew button on with.', 'put thread through needle', 'tie a knot in thread', 'Sew through holes or shank in button.']","['repeat the same way', 'Find a button']",repeat the same way,0,0, A
6,76.92307692307693,"['Drive to fabric store', 'Choose thread to sew button on with.', 'put thread through needle', 'tie a knot in thread', 'Sew through holes or shank in button.', 'repeat the same way']","['repeat', 'Grab button']",repeat,0,0, A
7,80.76923076923077,"['Drive to fabric store', 'Choose thread to sew button on with.', 'put thread through needle', 'tie a knot in thread', 'Sew through holes or shank in button.', 'repeat the same way', 'repeat']","['tie knot on thread', 'Take out needle.']",tie knot on thread,0,0, A
8,84.61538461538461,"['Drive to fabric store', 'Choose thread to sew button on with.', 'put thread through needle', 'tie a knot in thread', 'Sew through holes or shank in button.', 'repeat the same way', 'repeat', 'tie knot on thread']","['Push needle through back of clothes and through hole of button', 'Cut off any loose threads with a scissors.']",Cut off any loose threads with a scissors.,1,0, A
9,88.46153846153845,"['Drive to fabric store', 'Choose thread to sew button on with.', 'put thread through needle', 'tie a knot in thread', 'Sew through holes or shank in button.', 'repeat the same way', 'repeat', 'tie knot on thread', 'Cut off any loose threads with a scissors.']","['Put needle and thread back in drawer', 'Knot the end to make it stay']",Put needle and thread back in drawer,0,0, A
10,92.3076923076923,"['Drive to fabric store', 'Choose thread to sew button on with.', 'put thread through needle', 'tie a knot in thread', 'Sew through holes or shank in button.', 'repeat the same way', 'repeat', 'tie knot on thread', 'Cut off any loose threads with a scissors.', 'Put needle and thread back in drawer']","['Check if the button is tight', 'Thread needle']",Check if the button is tight,0,0, A
0,0.0,[],"['Pull thread through', 'Drive to fabric store']",Drive to fabric store,1,0, A
1,19.230769230769237,['Drive to fabric store'],"['Push the needle through the fabric', 'Purchase thread']",Purchase thread,1,0, A
2,26.923076923076923,"['Drive to fabric store', 'Purchase thread']","['put items away when done', 'Find a piece of clothing.']",Find a piece of clothing.,1,0, A
3,30.76923076923077,"['Drive to fabric store', 'Purchase thread', 'Find a piece of clothing.']","['line it up with the hole', 'cut thread from button']",line it up with the hole,0,0, A
4,46.15384615384615,"['Drive to fabric store', 'Purchase thread', 'Find a piece of clothing.', 'line it up with the hole']","['Sow the thread through the button holes quite a few times', 'Push needle down through other button on hole']",Sow the thread through the button holes quite a few times,0,0, A
5,53.84615384615385,"['Drive to fabric store', 'Purchase thread', 'Find a piece of clothing.', 'line it up with the hole', 'Sow the thread through the button holes quite a few times']","['Place button close to clothing.', 'Find button that matches lost button.']",Place button close to clothing.,0,0, A
6,84.61538461538461,"['Drive to fabric store', 'Purchase thread', 'Find a piece of clothing.', 'line it up with the hole', 'Sow the thread through the button holes quite a few times', 'Place button close to clothing.']","['Cut off remaining thread', 'Tie a knot at the end of thread']",Cut off remaining thread,0,0, A
0,0.0,[],"['Get a thimble', 'Repeat until sewed on.']",Get a thimble,0,0, A
1,7.6923076923076925,['Get a thimble'],"['Tie the thread at the bottom of the button', 'Get thread and needle']",Get thread and needle,1,0, A
2,11.538461538461538,"['Get a thimble', 'Get thread and needle']","['Get needle', 'Put thread through button']",Get needle,0,0, A
3,30.76923076923077,"['Get a thimble', 'Get thread and needle', 'Get needle']","['Find sewing kit', 'Align button']",Align button,1,0, A
4,50.0,"['Get a thimble', 'Get thread and needle', 'Get needle', 'Align button']","['Push the needle through the fabric', 'gathering thread']",Push the needle through the fabric,0,0, A
5,65.38461538461539,"['Get a thimble', 'Get thread and needle', 'Get needle', 'Align button', 'Push the needle through the fabric']","['Put button on shirt', 'Pull needle out other side.']",Pull needle out other side.,1,0, A
6,76.92307692307693,"['Get a thimble', 'Get thread and needle', 'Get needle', 'Align button', 'Push the needle through the fabric', 'Pull needle out other side.']","['Repeat until button is secure', 'Place the button in the right spot']",Repeat until button is secure,0,0, A
7,84.61538461538461,"['Get a thimble', 'Get thread and needle', 'Get needle', 'Align button', 'Push the needle through the fabric', 'Pull needle out other side.', 'Repeat until button is secure']","['Find a needle', 'Cut thread']",Cut thread,1,0, A
8,88.46153846153845,"['Get a thimble', 'Get thread and needle', 'Get needle', 'Align button', 'Push the needle through the fabric', 'Pull needle out other side.', 'Repeat until button is secure', 'Cut thread']","['Get thread', 'PUT NEEDLE AND THREAD AWAY']",PUT NEEDLE AND THREAD AWAY,1,0, A
9,92.3076923076923,"['Get a thimble', 'Get thread and needle', 'Get needle', 'Align button', 'Push the needle through the fabric', 'Pull needle out other side.', 'Repeat until button is secure', 'Cut thread', 'PUT NEEDLE AND THREAD AWAY']","['Get the needle', 'MAKE SURE BUTTON IS SECURE']",MAKE SURE BUTTON IS SECURE,1,0, A
0,0.0,[],"['cut thread so that need will detach', 'Get out sewing kit.']",Get out sewing kit.,1,0, A
1,11.538461538461538,['Get out sewing kit.'],"['Do this through all holes of button', 'Find a needle']",Find a needle,1,0, A
2,30.76923076923077,"['Get out sewing kit.', 'Find a needle']","['Place button onto item of clothing', 'put sewing kit away']",Place button onto item of clothing,0,0, A
3,53.84615384615385,"['Get out sewing kit.', 'Find a needle', 'Place button onto item of clothing']","['pass needle through needle hole in button', 'Get your button']",pass needle through needle hole in button,0,0, A
4,76.92307692307693,"['Get out sewing kit.', 'Find a needle', 'Place button onto item of clothing', 'pass needle through needle hole in button']","['Purchase thread', 'Repeat until button is tight']",Repeat until button is tight,1,0, A
5,84.61538461538461,"['Get out sewing kit.', 'Find a needle', 'Place button onto item of clothing', 'pass needle through needle hole in button', 'Repeat until button is tight']","['Get the sewing kit.', 'Cut loose ends']",Cut loose ends,1,0, A
0,0.0,[],"['Drive to fabric store', 'Tie knot in thread']",Drive to fabric store,0,0, A
1,19.230769230769237,['Drive to fabric store'],"['Cut off end from needle', 'Get some thread.']",Get some thread.,1,0, A
2,30.76923076923077,"['Drive to fabric store', 'Get some thread.']","['Tie the thread at the bottom of the button', 'attach button to shirt']",attach button to shirt,1,0, A
3,46.15384615384615,"['Drive to fabric store', 'Get some thread.', 'attach button to shirt']","['Get thread.', 'Sew on button']",Sew on button,1,0, A
4,84.61538461538461,"['Drive to fabric store', 'Get some thread.', 'attach button to shirt', 'Sew on button']","['attach button', 'Cut thread']",Cut thread,1,0, A
5,88.46153846153845,"['Drive to fabric store', 'Get some thread.', 'attach button to shirt', 'Sew on button', 'Cut thread']","['put the supplies away', 'Get the thread']",put the supplies away,0,0, A
0,0.0,[],"['put items away when done', 'Get your sewing kit']",Get your sewing kit,1,0, A
1,11.538461538461538,['Get your sewing kit'],"['put the supplies away', 'Get needle']",Get needle,1,0, A
2,34.61538461538461,"['Get your sewing kit', 'Get needle']","['break the thread', 'Thread the needle and tie a knot at end of thread.']",Thread the needle and tie a knot at end of thread.,1,0, A
3,53.84615384615385,"['Get your sewing kit', 'Get needle', 'Thread the needle and tie a knot at end of thread.']","['Pull thread through opposite button hole', 'Select a button']",Pull thread through opposite button hole,0,0, A
4,76.92307692307693,"['Get your sewing kit', 'Get needle', 'Thread the needle and tie a knot at end of thread.', 'Pull thread through opposite button hole']","['stitching the button on', 'Get item that needs a button']",stitching the button on,0,0, A
0,0.0,[],"['Grab the fabric and button', 'Pull through']",Grab the fabric and button,0,0, A
1,30.76923076923077,['Grab the fabric and button'],"['line it up with the hole', 'Repeat 5 times with other two button holes']",line it up with the hole,0,0, A
2,50.0,"['Grab the fabric and button', 'line it up with the hole']","['Put needle through one hole', 'Get a needle']",Put needle through one hole,0,0, A
3,76.92307692307693,"['Grab the fabric and button', 'line it up with the hole', 'Put needle through one hole']","['Repeat through each button hole', 'Get the garment']",Repeat through each button hole,0,0, A
0,0.0,[],"['Get scissors, needle, button and thread', 'Cut the thread near the needle to finish']","Get scissors, needle, button and thread",0,0, A
1,30.76923076923077,"['Get scissors, needle, button and thread']","['Hold button to material.', 'Repeat through each button hole']",Hold button to material.,0,0, A
2,42.30769230769231,"['Get scissors, needle, button and thread', 'Hold button to material.']","['Get out thread', 'Cut about 16 inches worth of thread.']",Cut about 16 inches worth of thread.,1,0, A
3,61.53846153846154,"['Get scissors, needle, button and thread', 'Hold button to material.', 'Cut about 16 inches worth of thread.']","['Get a piece of clothing.', 'Thread one hole with the needle']",Thread one hole with the needle,1,0, A
4,80.76923076923077,"['Get scissors, needle, button and thread', 'Hold button to material.', 'Cut about 16 inches worth of thread.', 'Thread one hole with the needle']","['tie knot on thread', 'Get sewing basket']",tie knot on thread,0,0, A
5,84.61538461538461,"['Get scissors, needle, button and thread', 'Hold button to material.', 'Cut about 16 inches worth of thread.', 'Thread one hole with the needle', 'tie knot on thread']","['Cut thread', 'Put the button in the correct spot.']",Cut thread,0,0, A
0,0.0,[],"['Tie of thread on inside', 'Get scissors, needle, button and thread']","Get scissors, needle, button and thread",1,0, A
1,15.384615384615383,"['Get scissors, needle, button and thread']","['Pull the needle until thread is completely on the other side of shirt', 'Find matching thread']",Find matching thread,1,0, A
2,19.230769230769237,"['Get scissors, needle, button and thread', 'Find matching thread']","['Find thread', 'Repeat 4 or 5 times']",Find thread,0,0, A
3,34.61538461538461,"['Get scissors, needle, button and thread', 'Find matching thread', 'Find thread']","['repeat 6 more times', 'Thread a needle with thread that matches shirt that needs a new button.']",Thread a needle with thread that matches shirt that needs a new button.,1,0, A
4,53.84615384615385,"['Get scissors, needle, button and thread', 'Find matching thread', 'Find thread', 'Thread a needle with thread that matches shirt that needs a new button.']","['pull the needle through', 'grab a needle']",pull the needle through,0,0, A
5,80.76923076923077,"['Get scissors, needle, button and thread', 'Find matching thread', 'Find thread', 'Thread a needle with thread that matches shirt that needs a new button.', 'pull the needle through']","['Put thread through needle hole', 'Tie off the end of the thread']",Tie off the end of the thread,1,0, A
6,88.46153846153845,"['Get scissors, needle, button and thread', 'Find matching thread', 'Find thread', 'Thread a needle with thread that matches shirt that needs a new button.', 'pull the needle through', 'Tie off the end of the thread']","['Clean up.', 'Find some thread']",Clean up.,0,0, A
7,92.3076923076923,"['Get scissors, needle, button and thread', 'Find matching thread', 'Find thread', 'Thread a needle with thread that matches shirt that needs a new button.', 'pull the needle through', 'Tie off the end of the thread', 'Clean up.']","['Thread needle with matching thread', 'MAKE SURE BUTTON IS SECURE']",MAKE SURE BUTTON IS SECURE,1,0, A
0,0.0,[],"['Find sewing kit.', 'Cut off excess thread']",Find sewing kit.,0,0, A
1,23.07692307692308,['Find sewing kit.'],"['Sew button into place', 'Get a button.']",Get a button.,1,0, A
2,30.76923076923077,"['Find sewing kit.', 'Get a button.']","['Find placement for new button.', 'cut loose thread']",Find placement for new button.,0,0, A
3,53.84615384615385,"['Find sewing kit.', 'Get a button.', 'Find placement for new button.']","['Get clothing', 'Pull through other end']",Pull through other end,1,0, A
4,76.92307692307693,"['Find sewing kit.', 'Get a button.', 'Find placement for new button.', 'Pull through other end']","['Place button on desired spot on shirt.', 'Repeat for all holes to reinforce']",Repeat for all holes to reinforce,1,0, A
5,80.76923076923077,"['Find sewing kit.', 'Get a button.', 'Find placement for new button.', 'Pull through other end', 'Repeat for all holes to reinforce']","['FIND THE REPLACEMENT BUTTON', 'Tie knot on thread.']",Tie knot on thread.,1,0, A
0,0.0,[],"['Get out sewing kit.', 'Repeat through each button hole']",Get out sewing kit.,0,0, A
1,11.538461538461538,['Get out sewing kit.'],"['Starting from the bottom, poke needle through hole in button', 'Get needle']",Get needle,1,0, A
2,34.61538461538461,"['Get out sewing kit.', 'Get needle']","['Continue until the button is securely on the clothing', 'Thread needle']",Thread needle,1,0, A
3,38.46153846153847,"['Get out sewing kit.', 'Get needle', 'Thread needle']","['Tie knot in thread', 'Tie the thread round in between the garment and button']",Tie knot in thread,0,0, A
4,50.0,"['Get out sewing kit.', 'Get needle', 'Thread needle', 'Tie knot in thread']","['Get out thread', 'Poke hole with needle through button hole and fabric']",Poke hole with needle through button hole and fabric,1,0, A
5,80.76923076923077,"['Get out sewing kit.', 'Get needle', 'Thread needle', 'Tie knot in thread', 'Poke hole with needle through button hole and fabric']","['Thread needle', 'Knot thread']",Knot thread,1,0, A
6,84.61538461538461,"['Get out sewing kit.', 'Get needle', 'Thread needle', 'Tie knot in thread', 'Poke hole with needle through button hole and fabric', 'Knot thread']","['Cut off excess thread', 'Insert thread in needle']",Cut off excess thread,0,0, A
7,88.46153846153845,"['Get out sewing kit.', 'Get needle', 'Thread needle', 'Tie knot in thread', 'Poke hole with needle through button hole and fabric', 'Knot thread', 'Cut off excess thread']","['Put all the items away', 'measure and cut length of thread']",Put all the items away,0,0, A
0,0.0,[],"['Put away needle and thread', 'Gather supplies']",Gather supplies,1,0, A
1,7.6923076923076925,['Gather supplies'],"['Grab thread and needle', 'Break the thread and tie a final knot']",Grab thread and needle,0,0, A
2,23.07692307692308,"['Gather supplies', 'Grab thread and needle']","['Find a button', 'Pass the needle through the second button hole']",Find a button,0,0, A
3,61.53846153846154,"['Gather supplies', 'Grab thread and needle', 'Find a button']","['grab object the button is being sewed', 'Pull thread through']",Pull thread through,1,0, A
4,65.38461538461539,"['Gather supplies', 'Grab thread and needle', 'Find a button', 'Pull thread through']","['Find thread color to match button or item requiring the button', 'Put the needle thorough the back of the button hole.']",Put the needle thorough the back of the button hole.,1,0, A
5,69.23076923076923,"['Gather supplies', 'Grab thread and needle', 'Find a button', 'Pull thread through', 'Put the needle thorough the back of the button hole.']","['Poke needle through opposite hole', 'Find similar button']",Poke needle through opposite hole,0,0, A
0,0.0,[],"['Return the needle through the fabric and through a different button hole', 'Drive to fabric store']",Drive to fabric store,1,0, A
1,19.230769230769237,['Drive to fabric store'],"['Find thread color to match button or item requiring the button', 'Sew the button onto the garment by passing the needle through all 4 button holes.']",Find thread color to match button or item requiring the button,0,0, A
2,23.07692307692308,"['Drive to fabric store', 'Find thread color to match button or item requiring the button']","['Take a matching button', 'Tie knot in thread']",Take a matching button,0,0, A
3,30.76923076923077,"['Drive to fabric store', 'Find thread color to match button or item requiring the button', 'Take a matching button']","['Put the button up to the garment', 'Find sewing kit.']",Put the button up to the garment,0,0, A
4,61.53846153846154,"['Drive to fabric store', 'Find thread color to match button or item requiring the button', 'Take a matching button', 'Put the button up to the garment']","['break the thread', 'Thread one hole with the needle']",Thread one hole with the needle,1,0, A
5,76.92307692307693,"['Drive to fabric store', 'Find thread color to match button or item requiring the button', 'Take a matching button', 'Put the button up to the garment', 'Thread one hole with the needle']","['Repeat 5 times with other two button holes', 'gathering thread']",Repeat 5 times with other two button holes,0,0, A
6,84.61538461538461,"['Drive to fabric store', 'Find thread color to match button or item requiring the button', 'Take a matching button', 'Put the button up to the garment', 'Thread one hole with the needle', 'Repeat 5 times with other two button holes']","['Look through sewing kit for a button that matches clothing.', 'Cut off excess thread']",Cut off excess thread,1,0, A
7,88.46153846153845,"['Drive to fabric store', 'Find thread color to match button or item requiring the button', 'Take a matching button', 'Put the button up to the garment', 'Thread one hole with the needle', 'Repeat 5 times with other two button holes', 'Cut off excess thread']","['Put button on shirt.', 'Put away thread and needle']",Put away thread and needle,1,0, A
8,92.3076923076923,"['Drive to fabric store', 'Find thread color to match button or item requiring the button', 'Take a matching button', 'Put the button up to the garment', 'Thread one hole with the needle', 'Repeat 5 times with other two button holes', 'Cut off excess thread', 'Put away thread and needle']","['Place the button at right place', 'Check the button']",Check the button,1,0, A
0,0.0,[],"['Get out sewing kit.', 'Do this several times until the button is secure']",Get out sewing kit.,0,0, A
1,11.538461538461538,['Get out sewing kit.'],"['Get the needle', 'Thread the opposite diagonal hole with the needle and tighten the string']",Get the needle,0,0, A
2,15.384615384615383,"['Get out sewing kit.', 'Get the needle']","['Select thread of correct color', 'Cross over to perpendicular hole, push needle back through']",Select thread of correct color,0,0, A
3,23.07692307692308,"['Get out sewing kit.', 'Get the needle', 'Select thread of correct color']","['Cross over to perpendicular hole, push needle back through', 'Find a button']",Find a button,1,0, A
4,26.923076923076923,"['Get out sewing kit.', 'Get the needle', 'Select thread of correct color', 'Find a button']","['Remove the old button', 'Pass the needle through the second button hole']",Remove the old button,0,0, A
5,30.76923076923077,"['Get out sewing kit.', 'Get the needle', 'Select thread of correct color', 'Find a button', 'Remove the old button']","['Place button on fabric', 'Snip excess thread off']",Place button on fabric,0,0, A
6,50.0,"['Get out sewing kit.', 'Get the needle', 'Select thread of correct color', 'Find a button', 'Remove the old button', 'Place button on fabric']","['Push needle through the button holes', 'Get a needle']",Push needle through the button holes,0,0, A
7,61.53846153846154,"['Get out sewing kit.', 'Get the needle', 'Select thread of correct color', 'Find a button', 'Remove the old button', 'Place button on fabric', 'Push needle through the button holes']","['take needle bring up through the back of the item', 'put back all the materials']",take needle bring up through the back of the item,0,0, A
8,65.38461538461539,"['Get out sewing kit.', 'Get the needle', 'Select thread of correct color', 'Find a button', 'Remove the old button', 'Place button on fabric', 'Push needle through the button holes', 'take needle bring up through the back of the item']","['Thread needle', 'Then push needle through material']",Then push needle through material,1,0, A
9,76.92307692307693,"['Get out sewing kit.', 'Get the needle', 'Select thread of correct color', 'Find a button', 'Remove the old button', 'Place button on fabric', 'Push needle through the button holes', 'take needle bring up through the back of the item', 'Then push needle through material']","[""Repeat until it's stable"", 'Get button']",Repeat until it's stable,0,0, A
0,0.0,[],"['put sewing kit away', 'Get out sewing kit.']",Get out sewing kit.,1,0, A
1,34.61538461538461,['Get out sewing kit.'],"['Get a thimble', 'threading the needle']",threading the needle,1,0, A
2,88.46153846153845,"['Get out sewing kit.', 'threading the needle']","['Get out needle', 'Put away thread and needle']",Put away thread and needle,1,0, A
0,0.0,[],"['Get the sewing kit.', 'put the needle in and out through the holes']",Get the sewing kit.,0,0, A
1,19.230769230769237,['Get the sewing kit.'],"['Purchase thread', 'knot thread']",Purchase thread,0,0, A
2,26.923076923076923,"['Get the sewing kit.', 'Purchase thread']","['Cut loose ends', 'Grab the garment that you would like to sew the button to.']",Grab the garment that you would like to sew the button to.,1,0, A
3,50.0,"['Get the sewing kit.', 'Purchase thread', 'Grab the garment that you would like to sew the button to.']","['push needle through button and shirt', 'break the thread']",push needle through button and shirt,0,0, A
4,53.84615384615385,"['Get the sewing kit.', 'Purchase thread', 'Grab the garment that you would like to sew the button to.', 'push needle through button and shirt']","['Use the needle to guide the thread', 'Prepare garment for sewing']",Use the needle to guide the thread,0,0, A
5,61.53846153846154,"['Get the sewing kit.', 'Purchase thread', 'Grab the garment that you would like to sew the button to.', 'push needle through button and shirt', 'Use the needle to guide the thread']","['Get sewing kit', 'Thread one hole with the needle']",Thread one hole with the needle,1,0, A
6,80.76923076923077,"['Get the sewing kit.', 'Purchase thread', 'Grab the garment that you would like to sew the button to.', 'push needle through button and shirt', 'Use the needle to guide the thread', 'Thread one hole with the needle']","['Tie off the thread on the underside of the garment', 'Hold button in place on clothing.']",Tie off the thread on the underside of the garment,0,0, A
7,84.61538461538461,"['Get the sewing kit.', 'Purchase thread', 'Grab the garment that you would like to sew the button to.', 'push needle through button and shirt', 'Use the needle to guide the thread', 'Thread one hole with the needle', 'Tie off the thread on the underside of the garment']","['Get thread.', 'Snip excess thread off']",Snip excess thread off,1,0, A
0,0.0,[],"['repeat steps 4-5 until button is secured to shirt', 'Drive to fabric store']",Drive to fabric store,1,0, A
1,19.230769230769237,['Drive to fabric store'],"['Cut length of thread', 'Find thread color to match button or item requiring the button']",Find thread color to match button or item requiring the button,1,0, A
2,34.61538461538461,"['Drive to fabric store', 'Find thread color to match button or item requiring the button']","['Cut thread.', 'Thread the needle']",Thread the needle,1,0, A
3,53.84615384615385,"['Drive to fabric store', 'Find thread color to match button or item requiring the button', 'Thread the needle']","['Get a needle.', 'With other hand, push needle through button hole']","With other hand, push needle through button hole",1,0, A
4,84.61538461538461,"['Drive to fabric store', 'Find thread color to match button or item requiring the button', 'Thread the needle', 'With other hand, push needle through button hole']","['Thread the needle', 'Cut thread']",Cut thread,1,0, A
5,88.46153846153845,"['Drive to fabric store', 'Find thread color to match button or item requiring the button', 'Thread the needle', 'With other hand, push needle through button hole', 'Cut thread']","['Put away needle and thread', 'Put needle and thread through shirt']",Put away needle and thread,0,0, A
6,92.3076923076923,"['Drive to fabric store', 'Find thread color to match button or item requiring the button', 'Thread the needle', 'With other hand, push needle through button hole', 'Cut thread', 'Put away needle and thread']","['Check if the button is tight', 'Get some thread.']",Check if the button is tight,0,0, A
0,0.0,[],"['Gather supplies', 'Tie a knot in the end of thread']",Gather supplies,0,0, A
1,26.923076923076923,['Gather supplies'],"['repeat 6 more times', 'Place item on flat surface']",Place item on flat surface,1,0, A
2,34.61538461538461,"['Gather supplies', 'Place item on flat surface']","['threading the needle', 'Wrap the thread']",threading the needle,0,0, A
3,88.46153846153845,"['Gather supplies', 'Place item on flat surface', 'threading the needle']","['put the supplies away', 'Get needle.']",put the supplies away,0,0, A
0,0.0,[],"['Get out sewing kit.', 'Tie knot in thread']",Get out sewing kit.,0,0, A
1,23.07692307692308,['Get out sewing kit.'],"['Find a button', 'Cut off any excess thread.']",Find a button,0,0, A
2,30.76923076923077,"['Get out sewing kit.', 'Find a button']","['Find placement for new button.', 'tug to make sure it is secure']",Find placement for new button.,0,0, A
3,34.61538461538461,"['Get out sewing kit.', 'Find a button', 'Find placement for new button.']","['Tie end in a knot', 'Thread needle.']",Thread needle.,1,0, A
4,42.30769230769231,"['Get out sewing kit.', 'Find a button', 'Find placement for new button.', 'Thread needle.']","['Cut about 16 inches worth of thread.', 'Tie off thread']",Cut about 16 inches worth of thread.,0,0, A
5,61.53846153846154,"['Get out sewing kit.', 'Find a button', 'Find placement for new button.', 'Thread needle.', 'Cut about 16 inches worth of thread.']","['Cut a length of thread more than double what you will need', 'Insert needle through one side of button']",Insert needle through one side of button,1,0, A
6,80.76923076923077,"['Get out sewing kit.', 'Find a button', 'Find placement for new button.', 'Thread needle.', 'Cut about 16 inches worth of thread.', 'Insert needle through one side of button']","['Tie knot on thread.', 'Get garment which you would like to sew button on to.']",Tie knot on thread.,0,0, A
7,84.61538461538461,"['Get out sewing kit.', 'Find a button', 'Find placement for new button.', 'Thread needle.', 'Cut about 16 inches worth of thread.', 'Insert needle through one side of button', 'Tie knot on thread.']","['Get a needle', 'Cut off the extra thread']",Cut off the extra thread,1,0, A
0,0.0,[],"['Thread the needle', 'Drive to fabric store']",Drive to fabric store,1,0, A
1,19.230769230769237,['Drive to fabric store'],"['Get thread.', 'Continue until the button is securely on the clothing']",Get thread.,0,0, A
2,34.61538461538461,"['Drive to fabric store', 'Get thread.']","['Thread needle', 'Get back the needle through the third button hole']",Thread needle,0,0, A
3,61.53846153846154,"['Drive to fabric store', 'Get thread.', 'Thread needle']","['Get some thread.', 'push the needle through the button']",push the needle through the button,1,0, A
4,76.92307692307693,"['Drive to fabric store', 'Get thread.', 'Thread needle', 'push the needle through the button']","['Get needle and thread', 'stitching the button on']",stitching the button on,1,0, A
5,80.76923076923077,"['Drive to fabric store', 'Get thread.', 'Thread needle', 'push the needle through the button', 'stitching the button on']","['Tie off the end of the thread', 'Get out thread']",Tie off the end of the thread,0,0, A
6,88.46153846153845,"['Drive to fabric store', 'Get thread.', 'Thread needle', 'push the needle through the button', 'stitching the button on', 'Tie off the end of the thread']","['put items away when done', 'Insert the needle into the button hole']",put items away when done,0,0, A
7,92.3076923076923,"['Drive to fabric store', 'Get thread.', 'Thread needle', 'push the needle through the button', 'stitching the button on', 'Tie off the end of the thread', 'put items away when done']","['Check new button', 'Get needle']",Check new button,0,0, A
0,0.0,[],"['Repeat several times until button is secure', 'Get sewing kit']",Get sewing kit,1,0, A
1,19.230769230769237,['Get sewing kit'],"['Place needle through button eyelets.', 'Select thread']",Select thread,1,0, A
2,30.76923076923077,"['Get sewing kit', 'Select thread']","['Tie the thread round in between the garment and button', 'Line the button up in the place where the old one would have been']",Line the button up in the place where the old one would have been,1,0, A
3,34.61538461538461,"['Get sewing kit', 'Select thread', 'Line the button up in the place where the old one would have been']","['Cut off remaining thread', 'Thread a needle.']",Thread a needle.,1,0, A
4,53.84615384615385,"['Get sewing kit', 'Select thread', 'Line the button up in the place where the old one would have been', 'Thread a needle.']","['pass needle through needle hole in button', 'Get proper button']",pass needle through needle hole in button,0,0, A
5,57.692307692307686,"['Get sewing kit', 'Select thread', 'Line the button up in the place where the old one would have been', 'Thread a needle.', 'pass needle through needle hole in button']","['Insert needle through first side of button (step 3)', 'thread needle']",Insert needle through first side of button (step 3),0,0, A
0,0.0,[],"['Get button, thread, needle and scissors', 'put the supplies away']","Get button, thread, needle and scissors",0,0, A
1,7.6923076923076925,"['Get button, thread, needle and scissors']","['sew the button on carefully', 'find needle and thread']",find needle and thread,1,0, A
2,11.538461538461538,"['Get button, thread, needle and scissors', 'find needle and thread']","['Find a needle', 'Tie off the thread']",Find a needle,0,0, A
3,15.384615384615383,"['Get button, thread, needle and scissors', 'find needle and thread', 'Find a needle']","['put needle with thread into clothes', 'Find right color string']",Find right color string,1,0, A
4,30.76923076923077,"['Get button, thread, needle and scissors', 'find needle and thread', 'Find a needle', 'Find right color string']","['Place button on item', 'tie a knot at the end of the string']",Place button on item,0,0, A
5,34.61538461538461,"['Get button, thread, needle and scissors', 'find needle and thread', 'Find a needle', 'Find right color string', 'Place button on item']","['Cut loose ends', 'Thread needle.']",Thread needle.,1,0, A
6,53.84615384615385,"['Get button, thread, needle and scissors', 'find needle and thread', 'Find a needle', 'Find right color string', 'Place button on item', 'Thread needle.']","['Run needle and thread through button hole and fabric hole', 'Remove the old button']",Run needle and thread through button hole and fabric hole,0,0, A
7,57.692307692307686,"['Get button, thread, needle and scissors', 'find needle and thread', 'Find a needle', 'Find right color string', 'Place button on item', 'Thread needle.', 'Run needle and thread through button hole and fabric hole']","['Put needle through button and clothing.', 'Find button to be sewn']",Put needle through button and clothing.,0,0, A
0,0.0,[],"['Get your sewing kit', 'Get clothes']",Get your sewing kit,0,0, A
1,23.07692307692308,['Get your sewing kit'],"['FIND THE REPLACEMENT BUTTON', 'Make a knot']",FIND THE REPLACEMENT BUTTON,0,0, A
2,34.61538461538461,"['Get your sewing kit', 'FIND THE REPLACEMENT BUTTON']","['Tie off the thread', 'Fix the thread in the needle']",Fix the thread in the needle,1,0, A
3,50.0,"['Get your sewing kit', 'FIND THE REPLACEMENT BUTTON', 'Fix the thread in the needle']","['Find a needle', 'push the needle through the fabric']",push the needle through the fabric,1,0, A
4,76.92307692307693,"['Get your sewing kit', 'FIND THE REPLACEMENT BUTTON', 'Fix the thread in the needle', 'push the needle through the fabric']","['carefully cut off old button if exists', 'Repeat procedure until button is secure']",Repeat procedure until button is secure,1,0, A
5,84.61538461538461,"['Get your sewing kit', 'FIND THE REPLACEMENT BUTTON', 'Fix the thread in the needle', 'push the needle through the fabric', 'Repeat procedure until button is secure']","['Cut length of thread', 'Ending again in the back of the garment cut off the thread.']",Ending again in the back of the garment cut off the thread.,1,0, A
6,88.46153846153845,"['Get your sewing kit', 'FIND THE REPLACEMENT BUTTON', 'Fix the thread in the needle', 'push the needle through the fabric', 'Repeat procedure until button is secure', 'Ending again in the back of the garment cut off the thread.']","['Put away thread and needle', 'Align the button on the correct place on the cloth']",Put away thread and needle,0,0, A
0,0.0,[],"['Drive to fabric store', 'Snip excess thread off']",Drive to fabric store,0,0, A
1,19.230769230769237,['Drive to fabric store'],"['Clean up.', 'Find a thread']",Find a thread,1,0, A
2,30.76923076923077,"['Drive to fabric store', 'Find a thread']","['Cut thread.', 'Place new button where I want it to go']",Place new button where I want it to go,1,0, A
3,61.53846153846154,"['Drive to fabric store', 'Find a thread', 'Place new button where I want it to go']","['Pull thread through', 'Cut the thread near the needle to finish']",Pull thread through,0,0, A
4,65.38461538461539,"['Drive to fabric store', 'Find a thread', 'Place new button where I want it to go', 'Pull thread through']","['get thread and needle', 'pull needle through to knot']",pull needle through to knot,1,0, A
5,69.23076923076923,"['Drive to fabric store', 'Find a thread', 'Place new button where I want it to go', 'Pull thread through', 'pull needle through to knot']","['Sew through the diagonal hole of the button and the garment.', 'Get a needle']",Sew through the diagonal hole of the button and the garment.,0,0, A
0,0.0,[],"['Get out sewing kit.', 'Cut off excess thread']",Get out sewing kit.,0,0, A
1,7.6923076923076925,['Get out sewing kit.'],"['Find a needle and thread', 'Continue until the button is on tight']",Find a needle and thread,0,0, A
2,34.61538461538461,"['Get out sewing kit.', 'Find a needle and thread']","['Cut loose ends', 'Thread needle']",Thread needle,1,0, A
3,46.15384615384615,"['Get out sewing kit.', 'Find a needle and thread', 'Thread needle']","['moving the needle in and out of the button holes', 'Prepare needle and thread.']",moving the needle in and out of the button holes,0,0, A
4,50.0,"['Get out sewing kit.', 'Find a needle and thread', 'Thread needle', 'moving the needle in and out of the button holes']","['Insert the thread through the button', 'Grab the fabric and button']",Insert the thread through the button,0,0, A
5,76.92307692307693,"['Get out sewing kit.', 'Find a needle and thread', 'Thread needle', 'moving the needle in and out of the button holes', 'Insert the thread through the button']","['Choose thread color', 'Continue until the button is on tight']",Continue until the button is on tight,1,0, A
0,0.0,[],"['Gather supplies', 'sew button into fabric making sure stitches are secure']",Gather supplies,0,0, A
1,26.923076923076923,['Gather supplies'],"['grab object the button is being sewed', 'Place button close to clothing.']",grab object the button is being sewed,0,0, A
2,34.61538461538461,"['Gather supplies', 'grab object the button is being sewed']","['Put one end of thread through the eye of the needle.', 'Continue crisscrossing thread between holes of button until button is tight.']",Put one end of thread through the eye of the needle.,0,0, A
3,38.46153846153847,"['Gather supplies', 'grab object the button is being sewed', 'Put one end of thread through the eye of the needle.']","['Drive to fabric store', 'Tie a knot in the end of thread']",Tie a knot in the end of thread,1,0, A
4,50.0,"['Gather supplies', 'grab object the button is being sewed', 'Put one end of thread through the eye of the needle.', 'Tie a knot in the end of thread']","['Put away needle and thread', 'Push needle through the button holes']",Push needle through the button holes,1,0, A
5,53.84615384615385,"['Gather supplies', 'grab object the button is being sewed', 'Put one end of thread through the eye of the needle.', 'Tie a knot in the end of thread', 'Push needle through the button holes']","['grab a needle', 'Use the needle to guide the thread']",Use the needle to guide the thread,1,0, A
0,0.0,[],"['get thread, needle, button to be sewn', 'Tie off thread']","get thread, needle, button to be sewn",0,0, A
1,30.76923076923077,"['get thread, needle, button to be sewn']","['Take button and put it on shirt where you want it', 'cut thread']",Take button and put it on shirt where you want it,0,0, A
2,50.0,"['get thread, needle, button to be sewn', 'Take button and put it on shirt where you want it']","['Pick a needle', 'Push needle through button and fabric.']",Push needle through button and fabric.,1,0, A
3,65.38461538461539,"['get thread, needle, button to be sewn', 'Take button and put it on shirt where you want it', 'Push needle through button and fabric.']","['Get a shirt.', 'Pull needle and thread']",Pull needle and thread,1,0, A
4,76.92307692307693,"['get thread, needle, button to be sewn', 'Take button and put it on shirt where you want it', 'Push needle through button and fabric.', 'Pull needle and thread']","['Thread the needle', 'repeat until button is secure']",repeat until button is secure,1,0, A
5,80.76923076923077,"['get thread, needle, button to be sewn', 'Take button and put it on shirt where you want it', 'Push needle through button and fabric.', 'Pull needle and thread', 'repeat until button is secure']","['Knot the ends of the thread together.', 'Tie knot in thread']",Tie knot in thread,1,0, A
0,0.0,[],"['Get sewing kit', 'Secure the button with a knot']",Get sewing kit,0,0, A
1,23.07692307692308,['Get sewing kit'],"['Sew button onto item', 'Select a button']",Select a button,1,0, A
2,30.76923076923077,"['Get sewing kit', 'Select a button']","['Place button on fabric', 'MAKE SURE BUTTON IS SECURE']",Place button on fabric,0,0, A
3,46.15384615384615,"['Get sewing kit', 'Select a button', 'Place button on fabric']","['With needle and thread push needle through cloth and through button hole', 'Find button']",With needle and thread push needle through cloth and through button hole,0,0, A
4,88.46153846153845,"['Get sewing kit', 'Select a button', 'Place button on fabric', 'With needle and thread push needle through cloth and through button hole']","['put the supplies away', 'Place button on fabric and hold with thumb and index finger']",put the supplies away,0,0, A
5,92.3076923076923,"['Get sewing kit', 'Select a button', 'Place button on fabric', 'With needle and thread push needle through cloth and through button hole', 'put the supplies away']","['Check new button', 'Place button where you want it.']",Check new button,0,0, A
0,0.0,[],"['Drive to fabric store', 'Pull through other end']",Drive to fabric store,0,0, A
1,19.230769230769237,['Drive to fabric store'],"['Keep sewing until the button is secure.', 'Purchase thread']",Purchase thread,1,0, A
2,23.07692307692308,"['Drive to fabric store', 'Purchase thread']","['find button', 'cut thread']",find button,0,0, A
3,26.923076923076923,"['Drive to fabric store', 'Purchase thread', 'find button']","['carefully cut off old button if exists', 'Repeat this until the button is secure']",carefully cut off old button if exists,0,0, A
4,30.76923076923077,"['Drive to fabric store', 'Purchase thread', 'find button', 'carefully cut off old button if exists']","['Continue sewing in an X pattern until the button is secure.', 'Line the button back into place']",Line the button back into place,1,0, A
5,34.61538461538461,"['Drive to fabric store', 'Purchase thread', 'find button', 'carefully cut off old button if exists', 'Line the button back into place']","['Put thread in needle', 'Sew button through third hole']",Put thread in needle,0,0, A
6,42.30769230769231,"['Drive to fabric store', 'Purchase thread', 'find button', 'carefully cut off old button if exists', 'Line the button back into place', 'Put thread in needle']","['Cut away old strings', 'Pick thread to use']",Cut away old strings,0,0, A
7,46.15384615384615,"['Drive to fabric store', 'Purchase thread', 'find button', 'carefully cut off old button if exists', 'Line the button back into place', 'Put thread in needle', 'Cut away old strings']","['Sew on button', 'gathering thread']",Sew on button,0,0, A
8,61.53846153846154,"['Drive to fabric store', 'Purchase thread', 'find button', 'carefully cut off old button if exists', 'Line the button back into place', 'Put thread in needle', 'Cut away old strings', 'Sew on button']","['Find a piece of clothing.', 'Push needle through first hole']",Push needle through first hole,1,0, A
9,80.76923076923077,"['Drive to fabric store', 'Purchase thread', 'find button', 'carefully cut off old button if exists', 'Line the button back into place', 'Put thread in needle', 'Cut away old strings', 'Sew on button', 'Push needle through first hole']","['tie a knot at the end of the string', 'pull the thread through the eye of needle']",tie a knot at the end of the string,0,0, A
10,88.46153846153845,"['Drive to fabric store', 'Purchase thread', 'find button', 'carefully cut off old button if exists', 'Line the button back into place', 'Put thread in needle', 'Cut away old strings', 'Sew on button', 'Push needle through first hole', 'tie a knot at the end of the string']","['Get needle and thread', 'Put needle and thread back in drawer']",Put needle and thread back in drawer,1,0, A
11,92.3076923076923,"['Drive to fabric store', 'Purchase thread', 'find button', 'carefully cut off old button if exists', 'Line the button back into place', 'Put thread in needle', 'Cut away old strings', 'Sew on button', 'Push needle through first hole', 'tie a knot at the end of the string', 'Put needle and thread back in drawer']","['tie the thread to the sewing needle', 'Check new button']",Check new button,1,0, A
0,0.0,[],"['get sewing kit', 'Put thread through needle.']",get sewing kit,0,0, A
1,23.07692307692308,['get sewing kit'],"['repeat until button is secure', 'Find replacement button.']",Find replacement button.,1,0, A
2,34.61538461538461,"['get sewing kit', 'Find replacement button.']","['Get back the needle through the fourth button hole', 'Thread needle']",Thread needle,1,0, A
3,61.53846153846154,"['get sewing kit', 'Find replacement button.', 'Thread needle']","['Find needle', 'Starting from the bottom, poke needle through hole in button']","Starting from the bottom, poke needle through hole in button",1,0, A
4,80.76923076923077,"['get sewing kit', 'Find replacement button.', 'Thread needle', 'Starting from the bottom, poke needle through hole in button']","['Place button on item', 'tie off the thread']",tie off the thread,1,0, A
0,0.0,[],"['Cut length of thread', 'Drive to fabric store']",Drive to fabric store,1,0, A
1,19.230769230769237,['Drive to fabric store'],"['Get thread.', 'Repeat until button is tight']",Get thread.,0,0, A
2,34.61538461538461,"['Drive to fabric store', 'Get thread.']","['Tie the end of the string so it will not unravel', 'Place the thread through the needle']",Place the thread through the needle,1,0, A
3,50.0,"['Drive to fabric store', 'Get thread.', 'Place the thread through the needle']","['Insert the needle from the bottom where the button is to be sewn', 'Cut.']",Insert the needle from the bottom where the button is to be sewn,0,0, A
4,61.53846153846154,"['Drive to fabric store', 'Get thread.', 'Place the thread through the needle', 'Insert the needle from the bottom where the button is to be sewn']","['Prepare needle and thread.', 'Pass the needle through one of the button holes']",Pass the needle through one of the button holes,1,0, A
5,65.38461538461539,"['Drive to fabric store', 'Get thread.', 'Place the thread through the needle', 'Insert the needle from the bottom where the button is to be sewn', 'Pass the needle through one of the button holes']","['Put thread through needle hole', 'Then push needle through material']",Then push needle through material,1,0, A
6,76.92307692307693,"['Drive to fabric store', 'Get thread.', 'Place the thread through the needle', 'Insert the needle from the bottom where the button is to be sewn', 'Pass the needle through one of the button holes', 'Then push needle through material']","['Get needle', 'Continue to loop the needle and thread through the button holes.']",Continue to loop the needle and thread through the button holes.,1,0, A
7,80.76923076923077,"['Drive to fabric store', 'Get thread.', 'Place the thread through the needle', 'Insert the needle from the bottom where the button is to be sewn', 'Pass the needle through one of the button holes', 'Then push needle through material', 'Continue to loop the needle and thread through the button holes.']","['Break the thread and tie a final knot', 'Take a matching button']",Break the thread and tie a final knot,0,0, A
8,84.61538461538461,"['Drive to fabric store', 'Get thread.', 'Place the thread through the needle', 'Insert the needle from the bottom where the button is to be sewn', 'Pass the needle through one of the button holes', 'Then push needle through material', 'Continue to loop the needle and thread through the button holes.', 'Break the thread and tie a final knot']","['Put the button up to the garment', 'Cut thread']",Cut thread,1,0, A
0,0.0,[],"['Get the sewing kit.', 'Push needle through back of clothes and through hole of button']",Get the sewing kit.,0,0, A
1,23.07692307692308,['Get the sewing kit.'],"['Put needle through button and clothing.', 'Find button']",Find button,1,0, A
2,34.61538461538461,"['Get the sewing kit.', 'Find button']","['Thread the needle', 'knot thread']",Thread the needle,0,0, A
3,50.0,"['Get the sewing kit.', 'Find button', 'Thread the needle']","['Push needle through button and fabric.', 'Find right color string']",Push needle through button and fabric.,0,0, A
4,61.53846153846154,"['Get the sewing kit.', 'Find button', 'Thread the needle', 'Push needle through button and fabric.']","['Holding button at appropriate location, press needle through first hole on button.', 'cut thread from button']","Holding button at appropriate location, press needle through first hole on button.",0,0, A
5,80.76923076923077,"['Get the sewing kit.', 'Find button', 'Thread the needle', 'Push needle through button and fabric.', 'Holding button at appropriate location, press needle through first hole on button.']","['Get a piece of clothing.', 'Repeat to make loop and knot it.']",Repeat to make loop and knot it.,1,0, A
6,84.61538461538461,"['Get the sewing kit.', 'Find button', 'Thread the needle', 'Push needle through button and fabric.', 'Holding button at appropriate location, press needle through first hole on button.', 'Repeat to make loop and knot it.']","['Get thread and needle', 'Cut thread']",Cut thread,1,0, A
0,0.0,[],"['Thread a needle.', 'Drive to fabric store']",Drive to fabric store,1,0, A
1,19.230769230769237,['Drive to fabric store'],"['Push the needle through one button hole and back out another hole', 'Find thread']",Find thread,1,0, A
2,30.76923076923077,"['Drive to fabric store', 'Find thread']","['Tie another knot at the end of the thread.', 'Put button in proper place']",Put button in proper place,1,0, A
3,53.84615384615385,"['Drive to fabric store', 'Find thread', 'Put button in proper place']","['Put supplies away', 'Pull through other end']",Pull through other end,1,0, A
4,84.61538461538461,"['Drive to fabric store', 'Find thread', 'Put button in proper place', 'Pull through other end']","['Thread the needle', 'Cut away any extra string']",Cut away any extra string,1,0, A
5,88.46153846153845,"['Drive to fabric store', 'Find thread', 'Put button in proper place', 'Pull through other end', 'Cut away any extra string']","['put back all the materials', 'Get button']",put back all the materials,0,0, A
0,0.0,[],"['Drive to fabric store', 'Tie off the end of the thread']",Drive to fabric store,0,0, A
1,19.230769230769237,['Drive to fabric store'],"['Use needle and thread to sew button', 'Cut a length of thread more than double what you will need']",Cut a length of thread more than double what you will need,1,0, A
2,34.61538461538461,"['Drive to fabric store', 'Cut a length of thread more than double what you will need']","['Put one end of thread through the eye of the needle.', 'Grab the fabric and button']",Put one end of thread through the eye of the needle.,0,0, A
3,61.53846153846154,"['Drive to fabric store', 'Cut a length of thread more than double what you will need', 'Put one end of thread through the eye of the needle.']","['Starting from the bottom, poke needle through hole in button', 'Get item that needs a button']","Starting from the bottom, poke needle through hole in button",0,0, A
4,76.92307692307693,"['Drive to fabric store', 'Cut a length of thread more than double what you will need', 'Put one end of thread through the eye of the needle.', 'Starting from the bottom, poke needle through hole in button']","['repeat steps 4-5 until button is secured to shirt', 'Find a needle']",repeat steps 4-5 until button is secured to shirt,0,0, A
0,0.0,[],"['Get the sewing kit.', 'Put needle and thread back in drawer']",Get the sewing kit.,0,0, A
1,19.230769230769237,['Get the sewing kit.'],"['Take thread from sewing kit', 'Pull through other side.']",Take thread from sewing kit,0,0, A
2,30.76923076923077,"['Get the sewing kit.', 'Take thread from sewing kit']","['Tie the thread so the button will not come loose', 'Place button onto item of clothing']",Place button onto item of clothing,1,0, A
3,46.15384615384615,"['Get the sewing kit.', 'Take thread from sewing kit', 'Place button onto item of clothing']","['Pull out a length of thread.', 'Push needle through fabric and button hole']",Push needle through fabric and button hole,1,0, A
4,88.46153846153845,"['Get the sewing kit.', 'Take thread from sewing kit', 'Place button onto item of clothing', 'Push needle through fabric and button hole']","['Put the needle and thread away', 'carefully cut off old button if exists']",Put the needle and thread away,0,0, A
5,92.3076923076923,"['Get the sewing kit.', 'Take thread from sewing kit', 'Place button onto item of clothing', 'Push needle through fabric and button hole', 'Put the needle and thread away']","['MAKE SURE BUTTON IS SECURE', 'Take a button']",MAKE SURE BUTTON IS SECURE,0,0, A
0,0.0,[],"['cut loose thread', 'Get sewing kit']",Get sewing kit,1,0, A
1,34.61538461538461,['Get sewing kit'],"['Thread needle.', 'get thread, needle, button to be sewn']",Thread needle.,0,0, A
2,50.0,"['Get sewing kit', 'Thread needle.']","['Put thread through needle.', 'Get out sewing kit.']",Put thread through needle.,0,0, A
3,80.76923076923077,"['Get sewing kit', 'Thread needle.', 'Put thread through needle.']","['Knot thread', 'Put thread end through eye of needle']",Knot thread,0,0, A
4,88.46153846153845,"['Get sewing kit', 'Thread needle.', 'Put thread through needle.', 'Knot thread']","['Put needle away', 'put the needle into the fabric']",Put needle away,0,0, A
5,92.3076923076923,"['Get sewing kit', 'Thread needle.', 'Put thread through needle.', 'Knot thread', 'Put needle away']","['Check if the button is tight', 'Place button on shirt']",Check if the button is tight,0,0, A
0,0.0,[],"[""TIE A KNOT IN THE END OF THE THREAD SO THE BUTTON DOESN'T COME OFF"", 'Get sewing basket']",Get sewing basket,1,0, A
1,7.6923076923076925,['Get sewing basket'],"['Grab a needle and thread', 'Poke a hole in the fabric']",Grab a needle and thread,0,0, A
2,26.923076923076923,"['Get sewing basket', 'Grab a needle and thread']","['Get the item of clothing the button is to go on', 'Use scissors to cut thread']",Get the item of clothing the button is to go on,0,0, A
3,30.76923076923077,"['Get sewing basket', 'Grab a needle and thread', 'Get the item of clothing the button is to go on']","['cut remaining thread away', 'Place the button on the cloth']",Place the button on the cloth,1,0, A
4,50.0,"['Get sewing basket', 'Grab a needle and thread', 'Get the item of clothing the button is to go on', 'Place the button on the cloth']","['Poke hole with needle through button hole and fabric', 'Take out thread and needle']",Poke hole with needle through button hole and fabric,0,0, A
5,53.84615384615385,"['Get sewing basket', 'Grab a needle and thread', 'Get the item of clothing the button is to go on', 'Place the button on the cloth', 'Poke hole with needle through button hole and fabric']","['Pull thread through and secure button', 'Find right color string']",Pull thread through and secure button,0,0, A
0,0.0,[],"['Sew the button on the cloth using the needle', 'Get out needle, thread, button, and clothing item.']","Get out needle, thread, button, and clothing item.",1,0, A
1,30.76923076923077,"['Get out needle, thread, button, and clothing item.']","['Align button', 'Use scissors to cut thread']",Align button,0,0, A
2,50.0,"['Get out needle, thread, button, and clothing item.', 'Align button']","['Get a needle and thread.', 'Stick the needle through']",Stick the needle through,1,0, A
3,61.53846153846154,"['Get out needle, thread, button, and clothing item.', 'Align button', 'Stick the needle through']","['Thread one hole with the needle', 'take the needle and matching thread']",Thread one hole with the needle,0,0, A
4,76.92307692307693,"['Get out needle, thread, button, and clothing item.', 'Align button', 'Stick the needle through', 'Thread one hole with the needle']","['Find a piece of clothing.', 'Repeat steps 4 through 6 about 30 times']",Repeat steps 4 through 6 about 30 times,1,0, A
5,84.61538461538461,"['Get out needle, thread, button, and clothing item.', 'Align button', 'Stick the needle through', 'Thread one hole with the needle', 'Repeat steps 4 through 6 about 30 times']","['break the thread', 'Get thread.']",break the thread,0,0, A
6,88.46153846153845,"['Get out needle, thread, button, and clothing item.', 'Align button', 'Stick the needle through', 'Thread one hole with the needle', 'Repeat steps 4 through 6 about 30 times', 'break the thread']","['Get a replacement button.', 'Clean up.']",Clean up.,1,0, A
0,0.0,[],"['Gather supplies', 'Push thread through needle and tie in a knot']",Gather supplies,0,0, A
1,30.76923076923077,['Gather supplies'],"['Wrap the thread', 'Place button on shirt']",Place button on shirt,1,0, A
2,50.0,"['Gather supplies', 'Place button on shirt']","['Insert the needle from the bottom where the button is to be sewn', 'Cut thread from spindle']",Insert the needle from the bottom where the button is to be sewn,0,0, A
3,53.84615384615385,"['Gather supplies', 'Place button on shirt', 'Insert the needle from the bottom where the button is to be sewn']","['Get some thread', 'Pull thread through and secure button']",Pull thread through and secure button,1,0, A
4,80.76923076923077,"['Gather supplies', 'Place button on shirt', 'Insert the needle from the bottom where the button is to be sewn', 'Pull thread through and secure button']","['Get thread', 'Tie of thread on inside']",Tie of thread on inside,1,0, A
0,0.0,[],"['repeat the same way', 'Take out sewing kit']",Take out sewing kit,1,0, A
1,7.6923076923076925,['Take out sewing kit'],"['Find some thread and needle', 'Then push needle through material']",Find some thread and needle,0,0, A
2,34.61538461538461,"['Take out sewing kit', 'Find some thread and needle']","['Put thread in needle', 'Tie off your thread.']",Put thread in needle,0,0, A
3,53.84615384615385,"['Take out sewing kit', 'Find some thread and needle', 'Put thread in needle']","['Take the cloth to be sewed', 'Run needle and thread through button hole and fabric hole']",Run needle and thread through button hole and fabric hole,1,0, A
4,61.53846153846154,"['Take out sewing kit', 'Find some thread and needle', 'Put thread in needle', 'Run needle and thread through button hole and fabric hole']","['push the needle through the button', 'Find some thread']",push the needle through the button,0,0, A
5,80.76923076923077,"['Take out sewing kit', 'Find some thread and needle', 'Put thread in needle', 'Run needle and thread through button hole and fabric hole', 'push the needle through the button']","['thread the needle', 'Tie off thread']",Tie off thread,1,0, A
6,84.61538461538461,"['Take out sewing kit', 'Find some thread and needle', 'Put thread in needle', 'Run needle and thread through button hole and fabric hole', 'push the needle through the button', 'Tie off thread']","['Knot the ends of the thread together.', 'Cut away any extra string']",Cut away any extra string,1,0, A
7,88.46153846153845,"['Take out sewing kit', 'Find some thread and needle', 'Put thread in needle', 'Run needle and thread through button hole and fabric hole', 'push the needle through the button', 'Tie off thread', 'Cut away any extra string']","['Put all the items away', 'Cut away any loose threads.']",Put all the items away,0,0, A
8,92.3076923076923,"['Take out sewing kit', 'Find some thread and needle', 'Put thread in needle', 'Run needle and thread through button hole and fabric hole', 'push the needle through the button', 'Tie off thread', 'Cut away any extra string', 'Put all the items away']","['pull the needle through', 'MAKE SURE BUTTON IS SECURE']",MAKE SURE BUTTON IS SECURE,1,0, A
0,0.0,[],"['Gather supplies', 'Put away needle and thread']",Gather supplies,0,0, A
1,26.923076923076923,['Gather supplies'],"['Starting from the bottom, poke needle through hole in button', 'grab object the button is being sewed']",grab object the button is being sewed,1,0, A
2,30.76923076923077,"['Gather supplies', 'grab object the button is being sewed']","['Tie a knot.', 'Place button where desired']",Place button where desired,1,0, A
3,34.61538461538461,"['Gather supplies', 'grab object the button is being sewed', 'Place button where desired']","['Thread the needle', 'Tie knot to secure thread and button to clothes']",Thread the needle,0,0, A
4,46.15384615384615,"['Gather supplies', 'grab object the button is being sewed', 'Place button where desired', 'Thread the needle']","['Proceed to insert needle into button holes and through clothing/ item until securely sewn', 'Get sewing basket']",Proceed to insert needle into button holes and through clothing/ item until securely sewn,0,0, A
5,88.46153846153845,"['Gather supplies', 'grab object the button is being sewed', 'Place button where desired', 'Thread the needle', 'Proceed to insert needle into button holes and through clothing/ item until securely sewn']","['Put needle away', 'knot thread']",Put needle away,0,0, A
0,0.0,[],"['Get sewing kit', 'Grab the garment that you would like to sew the button to.']",Get sewing kit,0,0, A
1,23.07692307692308,['Get sewing kit'],"['put the needle in and out through the holes', 'Get the button.']",Get the button.,1,0, A
2,61.53846153846154,"['Get sewing kit', 'Get the button.']","['get sewing kit', 'Pass the needle through one of the button holes']",Pass the needle through one of the button holes,1,0, A
3,80.76923076923077,"['Get sewing kit', 'Get the button.', 'Pass the needle through one of the button holes']","['Tie the end of the string', 'Get the sewing kit.']",Tie the end of the string,0,0, A
4,88.46153846153845,"['Get sewing kit', 'Get the button.', 'Pass the needle through one of the button holes', 'Tie the end of the string']","['Put everything away.', 'Find matching thread']",Put everything away.,0,0, A
0,0.0,[],"['Get out needle, thread, button, and clothing item.', 'Push needle through first hole']","Get out needle, thread, button, and clothing item.",0,0, A
1,26.923076923076923,"['Get out needle, thread, button, and clothing item.']","['grab object the button is being sewed', 'Tie knot.']",grab object the button is being sewed,0,0, A
2,34.61538461538461,"['Get out needle, thread, button, and clothing item.', 'grab object the button is being sewed']","['tie knot on thread', 'Put thread through needle hole']",Put thread through needle hole,1,0, A
3,61.53846153846154,"['Get out needle, thread, button, and clothing item.', 'grab object the button is being sewed', 'Put thread through needle hole']","['Put needle into one button hole through shirt.', 'Put all the items away']",Put needle into one button hole through shirt.,0,0, A
4,65.38461538461539,"['Get out needle, thread, button, and clothing item.', 'grab object the button is being sewed', 'Put thread through needle hole', 'Put needle into one button hole through shirt.']","['Put away needle and thread', 'Sew button through second hole']",Sew button through second hole,1,0, A
5,69.23076923076923,"['Get out needle, thread, button, and clothing item.', 'grab object the button is being sewed', 'Put thread through needle hole', 'Put needle into one button hole through shirt.', 'Sew button through second hole']","['Put needle in other button hole.', 'FIND THE REPLACEMENT BUTTON']",Put needle in other button hole.,0,0, A
6,73.07692307692307,"['Get out needle, thread, button, and clothing item.', 'grab object the button is being sewed', 'Put thread through needle hole', 'Put needle into one button hole through shirt.', 'Sew button through second hole', 'Put needle in other button hole.']","['Sew button through fourth and final hole', 'Find thread that matches button color.']",Sew button through fourth and final hole,0,0, A
7,76.92307692307693,"['Get out needle, thread, button, and clothing item.', 'grab object the button is being sewed', 'Put thread through needle hole', 'Put needle into one button hole through shirt.', 'Sew button through second hole', 'Put needle in other button hole.', 'Sew button through fourth and final hole']","['Find a suitable button', ""Make 4 x's in button.""]",Make 4 x's in button.,1,0, A
0,0.0,[],"['Get sewing kit', 'push the needle through the button']",Get sewing kit,0,0, A
1,19.230769230769237,['Get sewing kit'],"['Get some thread', 'Sew on button']",Get some thread,0,0, A
2,23.07692307692308,"['Get sewing kit', 'Get some thread']","['FIND THE REPLACEMENT BUTTON', 'Continue repeating pushing up and pushing thread back down']",FIND THE REPLACEMENT BUTTON,0,0, A
3,34.61538461538461,"['Get sewing kit', 'Get some thread', 'FIND THE REPLACEMENT BUTTON']","['Thread needle.', 'cut the thread when finished']",Thread needle.,0,0, A
4,88.46153846153845,"['Get sewing kit', 'Get some thread', 'FIND THE REPLACEMENT BUTTON', 'Thread needle.']","['Put away needle and thread', 'get item to be sewn']",Put away needle and thread,0,0, A
0,0.0,[],"['Drive to fabric store', 'Continue until button is secure']",Drive to fabric store,0,0, A
1,19.230769230769237,['Drive to fabric store'],"['sew button into fabric making sure stitches are secure', 'get thread']",get thread,1,0, A
2,23.07692307692308,"['Drive to fabric store', 'get thread']","['gather button', 'Cut off remaining thread']",gather button,0,0, A
3,26.923076923076923,"['Drive to fabric store', 'get thread', 'gather button']","['Cut excess thread', 'Place item on flat surface']",Place item on flat surface,1,0, A
4,30.76923076923077,"['Drive to fabric store', 'get thread', 'gather button', 'Place item on flat surface']","['Ending again in the back of the garment cut off the thread.', 'place the button']",place the button,1,0, A
5,61.53846153846154,"['Drive to fabric store', 'get thread', 'gather button', 'Place item on flat surface', 'place the button']","['Take out needle.', 'push the needle through the button']",push the needle through the button,1,0, A
6,76.92307692307693,"['Drive to fabric store', 'get thread', 'gather button', 'Place item on flat surface', 'place the button', 'push the needle through the button']","['Position needle with thread', 'Continue until the button is on tight']",Continue until the button is on tight,1,0, A
0,0.0,[],"['when done tie the end properly', 'Drive to fabric store']",Drive to fabric store,1,0, A
1,19.230769230769237,['Drive to fabric store'],"['Cut thread', 'Get thread']",Get thread,1,0, A
2,34.61538461538461,"['Drive to fabric store', 'Get thread']","['Continue until the button is on tight', 'thread needle']",thread needle,1,0, A
3,61.53846153846154,"['Drive to fabric store', 'Get thread', 'thread needle']","['Get a needle and thread.', 'Push needle through first hole']",Push needle through first hole,1,0, A
4,76.92307692307693,"['Drive to fabric store', 'Get thread', 'thread needle', 'Push needle through first hole']","['repeat 5-8 several times until button is secure', 'Get your sewing kit']",repeat 5-8 several times until button is secure,0,0, A
5,80.76923076923077,"['Drive to fabric store', 'Get thread', 'thread needle', 'Push needle through first hole', 'repeat 5-8 several times until button is secure']","['Put thread through a needle.', 'When done knot end.']",When done knot end.,1,0, A
6,88.46153846153845,"['Drive to fabric store', 'Get thread', 'thread needle', 'Push needle through first hole', 'repeat 5-8 several times until button is secure', 'When done knot end.']","['Put away needle and thread', 'Insert needle through other side of button on back side']",Put away needle and thread,0,0, A
0,0.0,[],"['Cut thread', 'get sewing kit']",get sewing kit,1,0, A
1,23.07692307692308,['get sewing kit'],"['Tie of thread on inside', 'Choose button that I like']",Choose button that I like,1,0, A
2,26.923076923076923,"['get sewing kit', 'Choose button that I like']","['Sew needle through other holes in an X formation', 'Place item on flat surface']",Place item on flat surface,1,0, A
3,30.76923076923077,"['get sewing kit', 'Choose button that I like', 'Place item on flat surface']","['Put away needle and thread', 'Line the button up in the place where the old one would have been']",Line the button up in the place where the old one would have been,1,0, A
4,34.61538461538461,"['get sewing kit', 'Choose button that I like', 'Place item on flat surface', 'Line the button up in the place where the old one would have been']","['Put an end of the thread through the eye of the needle', 'Gather supplies']",Put an end of the thread through the eye of the needle,0,0, A
5,88.46153846153845,"['get sewing kit', 'Choose button that I like', 'Place item on flat surface', 'Line the button up in the place where the old one would have been', 'Put an end of the thread through the eye of the needle']","['Put away needle and thread', 'Get your sewing kit']",Put away needle and thread,0,0, A
0,0.0,[],"['Get sewing basket', 'Cut thread.']",Get sewing basket,0,0, A
1,23.07692307692308,['Get sewing basket'],"['Find a suitable button', 'Tie the end with a knot.']",Find a suitable button,0,0, A
2,61.53846153846154,"['Get sewing basket', 'Find a suitable button']","['Pull the needle until thread is completely on the other side of shirt', 'Place item on flat surface']",Pull the needle until thread is completely on the other side of shirt,0,0, A
3,76.92307692307693,"['Get sewing basket', 'Find a suitable button', 'Pull the needle until thread is completely on the other side of shirt']","['repeat 6 more times', 'pull the thread through the eye of needle']",repeat 6 more times,0,0, A
4,80.76923076923077,"['Get sewing basket', 'Find a suitable button', 'Pull the needle until thread is completely on the other side of shirt', 'repeat 6 more times']","['gathering thread', 'knot thread']",knot thread,1,0, A
0,0.0,[],"['Drive to fabric store', 'Repeat']",Drive to fabric store,0,0, A
1,19.230769230769237,['Drive to fabric store'],"['Poke a hole in the fabric', 'Find thread']",Find thread,1,0, A
2,30.76923076923077,"['Drive to fabric store', 'Find thread']","['Place button where it belongs on garment', 'knot thread']",Place button where it belongs on garment,0,0, A
3,46.15384615384615,"['Drive to fabric store', 'Find thread', 'Place button where it belongs on garment']","['Sew in a pattern that looks like an X through the holes of the button.', 'Check if the button is tight']",Sew in a pattern that looks like an X through the holes of the button.,0,0, A
4,88.46153846153845,"['Drive to fabric store', 'Find thread', 'Place button where it belongs on garment', 'Sew in a pattern that looks like an X through the holes of the button.']","['Place button close to clothing.', 'put back all the materials']",put back all the materials,1,0, A
0,0.0,[],"['Get scissors, needle, button and thread', 'thread a needle']","Get scissors, needle, button and thread",0,0, A
1,7.6923076923076925,"['Get scissors, needle, button and thread']","['Repeat through each button hole', 'Get a needle and thread.']",Get a needle and thread.,1,0, A
2,30.76923076923077,"['Get scissors, needle, button and thread', 'Get a needle and thread.']","['Poke needle through opposite hole', 'Position button on shirt']",Position button on shirt,1,0, A
3,42.30769230769231,"['Get scissors, needle, button and thread', 'Get a needle and thread.', 'Position button on shirt']","['Repeat until button is secure', 'measure and cut length of thread']",measure and cut length of thread,1,0, A
4,61.53846153846154,"['Get scissors, needle, button and thread', 'Get a needle and thread.', 'Position button on shirt', 'measure and cut length of thread']","['Sew button onto fabric through the first hole', 'Choose thread to sew button on with.']",Sew button onto fabric through the first hole,0,0, A
5,65.38461538461539,"['Get scissors, needle, button and thread', 'Get a needle and thread.', 'Position button on shirt', 'measure and cut length of thread', 'Sew button onto fabric through the first hole']","['THREAD THE THREAD ONTO THE NEEDLE', 'Cross over to perpendicular hole, push needle back through']","Cross over to perpendicular hole, push needle back through",1,0, A
6,69.23076923076923,"['Get scissors, needle, button and thread', 'Get a needle and thread.', 'Position button on shirt', 'measure and cut length of thread', 'Sew button onto fabric through the first hole', 'Cross over to perpendicular hole, push needle back through']","['Push needle under material to next hole', 'Place button on item']",Push needle under material to next hole,0,0, A
0,0.0,[],"['Get your sewing kit', 'ATTACH BUTTON USING NEEDLE AND THREAD']",Get your sewing kit,0,0, A
1,34.61538461538461,['Get your sewing kit'],"['Cut thread from spindle', 'Thread a needle']",Thread a needle,1,0, A
2,46.15384615384615,"['Get your sewing kit', 'Thread a needle']","['Sew through the diagonal hole of the button and the garment.', 'Start to sew.']",Start to sew.,1,0, A
3,50.0,"['Get your sewing kit', 'Thread a needle', 'Start to sew.']","['Insert the thread through the button', 'Take needle from sewing kit']",Insert the thread through the button,0,0, A
4,80.76923076923077,"['Get your sewing kit', 'Thread a needle', 'Start to sew.', 'Insert the thread through the button']","['Tie off thread', 'Thread needle with some thread.']",Tie off thread,0,0, A
5,84.61538461538461,"['Get your sewing kit', 'Thread a needle', 'Start to sew.', 'Insert the thread through the button', 'Tie off thread']","['Find placement for new button.', 'Snip excess thread off']",Snip excess thread off,1,0, A
0,0.0,[],"['Pull through', 'Get supplies - shirt, new button, thread, needle']","Get supplies - shirt, new button, thread, needle",1,0, A
1,26.923076923076923,"['Get supplies - shirt, new button, thread, needle']","['grab object the button is being sewed', 'repeat the same way']",grab object the button is being sewed,0,0, A
2,34.61538461538461,"['Get supplies - shirt, new button, thread, needle', 'grab object the button is being sewed']","['attach string to needle', 'Cut excess thread']",attach string to needle,0,0, A
3,88.46153846153845,"['Get supplies - shirt, new button, thread, needle', 'grab object the button is being sewed', 'attach string to needle']","['put back all the materials', 'Choose thread color']",put back all the materials,0,0, A
0,0.0,[],"['moving the needle in and out of the fabric', 'Drive to fabric store']",Drive to fabric store,1,0, A
1,19.230769230769237,['Drive to fabric store'],"['Get some thread.', 'Tie off finishing knot']",Get some thread.,0,0, A
2,26.923076923076923,"['Drive to fabric store', 'Get some thread.']","['Make a knot in fabric with thread behind the button', 'gather garment for buttoning']",gather garment for buttoning,1,0, A
3,34.61538461538461,"['Drive to fabric store', 'Get some thread.', 'gather garment for buttoning']","['Tie knot.', 'Put thread in needle']",Put thread in needle,1,0, A
4,46.15384615384615,"['Drive to fabric store', 'Get some thread.', 'gather garment for buttoning', 'Put thread in needle']","['Find some thread', 'put needle with thread into clothes']",put needle with thread into clothes,1,0, A
5,50.0,"['Drive to fabric store', 'Get some thread.', 'gather garment for buttoning', 'Put thread in needle', 'put needle with thread into clothes']","['Put the thread through the button and start threading', 'Check the button']",Put the thread through the button and start threading,0,0, A
6,80.76923076923077,"['Drive to fabric store', 'Get some thread.', 'gather garment for buttoning', 'Put thread in needle', 'put needle with thread into clothes', 'Put the thread through the button and start threading']","['tying a knot with thread', 'Pick thread to use']",tying a knot with thread,0,0, A
0,0.0,[],"['break the thread', 'Drive to fabric store']",Drive to fabric store,1,0, A
1,19.230769230769237,['Drive to fabric store'],"['Get thread.', 'Sew on button']",Get thread.,0,0, A
2,23.07692307692308,"['Drive to fabric store', 'Get thread.']","['pass needle through needle hole in button', 'Get the button.']",Get the button.,1,0, A
3,26.923076923076923,"['Drive to fabric store', 'Get thread.', 'Get the button.']","['Pull needle and thread', 'taking the right button out']",taking the right button out,1,0, A
4,34.61538461538461,"['Drive to fabric store', 'Get thread.', 'Get the button.', 'taking the right button out']","['Continue until button is secure', 'Thread needle.']",Thread needle.,1,0, A
5,38.46153846153847,"['Drive to fabric store', 'Get thread.', 'Get the button.', 'taking the right button out', 'Thread needle.']","['Continue repeating pushing up and pushing thread back down', 'tie a knot in thread']",tie a knot in thread,1,0, A
6,42.30769230769231,"['Drive to fabric store', 'Get thread.', 'Get the button.', 'taking the right button out', 'Thread needle.', 'tie a knot in thread']","['Cut off any excess thread.', 'Cut about 16 inches worth of thread.']",Cut about 16 inches worth of thread.,1,0, A
7,61.53846153846154,"['Drive to fabric store', 'Get thread.', 'Get the button.', 'taking the right button out', 'Thread needle.', 'tie a knot in thread', 'Cut about 16 inches worth of thread.']","['Take out sewing kit', 'Sew button onto fabric through the first hole']",Sew button onto fabric through the first hole,1,0, A
8,76.92307692307693,"['Drive to fabric store', 'Get thread.', 'Get the button.', 'taking the right button out', 'Thread needle.', 'tie a knot in thread', 'Cut about 16 inches worth of thread.', 'Sew button onto fabric through the first hole']","['Keep repeating the sewing to reinforce the strength', 'Purchase thread']",Keep repeating the sewing to reinforce the strength,0,0, A
9,84.61538461538461,"['Drive to fabric store', 'Get thread.', 'Get the button.', 'taking the right button out', 'Thread needle.', 'tie a knot in thread', 'Cut about 16 inches worth of thread.', 'Sew button onto fabric through the first hole', 'Keep repeating the sewing to reinforce the strength']","['thread needle', 'Cut loose ends']",Cut loose ends,1,0, A
10,88.46153846153845,"['Drive to fabric store', 'Get thread.', 'Get the button.', 'taking the right button out', 'Thread needle.', 'tie a knot in thread', 'Cut about 16 inches worth of thread.', 'Sew button onto fabric through the first hole', 'Keep repeating the sewing to reinforce the strength', 'Cut loose ends']","['put the supplies away', 'Find a needle and thread']",put the supplies away,0,0, A
0,0.0,[],"['Take out sewing kit', 'Repeat this until the button is secure']",Take out sewing kit,0,0, A
1,34.61538461538461,['Take out sewing kit'],"['Stick the head through the needle eye', 'Put needle in other button hole.']",Stick the head through the needle eye,0,0, A
2,38.46153846153847,"['Take out sewing kit', 'Stick the head through the needle eye']","['Knot thread', 'Tie knot in thread.']",Tie knot in thread.,1,0, A
3,50.0,"['Take out sewing kit', 'Stick the head through the needle eye', 'Tie knot in thread.']","['Put needle through one hole', 'Get thread.']",Put needle through one hole,0,0, A
4,76.92307692307693,"['Take out sewing kit', 'Stick the head through the needle eye', 'Tie knot in thread.', 'Put needle through one hole']","['Align button', 'Repeat procedure until button is secure']",Repeat procedure until button is secure,1,0, A
0,0.0,[],"['Drive to fabric store', 'Insert needle through first side of button (step 3)']",Drive to fabric store,0,0, A
1,19.230769230769237,['Drive to fabric store'],"['get some thread', 'pass needle through needle hole in button']",get some thread,0,0, A
2,30.76923076923077,"['Drive to fabric store', 'get some thread']","['Position button on shirt', 'put back all the materials']",Position button on shirt,0,0, A
3,46.15384615384615,"['Drive to fabric store', 'get some thread', 'Position button on shirt']","['Sew through the holes of the button', 'Find a button']",Sew through the holes of the button,0,0, A
4,84.61538461538461,"['Drive to fabric store', 'get some thread', 'Position button on shirt', 'Sew through the holes of the button']","['Tie knot to secure thread and button to clothes', 'measure and cut length of thread']",Tie knot to secure thread and button to clothes,0,0, A
5,88.46153846153845,"['Drive to fabric store', 'get some thread', 'Position button on shirt', 'Sew through the holes of the button', 'Tie knot to secure thread and button to clothes']","['Take out the needle', 'Find similar button']",Take out the needle,0,0, A
0,0.0,[],"['Get scissors, needle, button and thread', 'Push through other holes']","Get scissors, needle, button and thread",0,0, A
1,30.76923076923077,"['Get scissors, needle, button and thread']","['Place button where it is to be sewed', 'Put the needle and thread away']",Place button where it is to be sewed,0,0, A
2,50.0,"['Get scissors, needle, button and thread', 'Place button where it is to be sewed']","['Find thread that matches button color.', 'pull through on the other side']",pull through on the other side,1,0, A
3,65.38461538461539,"['Get scissors, needle, button and thread', 'Place button where it is to be sewed', 'pull through on the other side']","['Sew button through second hole', 'Cut about 16 inches worth of thread.']",Sew button through second hole,0,0, A
4,76.92307692307693,"['Get scissors, needle, button and thread', 'Place button where it is to be sewed', 'pull through on the other side', 'Sew button through second hole']","[""Repeat until it's stable"", ""Pull a thread of a matching color through the needle's eye""]",Repeat until it's stable,0,0, A
0,0.0,[],"['moving the needle in and out of the fabric', 'get sewing kit']",get sewing kit,1,0, A
1,11.538461538461538,['get sewing kit'],"['pull the needle through', 'Find needle']",Find needle,1,0, A
2,19.230769230769237,"['get sewing kit', 'Find needle']","['Push needle through fabric and button hole', 'Find thread that matches button color.']",Find thread that matches button color.,1,0, A
3,23.07692307692308,"['get sewing kit', 'Find needle', 'Find thread that matches button color.']","['Pass thread through button holes.', 'Find a button']",Find a button,1,0, A
4,34.61538461538461,"['get sewing kit', 'Find needle', 'Find thread that matches button color.', 'Find a button']","['Thread a needle.', 'Get button, thread, needle and scissors']",Thread a needle.,0,0, A
5,42.30769230769231,"['get sewing kit', 'Find needle', 'Find thread that matches button color.', 'Find a button', 'Thread a needle.']","['Get back the needle through the third button hole', 'Cut length of thread']",Cut length of thread,1,0, A
6,46.15384615384615,"['get sewing kit', 'Find needle', 'Find thread that matches button color.', 'Find a button', 'Thread a needle.', 'Cut length of thread']","['Sew button into place', 'Find a spare button that matches the other buttons']",Sew button into place,0,0, A
7,76.92307692307693,"['get sewing kit', 'Find needle', 'Find thread that matches button color.', 'Find a button', 'Thread a needle.', 'Cut length of thread', 'Sew button into place']","['Get button', 'Repeat several times, going through a different hole each time.']","Repeat several times, going through a different hole each time.",1,0, A
0,0.0,[],"['Get out sewing kit.', 'Push needle down through other button on hole']",Get out sewing kit.,0,0, A
1,34.61538461538461,['Get out sewing kit.'],"['Get back the needle through the third button hole', 'Thread a needle']",Thread a needle,1,0, A
2,38.46153846153847,"['Get out sewing kit.', 'Thread a needle']","['tie off the thread', 'Tie knot in end of thread']",Tie knot in end of thread,1,0, A
3,46.15384615384615,"['Get out sewing kit.', 'Thread a needle', 'Tie knot in end of thread']","['Thread button onto clothing', 'Put needle in other button hole.']",Thread button onto clothing,0,0, A
0,0.0,[],"['cut loose thread', 'Find sewing kit.']",Find sewing kit.,1,0, A
1,19.230769230769237,['Find sewing kit.'],"['Get thread.', 'Keep sewing until the button is secure.']",Get thread.,0,0, A
2,34.61538461538461,"['Find sewing kit.', 'Get thread.']","['Pull needle and thread', 'Thread a needle with thread that matches shirt that needs a new button.']",Thread a needle with thread that matches shirt that needs a new button.,1,0, A
3,53.84615384615385,"['Find sewing kit.', 'Get thread.', 'Thread a needle with thread that matches shirt that needs a new button.']","['Thread the opposite diagonal hole with the needle and tighten the string', 'Get thread.']",Thread the opposite diagonal hole with the needle and tighten the string,0,0, A
4,80.76923076923077,"['Find sewing kit.', 'Get thread.', 'Thread a needle with thread that matches shirt that needs a new button.', 'Thread the opposite diagonal hole with the needle and tighten the string']","['take the cloth to be sewed', 'Tie off your thread.']",Tie off your thread.,1,0, A
5,84.61538461538461,"['Find sewing kit.', 'Get thread.', 'Thread a needle with thread that matches shirt that needs a new button.', 'Thread the opposite diagonal hole with the needle and tighten the string', 'Tie off your thread.']","['Take out right colored thread.', 'Cut the excess thread']",Cut the excess thread,1,0, A
6,88.46153846153845,"['Find sewing kit.', 'Get thread.', 'Thread a needle with thread that matches shirt that needs a new button.', 'Thread the opposite diagonal hole with the needle and tighten the string', 'Tie off your thread.', 'Cut the excess thread']","['Push the needle through the fabric', 'Put needle away']",Put needle away,1,0, A
0,0.0,[],"['Drive to fabric store', 'Position button on shirt']",Drive to fabric store,0,0, A
1,19.230769230769237,['Drive to fabric store'],"['Tie off the thread on the underside of the garment', 'Select thread']",Select thread,1,0, A
2,34.61538461538461,"['Drive to fabric store', 'Select thread']","['thread the needle', 'break the thread']",thread the needle,0,0, A
3,61.53846153846154,"['Drive to fabric store', 'Select thread', 'thread the needle']","['Purchase thread', 'Pull the needle until thread is completely on the other side of shirt']",Pull the needle until thread is completely on the other side of shirt,1,0, A
4,76.92307692307693,"['Drive to fabric store', 'Select thread', 'thread the needle', 'Pull the needle until thread is completely on the other side of shirt']","['repeat', 'Remove thread and needle from kit']",repeat,0,0, A
5,84.61538461538461,"['Drive to fabric store', 'Select thread', 'thread the needle', 'Pull the needle until thread is completely on the other side of shirt', 'repeat']","['Cut.', 'get thread, needle, button to be sewn']",Cut.,0,0, A
0,0.0,[],"['Drive to fabric store', 'attach button to shirt']",Drive to fabric store,0,0, A
1,19.230769230769237,['Drive to fabric store'],"['Get thread', 'Tie off thread']",Get thread,0,0, A
2,30.76923076923077,"['Drive to fabric store', 'Get thread']","['Place button onto item of clothing', 'Put needle in other button hole.']",Place button onto item of clothing,0,0, A
3,46.15384615384615,"['Drive to fabric store', 'Get thread', 'Place button onto item of clothing']","['Cut a length of thread more than double what you will need', 'Sew on button']",Sew on button,1,0, A
4,53.84615384615385,"['Drive to fabric store', 'Get thread', 'Place button onto item of clothing', 'Sew on button']","['pass needle through needle hole in button', 'find shirt with missing button']",pass needle through needle hole in button,0,0, A
5,84.61538461538461,"['Drive to fabric store', 'Get thread', 'Place button onto item of clothing', 'Sew on button', 'pass needle through needle hole in button']","['Cut off any excess thread.', 'Thread sewing needle with chosen thread.']",Cut off any excess thread.,0,0, A
0,0.0,[],"['Put the button in the correct spot.', 'Drive to fabric store']",Drive to fabric store,1,0, A
1,19.230769230769237,['Drive to fabric store'],"['Tie the thread so the button will not come loose', 'Get some thread.']",Get some thread.,1,0, A
2,23.07692307692308,"['Drive to fabric store', 'Get some thread.']","['Acquire new button', 'Sew the button']",Acquire new button,0,0, A
3,26.923076923076923,"['Drive to fabric store', 'Get some thread.', 'Acquire new button']","['Repeat to make loop and knot it.', 'Hold shirt with non-dominant hand']",Hold shirt with non-dominant hand,1,0, A
4,34.61538461538461,"['Drive to fabric store', 'Get some thread.', 'Acquire new button', 'Hold shirt with non-dominant hand']","['Repeat for all holes to reinforce', 'thread the needle']",thread the needle,1,0, A
5,38.46153846153847,"['Drive to fabric store', 'Get some thread.', 'Acquire new button', 'Hold shirt with non-dominant hand', 'thread the needle']","['Repeat', 'Tie a knot in the thread']",Tie a knot in the thread,1,0, A
6,42.30769230769231,"['Drive to fabric store', 'Get some thread.', 'Acquire new button', 'Hold shirt with non-dominant hand', 'thread the needle', 'Tie a knot in the thread']","['measure and cut length of thread', 'Gather supplies']",measure and cut length of thread,0,0, A
7,46.15384615384615,"['Drive to fabric store', 'Get some thread.', 'Acquire new button', 'Hold shirt with non-dominant hand', 'thread the needle', 'Tie a knot in the thread', 'measure and cut length of thread']","['Get thread', 'sew the button with criss-cross movement of needle']",sew the button with criss-cross movement of needle,1,0, A
0,0.0,[],"['Tie the end with a knot.', 'Drive to fabric store']",Drive to fabric store,1,0, A
1,19.230769230769237,['Drive to fabric store'],"['Move needle down to hole opposite first hole', ""Pull a thread of a matching color through the needle's eye""]",Pull a thread of a matching color through the needle's eye,1,0, A
2,34.61538461538461,"['Drive to fabric store', ""Pull a thread of a matching color through the needle's eye""]","['Put thread end through eye of needle', 'cut the thread']",Put thread end through eye of needle,0,0, A
3,88.46153846153845,"['Drive to fabric store', ""Pull a thread of a matching color through the needle's eye"", 'Put thread end through eye of needle']","['Get the button', 'put needle and thread away']",put needle and thread away,1,0, A
4,92.3076923076923,"['Drive to fabric store', ""Pull a thread of a matching color through the needle's eye"", 'Put thread end through eye of needle', 'put needle and thread away']","['MAKE SURE BUTTON IS SECURE', 'Get a shirt.']",MAKE SURE BUTTON IS SECURE,0,0, A
0,0.0,[],"['Get the sewing kit.', 'Push needle down through other button on hole']",Get the sewing kit.,0,0, A
1,23.07692307692308,['Get the sewing kit.'],"['Find similar button', 'Use the needle to sew the broken button']",Find similar button,0,0, A
2,61.53846153846154,"['Get the sewing kit.', 'Find similar button']","['Get sewing basket', 'Pass the needle through one of the button holes']",Pass the needle through one of the button holes,1,0, A
3,76.92307692307693,"['Get the sewing kit.', 'Find similar button', 'Pass the needle through one of the button holes']","['Tie knot in end of thread', 'repeat']",repeat,1,0, A
0,0.0,[],"['Drive to fabric store', 'Make a knot at end']",Drive to fabric store,0,0, A
1,19.230769230769237,['Drive to fabric store'],"[""Repeat until it's stable"", 'Find thread that matches']",Find thread that matches,1,0, A
2,34.61538461538461,"['Drive to fabric store', 'Find thread that matches']","['Tie knot in thread', 'Put thread in needle']",Put thread in needle,1,0, A
3,46.15384615384615,"['Drive to fabric store', 'Find thread that matches', 'Put thread in needle']","['Start to sew.', 'Find a button']",Start to sew.,0,0, A
4,76.92307692307693,"['Drive to fabric store', 'Find thread that matches', 'Put thread in needle', 'Start to sew.']","['Continue repeating pushing up and pushing thread back down', 'Put button in proper place']",Continue repeating pushing up and pushing thread back down,0,0, A
5,80.76923076923077,"['Drive to fabric store', 'Find thread that matches', 'Put thread in needle', 'Start to sew.', 'Continue repeating pushing up and pushing thread back down']","['Choose button that I like', 'Break the thread and tie a final knot']",Break the thread and tie a final knot,1,0, A
6,88.46153846153845,"['Drive to fabric store', 'Find thread that matches', 'Put thread in needle', 'Start to sew.', 'Continue repeating pushing up and pushing thread back down', 'Break the thread and tie a final knot']","['take the needle and matching thread', 'Put all the items away']",Put all the items away,1,0, A
7,92.3076923076923,"['Drive to fabric store', 'Find thread that matches', 'Put thread in needle', 'Start to sew.', 'Continue repeating pushing up and pushing thread back down', 'Break the thread and tie a final knot', 'Put all the items away']","['Get out thread', 'Check the button']",Check the button,1,0, A
0,0.0,[],"['moving the needle in and out of the button holes', 'get sewing kit']",get sewing kit,1,0, A
1,19.230769230769237,['get sewing kit'],"['Pull out a length of thread.', 'Put all the items away']",Pull out a length of thread.,0,0, A
2,34.61538461538461,"['get sewing kit', 'Pull out a length of thread.']","['Fix the thread in the needle', 'put needle into adjoining hole']",Fix the thread in the needle,0,0, A
3,53.84615384615385,"['get sewing kit', 'Pull out a length of thread.', 'Fix the thread in the needle']","['get a new button', 'pull thread forward']",pull thread forward,1,0, A
4,80.76923076923077,"['get sewing kit', 'Pull out a length of thread.', 'Fix the thread in the needle', 'pull thread forward']","['place button where you want it', 'tie a knot at the end of the string']",tie a knot at the end of the string,1,0, A
5,84.61538461538461,"['get sewing kit', 'Pull out a length of thread.', 'Fix the thread in the needle', 'pull thread forward', 'tie a knot at the end of the string']","['cut remaining thread away', 'Put thread end through eye of needle']",cut remaining thread away,0,0, A
0,0.0,[],"['Drive to fabric store', 'Repeat for all holes to reinforce']",Drive to fabric store,0,0, A
1,19.230769230769237,['Drive to fabric store'],"['Repeat until button is secure', 'Find thread color to match button or item requiring the button']",Find thread color to match button or item requiring the button,1,0, A
2,30.76923076923077,"['Drive to fabric store', 'Find thread color to match button or item requiring the button']","['stitching the button on', 'Put button in the right area']",Put button in the right area,1,0, A
3,42.30769230769231,"['Drive to fabric store', 'Find thread color to match button or item requiring the button', 'Put button in the right area']","[""TIE A KNOT IN THE END OF THE THREAD SO THE BUTTON DOESN'T COME OFF"", 'Cut away any loose threads.']",Cut away any loose threads.,1,0, A
4,46.15384615384615,"['Drive to fabric store', 'Find thread color to match button or item requiring the button', 'Put button in the right area', 'Cut away any loose threads.']","['get needle', 'Start to sew the button onto the fabric.']",Start to sew the button onto the fabric.,1,0, A
5,61.53846153846154,"['Drive to fabric store', 'Find thread color to match button or item requiring the button', 'Put button in the right area', 'Cut away any loose threads.', 'Start to sew the button onto the fabric.']","['Tie knot to secure thread and button to clothes', 'Starting from the bottom, poke needle through hole in button']","Starting from the bottom, poke needle through hole in button",1,0, A
6,76.92307692307693,"['Drive to fabric store', 'Find thread color to match button or item requiring the button', 'Put button in the right area', 'Cut away any loose threads.', 'Start to sew the button onto the fabric.', 'Starting from the bottom, poke needle through hole in button']","['Thread needle', 'Continue until the button is securely on the clothing']",Continue until the button is securely on the clothing,1,0, A
0,0.0,[],"['cut the thread when finished', 'Find sewing kit']",Find sewing kit,1,0, A
1,7.6923076923076925,['Find sewing kit'],"['repeat', 'Get a thread and a needle']",Get a thread and a needle,1,0, A
2,11.538461538461538,"['Find sewing kit', 'Get a thread and a needle']","['Cut the needle off of the thread.', 'find the needle']",find the needle,1,0, A
3,30.76923076923077,"['Find sewing kit', 'Get a thread and a needle', 'find the needle']","['put button where other button was located', 'When done knot end.']",put button where other button was located,0,0, A
4,61.53846153846154,"['Find sewing kit', 'Get a thread and a needle', 'find the needle', 'put button where other button was located']","['Choose thread to sew button on with.', 'take needle bring up through the back of the item']",take needle bring up through the back of the item,1,0, A
5,76.92307692307693,"['Find sewing kit', 'Get a thread and a needle', 'find the needle', 'put button where other button was located', 'take needle bring up through the back of the item']","['Keep repeating the sewing to reinforce the strength', 'Take out right colored thread.']",Keep repeating the sewing to reinforce the strength,0,0, A
6,80.76923076923077,"['Find sewing kit', 'Get a thread and a needle', 'find the needle', 'put button where other button was located', 'take needle bring up through the back of the item', 'Keep repeating the sewing to reinforce the strength']","['Tie off the end of the thread', 'Get needle']",Tie off the end of the thread,0,0, A
0,0.0,[],"['Cut excess thread', 'get sewing kit']",get sewing kit,1,0, A
1,34.61538461538461,['get sewing kit'],"['Thread the needle.', 'MAKE SURE BUTTON IS SECURE']",Thread the needle.,0,0, A
2,50.0,"['get sewing kit', 'Thread the needle.']","['grab object the button is being sewed', 'put the needle into the fabric']",put the needle into the fabric,1,0, A
3,80.76923076923077,"['get sewing kit', 'Thread the needle.', 'put the needle into the fabric']","['Remove thread and needle from kit', 'Tie the end of the string so it will not unravel']",Tie the end of the string so it will not unravel,1,0, A
4,84.61538461538461,"['get sewing kit', 'Thread the needle.', 'put the needle into the fabric', 'Tie the end of the string so it will not unravel']","['Cut off the extra thread', 'Grab button']",Cut off the extra thread,0,0, A
5,88.46153846153845,"['get sewing kit', 'Thread the needle.', 'put the needle into the fabric', 'Tie the end of the string so it will not unravel', 'Cut off the extra thread']","['Get needle', 'Put needle away']",Put needle away,1,0, A
6,92.3076923076923,"['get sewing kit', 'Thread the needle.', 'put the needle into the fabric', 'Tie the end of the string so it will not unravel', 'Cut off the extra thread', 'Put needle away']","['Check if the button is tight', 'Put needle through button and shirt']",Check if the button is tight,0,0, A
0,0.0,[],"['Drive to fabric store', 'Push needle through button hole']",Drive to fabric store,0,0, A
1,19.230769230769237,['Drive to fabric store'],"['tying a knot with thread', 'Purchase thread']",Purchase thread,1,0, A
2,23.07692307692308,"['Drive to fabric store', 'Purchase thread']","['Select a button', 'Pass needle through shirt and button holes']",Select a button,0,0, A
3,30.76923076923077,"['Drive to fabric store', 'Purchase thread', 'Select a button']","['Check if the button is tight', 'Place button where you want it.']",Place button where you want it.,1,0, A
4,61.53846153846154,"['Drive to fabric store', 'Purchase thread', 'Select a button', 'Place button where you want it.']","['get thread', 'Insert needle through one side of button']",Insert needle through one side of button,1,0, A
5,80.76923076923077,"['Drive to fabric store', 'Purchase thread', 'Select a button', 'Place button where you want it.', 'Insert needle through one side of button']","['Put needle through button and clothing.', 'Make a knot on last pass']",Make a knot on last pass,1,0, A
6,84.61538461538461,"['Drive to fabric store', 'Purchase thread', 'Select a button', 'Place button where you want it.', 'Insert needle through one side of button', 'Make a knot on last pass']","['Gather supplies', 'Cut off the extra thread']",Cut off the extra thread,1,0, A
7,88.46153846153845,"['Drive to fabric store', 'Purchase thread', 'Select a button', 'Place button where you want it.', 'Insert needle through one side of button', 'Make a knot on last pass', 'Cut off the extra thread']","['Put all the items away', 'locate needle and thread']",Put all the items away,0,0, A
8,92.3076923076923,"['Drive to fabric store', 'Purchase thread', 'Select a button', 'Place button where you want it.', 'Insert needle through one side of button', 'Make a knot on last pass', 'Cut off the extra thread', 'Put all the items away']","['Check if the button is tight', 'Take a matching button']",Check if the button is tight,0,0, A
0,0.0,[],"['Drive to fabric store', 'Get clothing']",Drive to fabric store,0,0, A
1,19.230769230769237,['Drive to fabric store'],"['Start to sew on button', 'Find similar color thread to use.']",Find similar color thread to use.,1,0, A
2,23.07692307692308,"['Drive to fabric store', 'Find similar color thread to use.']","['find a button', ""TIE A KNOT IN THE END OF THE THREAD SO THE BUTTON DOESN'T COME OFF""]",find a button,0,0, A
3,30.76923076923077,"['Drive to fabric store', 'Find similar color thread to use.', 'find a button']","['Make a knot', 'Put button in proper place']",Put button in proper place,1,0, A
4,50.0,"['Drive to fabric store', 'Find similar color thread to use.', 'find a button', 'Put button in proper place']","['Put away needle and thread', 'insert needle through cloth']",insert needle through cloth,1,0, A
5,53.84615384615385,"['Drive to fabric store', 'Find similar color thread to use.', 'find a button', 'Put button in proper place', 'insert needle through cloth']","['Take a needle', 'Thread the opposite diagonal hole with the needle and tighten the string']",Thread the opposite diagonal hole with the needle and tighten the string,1,0, A
6,57.692307692307686,"['Drive to fabric store', 'Find similar color thread to use.', 'find a button', 'Put button in proper place', 'insert needle through cloth', 'Thread the opposite diagonal hole with the needle and tighten the string']","['Get a needle.', 'Pull til it stops at the knot, push through fabric and another button hole']","Pull til it stops at the knot, push through fabric and another button hole",1,0, A
7,61.53846153846154,"['Drive to fabric store', 'Find similar color thread to use.', 'find a button', 'Put button in proper place', 'insert needle through cloth', 'Thread the opposite diagonal hole with the needle and tighten the string', 'Pull til it stops at the knot, push through fabric and another button hole']","['find needle and thread', 'Holding button at appropriate location, press needle through first hole on button.']","Holding button at appropriate location, press needle through first hole on button.",1,0, A
8,65.38461538461539,"['Drive to fabric store', 'Find similar color thread to use.', 'find a button', 'Put button in proper place', 'insert needle through cloth', 'Thread the opposite diagonal hole with the needle and tighten the string', 'Pull til it stops at the knot, push through fabric and another button hole', 'Holding button at appropriate location, press needle through first hole on button.']","['Get button', 'Put the needle thorough the back of the button hole.']",Put the needle thorough the back of the button hole.,1,0, A
9,76.92307692307693,"['Drive to fabric store', 'Find similar color thread to use.', 'find a button', 'Put button in proper place', 'insert needle through cloth', 'Thread the opposite diagonal hole with the needle and tighten the string', 'Pull til it stops at the knot, push through fabric and another button hole', 'Holding button at appropriate location, press needle through first hole on button.', 'Put the needle thorough the back of the button hole.']","['Get your sewing kit', 'Repeat several times, going through a different hole each time.']","Repeat several times, going through a different hole each time.",1,0, A
10,80.76923076923077,"['Drive to fabric store', 'Find similar color thread to use.', 'find a button', 'Put button in proper place', 'insert needle through cloth', 'Thread the opposite diagonal hole with the needle and tighten the string', 'Pull til it stops at the knot, push through fabric and another button hole', 'Holding button at appropriate location, press needle through first hole on button.', 'Put the needle thorough the back of the button hole.', 'Repeat several times, going through a different hole each time.']","['Align button', 'Knot thread']",Knot thread,1,0, A
11,88.46153846153845,"['Drive to fabric store', 'Find similar color thread to use.', 'find a button', 'Put button in proper place', 'insert needle through cloth', 'Thread the opposite diagonal hole with the needle and tighten the string', 'Pull til it stops at the knot, push through fabric and another button hole', 'Holding button at appropriate location, press needle through first hole on button.', 'Put the needle thorough the back of the button hole.', 'Repeat several times, going through a different hole each time.', 'Knot thread']","['Insert the needle into the button hole', 'Put needle and thread back in drawer']",Put needle and thread back in drawer,1,0, A
12,92.3076923076923,"['Drive to fabric store', 'Find similar color thread to use.', 'find a button', 'Put button in proper place', 'insert needle through cloth', 'Thread the opposite diagonal hole with the needle and tighten the string', 'Pull til it stops at the knot, push through fabric and another button hole', 'Holding button at appropriate location, press needle through first hole on button.', 'Put the needle thorough the back of the button hole.', 'Repeat several times, going through a different hole each time.', 'Knot thread', 'Put needle and thread back in drawer']","['Push needle under material to next hole', 'Check new button']",Check new button,1,0, A
0,0.0,[],"['Tie thread to needle', 'Find sewing kit.']",Find sewing kit.,1,0, A
1,7.6923076923076925,['Find sewing kit.'],"['Get a needle and thread.', 'knot thread']",Get a needle and thread.,0,0, A
2,26.923076923076923,"['Find sewing kit.', 'Get a needle and thread.']","['Get sewing basket', 'Lay down garment']",Lay down garment,1,0, A
3,30.76923076923077,"['Find sewing kit.', 'Get a needle and thread.', 'Lay down garment']","['Mark on clothing where button is to go', 'Cut the excess thread']",Mark on clothing where button is to go,0,0, A
4,50.0,"['Find sewing kit.', 'Get a needle and thread.', 'Lay down garment', 'Mark on clothing where button is to go']","['Find sewing kit', 'Poke a hole in the fabric']",Poke a hole in the fabric,1,0, A
5,65.38461538461539,"['Find sewing kit.', 'Get a needle and thread.', 'Lay down garment', 'Mark on clothing where button is to go', 'Poke a hole in the fabric']","['Sew button through second hole', 'getting out needle']",Sew button through second hole,0,0, A
6,69.23076923076923,"['Find sewing kit.', 'Get a needle and thread.', 'Lay down garment', 'Mark on clothing where button is to go', 'Poke a hole in the fabric', 'Sew button through second hole']","['Take thread from sewing kit', 'Sew through the diagonal hole of the button and the garment.']",Sew through the diagonal hole of the button and the garment.,1,0, A
0,0.0,[],"['put items away when done', 'Grab the fabric and button']",Grab the fabric and button,1,0, A
1,30.76923076923077,['Grab the fabric and button'],"['Repeat', 'put button where other button was located']",put button where other button was located,1,0, A
2,46.15384615384615,"['Grab the fabric and button', 'put button where other button was located']","['Sew on the button.', 'Find button']",Sew on the button.,0,0, A
3,53.84615384615385,"['Grab the fabric and button', 'put button where other button was located', 'Sew on the button.']","['Place needle through button eyelets.', 'Take button.']",Place needle through button eyelets.,0,0, A
0,0.0,[],"['tie thread at the end', 'Find sewing kit']",Find sewing kit,1,0, A
1,11.538461538461538,['Find sewing kit'],"['Thread needle', 'tie a knot in the thread']",Thread needle,0,0, A
2,30.76923076923077,"['Find sewing kit', 'Thread needle']","['Place the button in the right spot', 'Secure the button with a knot']",Place the button in the right spot,0,0, A
3,50.0,"['Find sewing kit', 'Thread needle', 'Place the button in the right spot']","['Put needle through button and shirt', 'Get some thread.']",Put needle through button and shirt,0,0, A
4,65.38461538461539,"['Find sewing kit', 'Thread needle', 'Place the button in the right spot', 'Put needle through button and shirt']","['Find a spare button that matches the other buttons', 'Pull needle out other side.']",Pull needle out other side.,1,0, A
5,76.92307692307693,"['Find sewing kit', 'Thread needle', 'Place the button in the right spot', 'Put needle through button and shirt', 'Pull needle out other side.']","['Get out sewing kit.', 'Do this several times until the button is secure']",Do this several times until the button is secure,1,0, A
0,0.0,[],"['Start sewing going into the back of the garment.', 'Drive to fabric store']",Drive to fabric store,1,0, A
1,19.230769230769237,['Drive to fabric store'],"['Find a thread', 'Cut off any loose threads with a scissors.']",Find a thread,0,0, A
2,26.923076923076923,"['Drive to fabric store', 'Find a thread']","['Tie another knot at the end of the thread.', 'Get the item of clothing the button is to go on']",Get the item of clothing the button is to go on,1,0, A
3,46.15384615384615,"['Drive to fabric store', 'Find a thread', 'Get the item of clothing the button is to go on']","['Get a needle and thread.', 'Apply button by driving needle through button']",Apply button by driving needle through button,1,0, A
4,84.61538461538461,"['Drive to fabric store', 'Find a thread', 'Get the item of clothing the button is to go on', 'Apply button by driving needle through button']","['Cut away any extra string', 'Find thread that matches button color.']",Cut away any extra string,0,0, A
5,88.46153846153845,"['Drive to fabric store', 'Find a thread', 'Get the item of clothing the button is to go on', 'Apply button by driving needle through button', 'Cut away any extra string']","['Put everything away.', 'take the needle and matching thread']",Put everything away.,0,0, A
6,92.3076923076923,"['Drive to fabric store', 'Find a thread', 'Get the item of clothing the button is to go on', 'Apply button by driving needle through button', 'Cut away any extra string', 'Put everything away.']","['Put button in the right area', 'Check new button']",Check new button,1,0, A
0,0.0,[],"['Put needle in other button hole.', 'Get supplies - shirt, new button, thread, needle']","Get supplies - shirt, new button, thread, needle",1,0, A
1,7.6923076923076925,"['Get supplies - shirt, new button, thread, needle']","['Get needle and thread', 'Tie the thread round in between the garment and button']",Get needle and thread,0,0, A
2,34.61538461538461,"['Get supplies - shirt, new button, thread, needle', 'Get needle and thread']","['Cut off end from needle', 'Thread the needle']",Thread the needle,1,0, A
3,42.30769230769231,"['Get supplies - shirt, new button, thread, needle', 'Get needle and thread', 'Thread the needle']","['get thread and needle', 'Cut away any loose threads.']",Cut away any loose threads.,1,0, A
4,46.15384615384615,"['Get supplies - shirt, new button, thread, needle', 'Get needle and thread', 'Thread the needle', 'Cut away any loose threads.']","['Sew the button in place with the needle and thread', 'Get out needle']",Sew the button in place with the needle and thread,0,0, A
5,80.76923076923077,"['Get supplies - shirt, new button, thread, needle', 'Get needle and thread', 'Thread the needle', 'Cut away any loose threads.', 'Sew the button in place with the needle and thread']","['Tie knot in thread', 'Thread needle.']",Tie knot in thread,0,0, A
6,84.61538461538461,"['Get supplies - shirt, new button, thread, needle', 'Get needle and thread', 'Thread the needle', 'Cut away any loose threads.', 'Sew the button in place with the needle and thread', 'Tie knot in thread']","['Get needle.', 'Cut loose ends']",Cut loose ends,1,0, A
7,88.46153846153845,"['Get supplies - shirt, new button, thread, needle', 'Get needle and thread', 'Thread the needle', 'Cut away any loose threads.', 'Sew the button in place with the needle and thread', 'Tie knot in thread', 'Cut loose ends']","['Pull it back out the other hole', 'Put needle and thread back in drawer']",Put needle and thread back in drawer,1,0, A
0,0.0,[],"['Drive to fabric store', 'Cut thread']",Drive to fabric store,0,0, A
1,19.230769230769237,['Drive to fabric store'],"['Get some thread.', 'Do this through all holes of button']",Get some thread.,0,0, A
2,26.923076923076923,"['Drive to fabric store', 'Get some thread.']","['Get a piece of clothing.', 'Cut the thread']",Get a piece of clothing.,0,0, A
3,50.0,"['Drive to fabric store', 'Get some thread.', 'Get a piece of clothing.']","['Check the button', 'Push needle through the button hole into the fabric']",Push needle through the button hole into the fabric,1,0, A
4,65.38461538461539,"['Drive to fabric store', 'Get some thread.', 'Get a piece of clothing.', 'Push needle through the button hole into the fabric']","['Tie a knot in the thread', 'Pass the needle through the second button hole']",Pass the needle through the second button hole,1,0, A
5,76.92307692307693,"['Drive to fabric store', 'Get some thread.', 'Get a piece of clothing.', 'Push needle through the button hole into the fabric', 'Pass the needle through the second button hole']","['Tie knot in end of thread', 'Continue crisscrossing thread between holes of button until button is tight.']",Continue crisscrossing thread between holes of button until button is tight.,1,0, A
6,84.61538461538461,"['Drive to fabric store', 'Get some thread.', 'Get a piece of clothing.', 'Push needle through the button hole into the fabric', 'Pass the needle through the second button hole', 'Continue crisscrossing thread between holes of button until button is tight.']","['Grab a needle and thread', 'Tie knot to secure thread and button to clothes']",Tie knot to secure thread and button to clothes,1,0, A
0,0.0,[],"['get sewing kit', 'Poke needle through opposite hole']",get sewing kit,0,0, A
1,11.538461538461538,['get sewing kit'],"['Select needle', 'Start to sew on button']",Select needle,0,0, A
2,23.07692307692308,"['get sewing kit', 'Select needle']","['Tie the end of the string', 'Find a button']",Find a button,1,0, A
3,30.76923076923077,"['get sewing kit', 'Select needle', 'Find a button']","['Tie the thread in a knot to secure it', 'Place button where you want it.']",Place button where you want it.,1,0, A
4,50.0,"['get sewing kit', 'Select needle', 'Find a button', 'Place button where you want it.']","['insert needle through cloth', 'Obtain needle and thread']",insert needle through cloth,0,0, A
5,65.38461538461539,"['get sewing kit', 'Select needle', 'Find a button', 'Place button where you want it.', 'insert needle through cloth']","['Thread needle', 'Pass the needle through the second button hole']",Pass the needle through the second button hole,1,0, A
6,76.92307692307693,"['get sewing kit', 'Select needle', 'Find a button', 'Place button where you want it.', 'insert needle through cloth', 'Pass the needle through the second button hole']","['Line the button up in the place where the old one would have been', 'Do this several times until the button is secure']",Do this several times until the button is secure,1,0, A
0,0.0,[],"['Cut the thread', 'Grab the fabric and button']",Grab the fabric and button,1,0, A
1,26.923076923076923,['Grab the fabric and button'],"['Get clothes', 'Get sewing kit']",Get clothes,0,0, A
2,50.0,"['Grab the fabric and button', 'Get clothes']","['Cut the excess thread', 'Put the thread through the button and start threading']",Put the thread through the button and start threading,1,0, A
3,53.84615384615385,"['Grab the fabric and button', 'Get clothes', 'Put the thread through the button and start threading']","['Find button that matches lost button.', 'Thread the opposite diagonal hole with the needle and tighten the string']",Thread the opposite diagonal hole with the needle and tighten the string,1,0, A
4,61.53846153846154,"['Grab the fabric and button', 'Get clothes', 'Put the thread through the button and start threading', 'Thread the opposite diagonal hole with the needle and tighten the string']","['Push needle through hole', 'Place item on flat surface']",Push needle through hole,0,0, A
5,76.92307692307693,"['Grab the fabric and button', 'Get clothes', 'Put the thread through the button and start threading', 'Thread the opposite diagonal hole with the needle and tighten the string', 'Push needle through hole']","['Keep repeating the sewing to reinforce the strength', 'Place the button in the right spot']",Keep repeating the sewing to reinforce the strength,0,0, A
6,80.76923076923077,"['Grab the fabric and button', 'Get clothes', 'Put the thread through the button and start threading', 'Thread the opposite diagonal hole with the needle and tighten the string', 'Push needle through hole', 'Keep repeating the sewing to reinforce the strength']","['Repeat to make loop and knot it.', 'Thread the needle']",Repeat to make loop and knot it.,0,0, A
0,0.0,[],"['Gather supplies', 'tie off the thread']",Gather supplies,0,0, A
1,26.923076923076923,['Gather supplies'],"['Make a knot', 'Pick up shirt missing button.']",Pick up shirt missing button.,1,0, A
2,30.76923076923077,"['Gather supplies', 'Pick up shirt missing button.']","['Place button on item', 'Sew button through third hole']",Place button on item,0,0, A
3,42.30769230769231,"['Gather supplies', 'Pick up shirt missing button.', 'Place button on item']","['Check the button', 'measure and cut length of thread']",measure and cut length of thread,1,0, A
4,61.53846153846154,"['Gather supplies', 'Pick up shirt missing button.', 'Place button on item', 'measure and cut length of thread']","['Pull the needle until thread is completely on the other side of shirt', 'gather garment for buttoning']",Pull the needle until thread is completely on the other side of shirt,0,0, A
5,76.92307692307693,"['Gather supplies', 'Pick up shirt missing button.', 'Place button on item', 'measure and cut length of thread', 'Pull the needle until thread is completely on the other side of shirt']","['Get button', 'Repeat this until the button is secure']",Repeat this until the button is secure,1,0, A
0,0.0,[],"['Tie knot in thread', 'Get sewing kit']",Get sewing kit,1,0, A
1,19.230769230769237,['Get sewing kit'],"['Sew button through second hole', 'Choose thread to sew button on with.']",Choose thread to sew button on with.,1,0, A
2,34.61538461538461,"['Get sewing kit', 'Choose thread to sew button on with.']","['Cut away any extra string', 'thread the needle']",thread the needle,1,0, A
3,42.30769230769231,"['Get sewing kit', 'Choose thread to sew button on with.', 'thread the needle']","['Loop thread to create knot in thread.', 'Cut thread string to how much is needed']",Cut thread string to how much is needed,1,0, A
4,61.53846153846154,"['Get sewing kit', 'Choose thread to sew button on with.', 'thread the needle', 'Cut thread string to how much is needed']","['take needle bring up through the back of the item', 'Collect thread and needle.']",take needle bring up through the back of the item,0,0, A
5,65.38461538461539,"['Get sewing kit', 'Choose thread to sew button on with.', 'thread the needle', 'Cut thread string to how much is needed', 'take needle bring up through the back of the item']","['Push needle through other hole of button and through clothes', 'get some thread']",Push needle through other hole of button and through clothes,0,0, A
6,76.92307692307693,"['Get sewing kit', 'Choose thread to sew button on with.', 'thread the needle', 'Cut thread string to how much is needed', 'take needle bring up through the back of the item', 'Push needle through other hole of button and through clothes']","['Place button where desired', 'Repeat']",Repeat,1,0, A
7,80.76923076923077,"['Get sewing kit', 'Choose thread to sew button on with.', 'thread the needle', 'Cut thread string to how much is needed', 'take needle bring up through the back of the item', 'Push needle through other hole of button and through clothes', 'Repeat']","['Tie the thread round in between the garment and button', 'thread the needle']",Tie the thread round in between the garment and button,0,0, A
8,88.46153846153845,"['Get sewing kit', 'Choose thread to sew button on with.', 'thread the needle', 'Cut thread string to how much is needed', 'take needle bring up through the back of the item', 'Push needle through other hole of button and through clothes', 'Repeat', 'Tie the thread round in between the garment and button']","['Put supplies away', 'pull needle through to knot']",Put supplies away,0,0, A
0,0.0,[],"['Remove the old button', 'Grab the fabric and button']",Grab the fabric and button,1,0, A
1,26.923076923076923,['Grab the fabric and button'],"['Continue repeating pushing up and pushing thread back down', 'find shirt with missing button']",find shirt with missing button,1,0, A
2,50.0,"['Grab the fabric and button', 'find shirt with missing button']","['put the needle into the fabric', 'Continue sewing in an X pattern until the button is secure.']",put the needle into the fabric,0,0, A
3,65.38461538461539,"['Grab the fabric and button', 'find shirt with missing button', 'put the needle into the fabric']","['Pull needle and thread', 'get thread, needle, button to be sewn']",Pull needle and thread,0,0, A
4,69.23076923076923,"['Grab the fabric and button', 'find shirt with missing button', 'put the needle into the fabric', 'Pull needle and thread']","['Get scissors, needle, button and thread', 'Sew button through third hole']",Sew button through third hole,1,0, A
0,0.0,[],"['Drive to fabric store', 'putting the button on the fabric']",Drive to fabric store,0,0, A
1,19.230769230769237,['Drive to fabric store'],"['Get some thread', 'ATTACH BUTTON USING NEEDLE AND THREAD']",Get some thread,0,0, A
2,30.76923076923077,"['Drive to fabric store', 'Get some thread']","['Place button where desired', 'repeat steps 4-5 until button is secured to shirt']",Place button where desired,0,0, A
3,34.61538461538461,"['Drive to fabric store', 'Get some thread', 'Place button where desired']","['Put thread in needle', 'Repeat steps 4 through 6 about 30 times']",Put thread in needle,0,0, A
4,50.0,"['Drive to fabric store', 'Get some thread', 'Place button where desired', 'Put thread in needle']","['Find a needle and thread', 'Put needle and thread through shirt']",Put needle and thread through shirt,1,0, A
5,61.53846153846154,"['Drive to fabric store', 'Get some thread', 'Place button where desired', 'Put thread in needle', 'Put needle and thread through shirt']","['Push needle through first hole', 'Gather supplies']",Push needle through first hole,0,0, A
6,80.76923076923077,"['Drive to fabric store', 'Get some thread', 'Place button where desired', 'Put thread in needle', 'Put needle and thread through shirt', 'Push needle through first hole']","['Thread needle', 'Secure the button with a knot']",Secure the button with a knot,1,0, A
0,0.0,[],"['Get button, thread, needle and scissors', 'Put away thread and needle']","Get button, thread, needle and scissors",0,0, A
1,15.384615384615383,"['Get button, thread, needle and scissors']","['Select thread of correct color', 'tie off the thread']",Select thread of correct color,0,0, A
2,23.07692307692308,"['Get button, thread, needle and scissors', 'Select thread of correct color']","['Cut off excess thread', 'Get your button']",Get your button,1,0, A
3,38.46153846153847,"['Get button, thread, needle and scissors', 'Select thread of correct color', 'Get your button']","['cut loose thread', 'Tie knot']",Tie knot,1,0, A
4,61.53846153846154,"['Get button, thread, needle and scissors', 'Select thread of correct color', 'Get your button', 'Tie knot']","['Push needle through hole', 'Select thread of correct color']",Push needle through hole,0,0, A
5,80.76923076923077,"['Get button, thread, needle and scissors', 'Select thread of correct color', 'Get your button', 'Tie knot', 'Push needle through hole']","['Thread the needle', ""Make sure it's secure""]",Make sure it's secure,1,0, A
0,0.0,[],"['Get sewing basket', 'Sew through the diagonal hole of the button and the garment.']",Get sewing basket,0,0, A
1,19.230769230769237,['Get sewing basket'],"['Get out thread', 'knot thread']",Get out thread,0,0, A
2,26.923076923076923,"['Get sewing basket', 'Get out thread']","['find shirt with missing button', 'Then push needle through material']",find shirt with missing button,0,0, A
3,50.0,"['Get sewing basket', 'Get out thread', 'find shirt with missing button']","['take the needle and matching thread', 'Push needle through the button holes']",Push needle through the button holes,1,0, A
4,61.53846153846154,"['Get sewing basket', 'Get out thread', 'find shirt with missing button', 'Push needle through the button holes']","['Thread one hole with the needle', 'Get needle and thread']",Thread one hole with the needle,0,0, A
5,80.76923076923077,"['Get sewing basket', 'Get out thread', 'find shirt with missing button', 'Push needle through the button holes', 'Thread one hole with the needle']","['Tie of thread on inside', 'Align the button on the correct place on the cloth']",Tie of thread on inside,0,0, A
6,84.61538461538461,"['Get sewing basket', 'Get out thread', 'find shirt with missing button', 'Push needle through the button holes', 'Thread one hole with the needle', 'Tie of thread on inside']","['cut thread', 'Put button in the right area']",cut thread,0,0, A
0,0.0,[],"['when done tie the end properly', 'Find sewing kit.']",Find sewing kit.,1,0, A
1,19.230769230769237,['Find sewing kit.'],"['Loop thread to create knot in thread.', 'get some thread']",get some thread,1,0, A
2,34.61538461538461,"['Find sewing kit.', 'get some thread']","['when done tie the end properly', 'Thread a needle.']",Thread a needle.,1,0, A
3,38.46153846153847,"['Find sewing kit.', 'get some thread', 'Thread a needle.']","['Tie knot with thread', 'Take a needle and required thread']",Tie knot with thread,0,0, A
4,50.0,"['Find sewing kit.', 'get some thread', 'Thread a needle.', 'Tie knot with thread']","['Find a needle and thread', 'Put thread through needle.']",Put thread through needle.,1,0, A
5,53.84615384615385,"['Find sewing kit.', 'get some thread', 'Thread a needle.', 'Tie knot with thread', 'Put thread through needle.']","['Get the sewing kit.', 'Thread the opposite diagonal hole with the needle and tighten the string']",Thread the opposite diagonal hole with the needle and tighten the string,1,0, A
6,61.53846153846154,"['Find sewing kit.', 'get some thread', 'Thread a needle.', 'Tie knot with thread', 'Put thread through needle.', 'Thread the opposite diagonal hole with the needle and tighten the string']","['Holding button at appropriate location, press needle through first hole on button.', 'Cut the excess thread']","Holding button at appropriate location, press needle through first hole on button.",0,0, A
7,76.92307692307693,"['Find sewing kit.', 'get some thread', 'Thread a needle.', 'Tie knot with thread', 'Put thread through needle.', 'Thread the opposite diagonal hole with the needle and tighten the string', 'Holding button at appropriate location, press needle through first hole on button.']","['Find thread', 'Repeat through each button hole']",Repeat through each button hole,1,0, A
8,84.61538461538461,"['Find sewing kit.', 'get some thread', 'Thread a needle.', 'Tie knot with thread', 'Put thread through needle.', 'Thread the opposite diagonal hole with the needle and tighten the string', 'Holding button at appropriate location, press needle through first hole on button.', 'Repeat through each button hole']","['Cut thread from spindle', 'Cut about 16 inches worth of thread.']",Cut thread from spindle,0,0, A
9,88.46153846153845,"['Find sewing kit.', 'get some thread', 'Thread a needle.', 'Tie knot with thread', 'Put thread through needle.', 'Thread the opposite diagonal hole with the needle and tighten the string', 'Holding button at appropriate location, press needle through first hole on button.', 'Repeat through each button hole', 'Cut thread from spindle']","['Tie a knot a the end of the thread', 'Clean up.']",Clean up.,1,0, A
0,0.0,[],"['Get sewing kit', 'Cut about 16 inches worth of thread.']",Get sewing kit,0,0, A
1,34.61538461538461,['Get sewing kit'],"['Knot thread', 'Thread needle.']",Thread needle.,1,0, A
2,53.84615384615385,"['Get sewing kit', 'Thread needle.']","['Continue to push and pull needle through button holes until button is secure', 'find the needle']",Continue to push and pull needle through button holes until button is secure,0,0, A
3,61.53846153846154,"['Get sewing kit', 'Thread needle.', 'Continue to push and pull needle through button holes until button is secure']","['Starting from the bottom, poke needle through hole in button', 'Find thread']","Starting from the bottom, poke needle through hole in button",0,0, A
4,80.76923076923077,"['Get sewing kit', 'Thread needle.', 'Continue to push and pull needle through button holes until button is secure', 'Starting from the bottom, poke needle through hole in button']","['Thread needle.', 'Tie off finishing knot']",Tie off finishing knot,1,0, A
5,88.46153846153845,"['Get sewing kit', 'Thread needle.', 'Continue to push and pull needle through button holes until button is secure', 'Starting from the bottom, poke needle through hole in button', 'Tie off finishing knot']","['Push needle through button and fabric.', 'Put the needle and thread away']",Put the needle and thread away,1,0, A
0,0.0,[],"['Push needle through back of clothes and through hole of button', 'Drive to fabric store']",Drive to fabric store,1,0, A
1,19.230769230769237,['Drive to fabric store'],"['Tie the end of the string so it will not unravel', 'Find thread color to match button or item requiring the button']",Find thread color to match button or item requiring the button,1,0, A
2,30.76923076923077,"['Drive to fabric store', 'Find thread color to match button or item requiring the button']","['Position button in correct place.', 'Put everything away.']",Position button in correct place.,0,0, A
3,50.0,"['Drive to fabric store', 'Find thread color to match button or item requiring the button', 'Position button in correct place.']","['Push needle through button and fabric.', 'Check new button']",Push needle through button and fabric.,0,0, A
4,80.76923076923077,"['Drive to fabric store', 'Find thread color to match button or item requiring the button', 'Position button in correct place.', 'Push needle through button and fabric.']","['Get out sewing kit.', 'make sure button is secure']",make sure button is secure,1,0, A
5,88.46153846153845,"['Drive to fabric store', 'Find thread color to match button or item requiring the button', 'Position button in correct place.', 'Push needle through button and fabric.', 'make sure button is secure']","['Get thread', 'PUT NEEDLE AND THREAD AWAY']",PUT NEEDLE AND THREAD AWAY,1,0, A
0,0.0,[],"['Drive to fabric store', 'knot thread']",Drive to fabric store,0,0, A
1,19.230769230769237,['Drive to fabric store'],"['Get thread.', 'Tie the end of the string so it will not unravel']",Get thread.,0,0, A
2,30.76923076923077,"['Drive to fabric store', 'Get thread.']","['Take out sewing kit', 'Line the button up in the place where the old one would have been']",Line the button up in the place where the old one would have been,1,0, A
3,50.0,"['Drive to fabric store', 'Get thread.', 'Line the button up in the place where the old one would have been']","['Insert the thread through the button', 'Get needle and thread']",Insert the thread through the button,0,0, A
4,65.38461538461539,"['Drive to fabric store', 'Get thread.', 'Line the button up in the place where the old one would have been', 'Insert the thread through the button']","['Bring the needle up through another hole on button.', 'Pull out a length of thread.']",Bring the needle up through another hole on button.,0,0, A
5,69.23076923076923,"['Drive to fabric store', 'Get thread.', 'Line the button up in the place where the old one would have been', 'Insert the thread through the button', 'Bring the needle up through another hole on button.']","['Put thread in it', 'Sew through the diagonal hole of the button and the garment.']",Sew through the diagonal hole of the button and the garment.,1,0, A
0,0.0,[],"['sew onto fabric securely', 'Drive to fabric store']",Drive to fabric store,1,0, A
1,19.230769230769237,['Drive to fabric store'],"['Get some thread', 'Loop thread to create knot in thread.']",Get some thread,0,0, A
2,30.76923076923077,"['Drive to fabric store', 'Get some thread']","['Hold button in place on clothing.', 'Pull needle out other side.']",Hold button in place on clothing.,0,0, A
3,46.15384615384615,"['Drive to fabric store', 'Get some thread', 'Hold button in place on clothing.']","['Poke needle through opposite hole', 'Sew the button onto the garment by passing the needle through all 4 button holes.']",Sew the button onto the garment by passing the needle through all 4 button holes.,1,0, A
4,84.61538461538461,"['Drive to fabric store', 'Get some thread', 'Hold button in place on clothing.', 'Sew the button onto the garment by passing the needle through all 4 button holes.']","['Cut excess thread', 'Get the button.']",Cut excess thread,0,0, A
0,0.0,[],"['Get clothing', 'Find sewing kit']",Find sewing kit,1,0, A
1,7.6923076923076925,['Find sewing kit'],"['Make a knot', 'Get needle and thread']",Get needle and thread,1,0, A
2,19.230769230769237,"['Find sewing kit', 'Get needle and thread']","['sew onto fabric securely', 'Get thread.']",Get thread.,1,0, A
3,23.07692307692308,"['Find sewing kit', 'Get needle and thread', 'Get thread.']","['Find button that matches lost button.', 'Tie knot on thread.']",Find button that matches lost button.,0,0, A
4,30.76923076923077,"['Find sewing kit', 'Get needle and thread', 'Get thread.', 'Find button that matches lost button.']","['Secure the button with a knot', 'Put button in proper place']",Put button in proper place,1,0, A
5,61.53846153846154,"['Find sewing kit', 'Get needle and thread', 'Get thread.', 'Find button that matches lost button.', 'Put button in proper place']","['Get sewing basket', 'Start sewing going into the back of the garment.']",Start sewing going into the back of the garment.,1,0, A
6,80.76923076923077,"['Find sewing kit', 'Get needle and thread', 'Get thread.', 'Find button that matches lost button.', 'Put button in proper place', 'Start sewing going into the back of the garment.']","['Find needle', 'when done tie the end properly']",when done tie the end properly,1,0, A
7,88.46153846153845,"['Find sewing kit', 'Get needle and thread', 'Get thread.', 'Find button that matches lost button.', 'Put button in proper place', 'Start sewing going into the back of the garment.', 'when done tie the end properly']","['Pull thread through opposite button hole', 'Put needle and thread back in drawer']",Put needle and thread back in drawer,1,0, A
8,92.3076923076923,"['Find sewing kit', 'Get needle and thread', 'Get thread.', 'Find button that matches lost button.', 'Put button in proper place', 'Start sewing going into the back of the garment.', 'when done tie the end properly', 'Put needle and thread back in drawer']","['Check the button', 'Get button']",Check the button,0,0, A
0,0.0,[],"['Drive to fabric store', 'Sew button.']",Drive to fabric store,0,0, A
1,19.230769230769237,['Drive to fabric store'],"['Get the proper colored thread', 'Start sewing']",Get the proper colored thread,0,0, A
2,23.07692307692308,"['Drive to fabric store', 'Get the proper colored thread']","['Find matching button, or old button.', 'put the needle in and out through the holes']","Find matching button, or old button.",0,0, A
3,26.923076923076923,"['Drive to fabric store', 'Get the proper colored thread', 'Find matching button, or old button.']","['taking the right button out', 'Repeat 5 times with other two button holes']",taking the right button out,0,0, A
4,30.76923076923077,"['Drive to fabric store', 'Get the proper colored thread', 'Find matching button, or old button.', 'taking the right button out']","['Continue until the button is on tight', 'place button where you want it']",place button where you want it,1,0, A
5,53.84615384615385,"['Drive to fabric store', 'Get the proper colored thread', 'Find matching button, or old button.', 'taking the right button out', 'place button where you want it']","['Place needle through button eyelets.', 'Gather supplies']",Place needle through button eyelets.,0,0, A
6,84.61538461538461,"['Drive to fabric store', 'Get the proper colored thread', 'Find matching button, or old button.', 'taking the right button out', 'place button where you want it', 'Place needle through button eyelets.']","['Thread the needle', 'Cut the needle off of the thread.']",Cut the needle off of the thread.,1,0, A
7,88.46153846153845,"['Drive to fabric store', 'Get the proper colored thread', 'Find matching button, or old button.', 'taking the right button out', 'place button where you want it', 'Place needle through button eyelets.', 'Cut the needle off of the thread.']","['Put away thread and needle', 'place the button']",Put away thread and needle,0,0, A
8,92.3076923076923,"['Drive to fabric store', 'Get the proper colored thread', 'Find matching button, or old button.', 'taking the right button out', 'place button where you want it', 'Place needle through button eyelets.', 'Cut the needle off of the thread.', 'Put away thread and needle']","['Thread a needle.', 'Check new button']",Check new button,1,0, A
0,0.0,[],"['Continue to loop the needle and thread through the button holes.', 'get thread, needle, button to be sewn']","get thread, needle, button to be sewn",1,0, A
1,7.6923076923076925,"['get thread, needle, button to be sewn']","['knot thread', 'Obtain needle and thread']",Obtain needle and thread,1,0, A
2,34.61538461538461,"['get thread, needle, button to be sewn', 'Obtain needle and thread']","['Put thread through needle', 'Repeat several times until button is attached solidly to the fabric.']",Put thread through needle,0,0, A
3,50.0,"['get thread, needle, button to be sewn', 'Obtain needle and thread', 'Put thread through needle']","['Take out needle.', 'Stick the needle through']",Stick the needle through,1,0, A
4,76.92307692307693,"['get thread, needle, button to be sewn', 'Obtain needle and thread', 'Put thread through needle', 'Stick the needle through']","['Continue to loop the needle and thread through the button holes.', 'Put thread in needle']",Continue to loop the needle and thread through the button holes.,0,0, A
5,80.76923076923077,"['get thread, needle, button to be sewn', 'Obtain needle and thread', 'Put thread through needle', 'Stick the needle through', 'Continue to loop the needle and thread through the button holes.']","['Tie off finishing knot', 'Put needle through button and clothing.']",Tie off finishing knot,0,0, A
0,0.0,[],"['make few passes', 'Get the sewing kit.']",Get the sewing kit.,1,0, A
1,7.6923076923076925,['Get the sewing kit.'],"['cut the thread when finished', 'Get needle and thread']",Get needle and thread,1,0, A
2,19.230769230769237,"['Get the sewing kit.', 'Get needle and thread']","['Find thread that matches', ""pass needle and thread back through another of the button's needle holes""]",Find thread that matches,0,0, A
3,26.923076923076923,"['Get the sewing kit.', 'Get needle and thread', 'Find thread that matches']","['Find sewing kit', 'gather garment for buttoning']",gather garment for buttoning,1,0, A
4,50.0,"['Get the sewing kit.', 'Get needle and thread', 'Find thread that matches', 'gather garment for buttoning']","['push the needle through the fabric', 'push needle to back of the item']",push the needle through the fabric,0,0, A
5,61.53846153846154,"['Get the sewing kit.', 'Get needle and thread', 'Find thread that matches', 'gather garment for buttoning', 'push the needle through the fabric']","['Insert needle through one side of button', 'Clean up.']",Insert needle through one side of button,0,0, A
6,65.38461538461539,"['Get the sewing kit.', 'Get needle and thread', 'Find thread that matches', 'gather garment for buttoning', 'push the needle through the fabric', 'Insert needle through one side of button']","['Put the needle thorough the back of the button hole.', 'get sewing kit']",Put the needle thorough the back of the button hole.,0,0, A
7,69.23076923076923,"['Get the sewing kit.', 'Get needle and thread', 'Find thread that matches', 'gather garment for buttoning', 'push the needle through the fabric', 'Insert needle through one side of button', 'Put the needle thorough the back of the button hole.']","['Pass the needle in and out of holes on button', 'put needle into adjoining hole']",put needle into adjoining hole,1,0, A
0,0.0,[],"['Drive to fabric store', 'put items away when done']",Drive to fabric store,0,0, A
1,19.230769230769237,['Drive to fabric store'],"['Tie the end with a knot.', 'Find thread that matches']",Find thread that matches,1,0, A
2,34.61538461538461,"['Drive to fabric store', 'Find thread that matches']","['thread the needle', 'Tie off the thread on the underside of the garment']",thread the needle,0,0, A
3,50.0,"['Drive to fabric store', 'Find thread that matches', 'thread the needle']","['put the needle into the fabric', 'locate needle and thread']",put the needle into the fabric,0,0, A
4,76.92307692307693,"['Drive to fabric store', 'Find thread that matches', 'thread the needle', 'put the needle into the fabric']","['Cut a length of thread more than double what you will need', 'Repeat step 8 until button is sewn on']",Repeat step 8 until button is sewn on,1,0, A
5,84.61538461538461,"['Drive to fabric store', 'Find thread that matches', 'thread the needle', 'put the needle into the fabric', 'Repeat step 8 until button is sewn on']","['Cut thread from spindle', 'Get the item of clothing the button is to go on']",Cut thread from spindle,0,0, A
6,88.46153846153845,"['Drive to fabric store', 'Find thread that matches', 'thread the needle', 'put the needle into the fabric', 'Repeat step 8 until button is sewn on', 'Cut thread from spindle']","['Put needle away', 'Put button on shirt.']",Put needle away,0,0, A
0,0.0,[],"['put needle and thread away', 'Gather supplies']",Gather supplies,1,0, A
1,26.923076923076923,['Gather supplies'],"['Cut away any extra string', 'Lay down garment']",Lay down garment,1,0, A
2,34.61538461538461,"['Gather supplies', 'Lay down garment']","['Tie the thread', 'Thread needle']",Thread needle,1,0, A
3,46.15384615384615,"['Gather supplies', 'Lay down garment', 'Thread needle']","['Use needle and thread to sew button', 'Choose button that I like']",Use needle and thread to sew button,0,0, A
4,80.76923076923077,"['Gather supplies', 'Lay down garment', 'Thread needle', 'Use needle and thread to sew button']","['Tie off the thread on the underside of the garment', 'Get button, thread, needle and scissors']",Tie off the thread on the underside of the garment,0,0, A
5,88.46153846153845,"['Gather supplies', 'Lay down garment', 'Thread needle', 'Use needle and thread to sew button', 'Tie off the thread on the underside of the garment']","['Thread the opposite diagonal hole with the needle and tighten the string', 'Put supplies away']",Put supplies away,1,0, A
6,92.3076923076923,"['Gather supplies', 'Lay down garment', 'Thread needle', 'Use needle and thread to sew button', 'Tie off the thread on the underside of the garment', 'Put supplies away']","['Check if the button is tight', 'Align button']",Check if the button is tight,0,0, A
0,0.0,[],"['Drive to fabric store', 'Thread the opposite diagonal hole with the needle and tighten the string']",Drive to fabric store,0,0, A
1,19.230769230769237,['Drive to fabric store'],"['Make knot between thread and clothing.', 'Find thread that matches']",Find thread that matches,1,0, A
2,34.61538461538461,"['Drive to fabric store', 'Find thread that matches']","['tie a knot at the end of the string', 'Thread a needle']",Thread a needle,1,0, A
3,50.0,"['Drive to fabric store', 'Find thread that matches', 'Thread a needle']","['Insert the needle from the bottom where the button is to be sewn', 'Cut thread']",Insert the needle from the bottom where the button is to be sewn,0,0, A
4,53.84615384615385,"['Drive to fabric store', 'Find thread that matches', 'Thread a needle', 'Insert the needle from the bottom where the button is to be sewn']","['Get garment which you would like to sew button on to.', 'Run needle and thread through button hole and fabric hole']",Run needle and thread through button hole and fabric hole,1,0, A
5,76.92307692307693,"['Drive to fabric store', 'Find thread that matches', 'Thread a needle', 'Insert the needle from the bottom where the button is to be sewn', 'Run needle and thread through button hole and fabric hole']","['Take out right colored thread.', 'repeat 5-8 several times until button is secure']",repeat 5-8 several times until button is secure,1,0, A
6,80.76923076923077,"['Drive to fabric store', 'Find thread that matches', 'Thread a needle', 'Insert the needle from the bottom where the button is to be sewn', 'Run needle and thread through button hole and fabric hole', 'repeat 5-8 several times until button is secure']","['Knot thread', 'Get a thread and a needle']",Knot thread,0,0, A
7,88.46153846153845,"['Drive to fabric store', 'Find thread that matches', 'Thread a needle', 'Insert the needle from the bottom where the button is to be sewn', 'Run needle and thread through button hole and fabric hole', 'repeat 5-8 several times until button is secure', 'Knot thread']","['Put supplies away', 'attach button']",Put supplies away,0,0, A
8,92.3076923076923,"['Drive to fabric store', 'Find thread that matches', 'Thread a needle', 'Insert the needle from the bottom where the button is to be sewn', 'Run needle and thread through button hole and fabric hole', 'repeat 5-8 several times until button is secure', 'Knot thread', 'Put supplies away']","['MAKE SURE BUTTON IS SECURE', 'sew the button on the garment']",MAKE SURE BUTTON IS SECURE,0,0, A
0,0.0,[],"['Sew button through fourth and final hole', 'Drive to fabric store']",Drive to fabric store,1,0, A
1,19.230769230769237,['Drive to fabric store'],"['Get thread', 'Slide button onto needle and thread.']",Get thread,0,0, A
2,23.07692307692308,"['Drive to fabric store', 'Get thread']","['Get proper button', 'Pass thread through button holes.']",Get proper button,0,0, A
3,61.53846153846154,"['Drive to fabric store', 'Get thread', 'Get proper button']","['Get shirt', 'Start sewing going into the back of the garment.']",Start sewing going into the back of the garment.,1,0, A
4,65.38461538461539,"['Drive to fabric store', 'Get thread', 'Get proper button', 'Start sewing going into the back of the garment.']","['get thread', 'Put the needle thorough the back of the button hole.']",Put the needle thorough the back of the button hole.,1,0, A
5,69.23076923076923,"['Drive to fabric store', 'Get thread', 'Get proper button', 'Start sewing going into the back of the garment.', 'Put the needle thorough the back of the button hole.']","['Poke needle through opposite hole', 'find needle and thread']",Poke needle through opposite hole,0,0, A
6,73.07692307692307,"['Drive to fabric store', 'Get thread', 'Get proper button', 'Start sewing going into the back of the garment.', 'Put the needle thorough the back of the button hole.', 'Poke needle through opposite hole']","['Repeat for remaining holes', 'Get the garment']",Repeat for remaining holes,0,0, A
7,84.61538461538461,"['Drive to fabric store', 'Get thread', 'Get proper button', 'Start sewing going into the back of the garment.', 'Put the needle thorough the back of the button hole.', 'Poke needle through opposite hole', 'Repeat for remaining holes']","['Cut thread close to knot.', 'Thread needle']",Cut thread close to knot.,0,0, A
8,88.46153846153845,"['Drive to fabric store', 'Get thread', 'Get proper button', 'Start sewing going into the back of the garment.', 'Put the needle thorough the back of the button hole.', 'Poke needle through opposite hole', 'Repeat for remaining holes', 'Cut thread close to knot.']","['Get thread and needle', 'Put away needle and thread']",Put away needle and thread,1,0, A
0,0.0,[],"['Push thread through needle and tie in a knot', 'Gather supplies']",Gather supplies,1,0, A
1,15.384615384615383,['Gather supplies'],"['cut thread so that need will detach', 'Find matching thread']",Find matching thread,1,0, A
2,34.61538461538461,"['Gather supplies', 'Find matching thread']","['Push needle down through other button on hole', 'thread needle']",thread needle,1,0, A
3,50.0,"['Gather supplies', 'Find matching thread', 'thread needle']","['put the needle into the fabric', 'Place item on flat surface']",put the needle into the fabric,0,0, A
4,65.38461538461539,"['Gather supplies', 'Find matching thread', 'thread needle', 'put the needle into the fabric']","['Pull needle and thread', 'Put thread through a needle.']",Pull needle and thread,0,0, A
5,69.23076923076923,"['Gather supplies', 'Find matching thread', 'thread needle', 'put the needle into the fabric', 'Pull needle and thread']","['Thread a needle.', 'put needle into adjoining hole']",put needle into adjoining hole,1,0, A
0,0.0,[],"['Put needle and thread through shirt', 'Get sewing kit']",Get sewing kit,1,0, A
1,34.61538461538461,['Get sewing kit'],"['Thread needle.', 'Tie off thread']",Thread needle.,0,0, A
2,38.46153846153847,"['Get sewing kit', 'Thread needle.']","['Tie off the thread', 'Tie knot with thread']",Tie knot with thread,1,0, A
3,61.53846153846154,"['Get sewing kit', 'Thread needle.', 'Tie knot with thread']","['take needle bring up through the back of the item', 'Cut thread']",take needle bring up through the back of the item,0,0, A
4,80.76923076923077,"['Get sewing kit', 'Thread needle.', 'Tie knot with thread', 'take needle bring up through the back of the item']","['Purchase buttons', 'Tie off thread']",Tie off thread,1,0, A
5,88.46153846153845,"['Get sewing kit', 'Thread needle.', 'Tie knot with thread', 'take needle bring up through the back of the item', 'Tie off thread']","['Put away thread and needle', 'Take thread from sewing kit']",Put away thread and needle,0,0, A
6,92.3076923076923,"['Get sewing kit', 'Thread needle.', 'Tie knot with thread', 'take needle bring up through the back of the item', 'Tie off thread', 'Put away thread and needle']","['With other hand, push needle through button hole', 'Check new button']",Check new button,1,0, A
0,0.0,[],"['Cut the thread near the needle to finish', 'get sewing kit']",get sewing kit,1,0, A
1,19.230769230769237,['get sewing kit'],"['Get thread', 'Put thread through needle.']",Get thread,0,0, A
2,26.923076923076923,"['get sewing kit', 'Get thread']","['Get a piece of clothing.', ""Make 4 x's in button.""]",Get a piece of clothing.,0,0, A
3,50.0,"['get sewing kit', 'Get thread', 'Get a piece of clothing.']","['Put needle through one hole', 'Select needle']",Put needle through one hole,0,0, A
4,65.38461538461539,"['get sewing kit', 'Get thread', 'Get a piece of clothing.', 'Put needle through one hole']","['Pull needle out other side.', 'Grab thread and needle']",Pull needle out other side.,0,0, A
5,69.23076923076923,"['get sewing kit', 'Get thread', 'Get a piece of clothing.', 'Put needle through one hole', 'Pull needle out other side.']","[""Pull a thread of a matching color through the needle's eye"", 'Move needle down to hole opposite first hole']",Move needle down to hole opposite first hole,1,0, A
0,0.0,[],"['When button is securely in place tie knot in thread at back of garment', 'Drive to fabric store']",Drive to fabric store,1,0, A
1,19.230769230769237,['Drive to fabric store'],"['Pull thread through', 'Find a thread']",Find a thread,1,0, A
2,30.76923076923077,"['Drive to fabric store', 'Find a thread']","['Take out sewing kit', 'Place the button at right place']",Place the button at right place,1,0, A
3,34.61538461538461,"['Drive to fabric store', 'Find a thread', 'Place the button at right place']","['get thread, needle, button to be sewn', 'Place the thread through the needle']",Place the thread through the needle,1,0, A
4,88.46153846153845,"['Drive to fabric store', 'Find a thread', 'Place the button at right place', 'Place the thread through the needle']","['Put needle and thread back in drawer', 'attach button to shirt']",Put needle and thread back in drawer,0,0, A
5,92.3076923076923,"['Drive to fabric store', 'Find a thread', 'Place the button at right place', 'Place the thread through the needle', 'Put needle and thread back in drawer']","['MAKE SURE BUTTON IS SECURE', 'Find thread that matches']",MAKE SURE BUTTON IS SECURE,0,0, A
0,0.0,[],"['Place button where it is to be sewed', 'Drive to fabric store']",Drive to fabric store,1,0, A
1,19.230769230769237,['Drive to fabric store'],"['Cut off excess thread', 'Find similar color thread to use.']",Find similar color thread to use.,1,0, A
2,30.76923076923077,"['Drive to fabric store', 'Find similar color thread to use.']","['Tie off thread', 'Place button on item']",Place button on item,1,0, A
3,42.30769230769231,"['Drive to fabric store', 'Find similar color thread to use.', 'Place button on item']","['Put supplies away', 'Cut away old strings']",Cut away old strings,1,0, A
4,46.15384615384615,"['Drive to fabric store', 'Find similar color thread to use.', 'Place button on item', 'Cut away old strings']","['Find thread that matches button color.', 'Start to sew the button onto the fabric.']",Start to sew the button onto the fabric.,1,0, A
5,88.46153846153845,"['Drive to fabric store', 'Find similar color thread to use.', 'Place button on item', 'Cut away old strings', 'Start to sew the button onto the fabric.']","['put needle and thread away', 'take the needle and matching thread']",put needle and thread away,0,0, A
6,92.3076923076923,"['Drive to fabric store', 'Find similar color thread to use.', 'Place button on item', 'Cut away old strings', 'Start to sew the button onto the fabric.', 'put needle and thread away']","['Take a matching button', 'Check the button']",Check the button,1,0, A
0,0.0,[],"['cut thread so that need will detach', 'Drive to fabric store']",Drive to fabric store,1,0, A
1,19.230769230769237,['Drive to fabric store'],"['Get thread', 'Move needle in and out of button holes to secure to shirt.']",Get thread,0,0, A
2,23.07692307692308,"['Drive to fabric store', 'Get thread']","['Find a button.', 'Continue until button is secure']",Find a button.,0,0, A
3,38.46153846153847,"['Drive to fabric store', 'Get thread', 'Find a button.']","['Tie a knot at the end of thread', 'Tie off thread']",Tie a knot at the end of thread,0,0, A
4,42.30769230769231,"['Drive to fabric store', 'Get thread', 'Find a button.', 'Tie a knot at the end of thread']","['Repeat several times until button is secure', 'Cut thread string to how much is needed']",Cut thread string to how much is needed,1,0, A
5,46.15384615384615,"['Drive to fabric store', 'Get thread', 'Find a button.', 'Tie a knot at the end of thread', 'Cut thread string to how much is needed']","['Get out sewing kit', 'Sew the button through the button holes onto the shirt']",Sew the button through the button holes onto the shirt,1,0, A
6,76.92307692307693,"['Drive to fabric store', 'Get thread', 'Find a button.', 'Tie a knot at the end of thread', 'Cut thread string to how much is needed', 'Sew the button through the button holes onto the shirt']","['Get item that needs button sewing on', ""Repeat until it's stable""]",Repeat until it's stable,1,0, A
7,84.61538461538461,"['Drive to fabric store', 'Get thread', 'Find a button.', 'Tie a knot at the end of thread', 'Cut thread string to how much is needed', 'Sew the button through the button holes onto the shirt', ""Repeat until it's stable""]","['cut the thread', 'Hold shirt with non-dominant hand']",cut the thread,0,0, A
8,88.46153846153845,"['Drive to fabric store', 'Get thread', 'Find a button.', 'Tie a knot at the end of thread', 'Cut thread string to how much is needed', 'Sew the button through the button holes onto the shirt', ""Repeat until it's stable"", 'cut the thread']","['put the supplies away', 'Obtain needle and thread']",put the supplies away,0,0, A
9,92.3076923076923,"['Drive to fabric store', 'Get thread', 'Find a button.', 'Tie a knot at the end of thread', 'Cut thread string to how much is needed', 'Sew the button through the button holes onto the shirt', ""Repeat until it's stable"", 'cut the thread', 'put the supplies away']","['Cross over to perpendicular hole, push needle back through', 'Check the button']",Check the button,1,0, A
